9.999999e-01 3.492460e-10 0.000000e+00 2.980232e-08 2.328306e-10 1.000000e+00 8.185452e-12 4.656613e-10 4.656613e-10 9.358700e-10 1.000000e+00 0.000000e+00
9.999971e-01 -2.060359e-03 -1.171591e-03 8.588483e-01 2.060966e-03 9.999979e-01 5.159913e-04 4.447392e-02 1.170526e-03 -5.184017e-04 9.999992e-01 2.280369e-02
9.999887e-01 -4.116973e-03 -2.343677e-03 1.716585e+00 4.119389e-03 9.999911e-01 1.026421e-03 8.888815e-02 2.339431e-03 -1.036062e-03 9.999967e-01 4.557660e-02
9.999747e-01 -6.175159e-03 -3.519283e-03 2.575432e+00 6.180585e-03 9.999799e-01 1.532602e-03 1.333577e-01 3.509747e-03 -1.554312e-03 9.999926e-01 6.837782e-02
9.999551e-01 -8.229841e-03 -4.695491e-03 3.433275e+00 8.239462e-03 9.999641e-01 2.033284e-03 1.777732e-01 4.678590e-03 -2.071879e-03 9.999869e-01 9.115108e-02
9.999298e-01 -1.028581e-02 -5.875044e-03 4.292123e+00 1.030082e-02 9.999437e-01 2.529632e-03 2.222386e-01 5.848694e-03 -2.589969e-03 9.999796e-01 1.139499e-01
9.998989e-01 -1.233820e-02 -7.055119e-03 5.149937e+00 1.235976e-02 9.999191e-01 3.020462e-03 2.666481e-01 7.017282e-03 -3.107354e-03 9.999706e-01 1.367199e-01
9.998624e-01 -1.439218e-02 -8.238695e-03 6.008892e+00 1.442147e-02 9.998899e-01 3.507008e-03 3.111146e-01 8.187315e-03 -3.625340e-03 9.999599e-01 1.595191e-01
9.998204e-01 -1.644242e-02 -9.422679e-03 6.866758e+00 1.648059e-02 9.998563e-01 3.988008e-03 3.555225e-01 9.355753e-03 -4.142581e-03 9.999476e-01 1.822879e-01
9.997727e-01 -1.849356e-02 -1.060974e-02 7.725485e+00 1.854179e-02 9.998182e-01 4.464542e-03 3.999726e-01 1.052525e-02 -4.660248e-03 9.999337e-01 2.050785e-01
9.997193e-01 -2.054425e-02 -1.179910e-02 8.584505e+00 2.060366e-02 9.997756e-01 4.936284e-03 4.444357e-01 1.169503e-02 -5.177999e-03 9.999182e-01 2.278755e-01
9.996604e-01 -2.259027e-02 -1.298828e-02 9.442065e+00 2.266201e-02 9.997286e-01 5.402276e-03 4.888209e-01 1.286271e-02 -5.694780e-03 9.999010e-01 2.506326e-01
9.995958e-01 -2.463822e-02 -1.418111e-02 1.030092e+01 2.472342e-02 9.996772e-01 5.864009e-03 5.332710e-01 1.403205e-02 -6.212241e-03 9.998822e-01 2.734227e-01
9.995257e-01 -2.668480e-02 -1.537566e-02 1.115971e+01 2.678459e-02 9.996213e-01 6.320730e-03 5.777153e-01 1.520117e-02 -6.729562e-03 9.998618e-01 2.962099e-01
9.994481e-01 -2.873791e-02 -1.665892e-02 1.201772e+01 2.885612e-02 9.995598e-01 6.898980e-03 6.221846e-01 1.645333e-02 -7.375884e-03 9.998375e-01 3.190616e-01
9.993943e-01 -3.062666e-02 -1.651678e-02 1.287222e+01 3.071993e-02 9.995134e-01 5.422975e-03 6.653674e-01 1.634265e-02 -5.927084e-03 9.998489e-01 3.404383e-01
9.992815e-01 -3.281255e-02 -1.896779e-02 1.373413e+01 3.296274e-02 9.994273e-01 7.660111e-03 7.109334e-01 1.870558e-02 -8.279838e-03 9.997908e-01 3.645119e-01
9.991730e-01 -3.442883e-02 -2.162667e-02 1.460303e+01 3.461974e-02 9.993643e-01 8.515763e-03 7.580597e-01 2.131973e-02 -9.257433e-03 9.997299e-01 3.884558e-01
9.990579e-01 -3.634672e-02 -2.370943e-02 1.548250e+01 3.664242e-02 9.992545e-01 1.215876e-02 8.112305e-01 2.324982e-02 -1.301608e-02 9.996449e-01 4.139493e-01
9.990150e-01 -3.768322e-02 -2.342849e-02 1.637263e+01 3.800204e-02 9.991890e-01 1.331490e-02 8.616289e-01 2.290775e-02 -1.419212e-02 9.996368e-01 4.396615e-01
9.989905e-01 -3.930621e-02 -2.175071e-02 1.727261e+01 3.959618e-02 9.991304e-01 1.306569e-02 9.128249e-01 2.121824e-02 -1.391375e-02 9.996780e-01 4.667042e-01
9.989594e-01 -4.083540e-02 -2.031002e-02 1.817721e+01 4.110976e-02 9.990665e-01 1.327909e-02 9.611257e-01 1.974881e-02 -1.410022e-02 9.997056e-01 4.926080e-01
9.989195e-01 -4.202819e-02 -1.983384e-02 1.908846e+01 4.228679e-02 9.990235e-01 1.280399e-02 1.013480e+00 1.927634e-02 -1.362887e-02 9.997213e-01 5.167855e-01
9.988309e-01 -4.377421e-02 -2.050432e-02 2.000181e+01 4.404617e-02 9.989449e-01 1.300504e-02 1.063412e+00 1.991340e-02 -1.389298e-02 9.997053e-01 5.409440e-01
9.987593e-01 -4.484278e-02 -2.165519e-02 2.091848e+01 4.509429e-02 9.989193e-01 1.126866e-02 1.114218e+00 2.112648e-02 -1.223121e-02 9.997020e-01 5.654756e-01
9.987563e-01 -4.563945e-02 -2.006659e-02 2.184560e+01 4.586684e-02 9.988869e-01 1.102057e-02 1.164467e+00 1.954128e-02 -1.192726e-02 9.997379e-01 5.900725e-01
9.988236e-01 -4.570023e-02 -1.620665e-02 2.278006e+01 4.590847e-02 9.988648e-01 1.271810e-02 1.219166e+00 1.560703e-02 -1.344716e-02 9.997877e-01 6.174966e-01
9.989119e-01 -4.492041e-02 -1.253215e-02 2.371581e+01 4.508903e-02 9.988917e-01 1.351278e-02 1.271581e+00 1.191126e-02 -1.406314e-02 9.998301e-01 6.455824e-01
9.990034e-01 -4.352133e-02 -9.898143e-03 2.465846e+01 4.364442e-02 9.989681e-01 1.257910e-02 1.320971e+00 9.340469e-03 -1.299857e-02 9.998719e-01 6.686920e-01
9.990758e-01 -4.209424e-02 -8.682277e-03 2.560396e+01 4.220006e-02 9.990324e-01 1.238750e-02 1.370417e+00 8.152435e-03 -1.274244e-02 9.998856e-01 6.880546e-01
9.991004e-01 -4.088960e-02 -1.124259e-02 2.655176e+01 4.103094e-02 9.990779e-01 1.264370e-02 1.419326e+00 1.071523e-02 -1.309362e-02 9.998570e-01 7.060349e-01
9.990670e-01 -3.988889e-02 -1.654880e-02 2.750319e+01 4.011677e-02 9.991015e-01 1.367430e-02 1.468754e+00 1.598848e-02 -1.432543e-02 9.997696e-01 7.253901e-01
9.990529e-01 -3.863001e-02 -2.002537e-02 2.846158e+01 3.889441e-02 9.991589e-01 1.298575e-02 1.515676e+00 1.950689e-02 -1.375232e-02 9.997150e-01 7.466810e-01
9.991041e-01 -3.795700e-02 -1.871472e-02 2.943019e+01 3.815929e-02 9.992157e-01 1.057263e-02 1.560558e+00 1.829874e-02 -1.127730e-02 9.997689e-01 7.713325e-01
9.991746e-01 -3.821998e-02 -1.375891e-02 3.040625e+01 3.834389e-02 9.992254e-01 8.857102e-03 1.605985e+00 1.340974e-02 -9.377361e-03 9.998661e-01 7.952987e-01
9.991851e-01 -3.920585e-02 -9.591621e-03 3.138606e+01 3.926067e-02 9.992133e-01 5.594676e-03 1.651360e+00 9.364733e-03 -5.966692e-03 9.999384e-01 8.186262e-01
9.991406e-01 -4.030319e-02 -9.683575e-03 3.236576e+01 4.028476e-02 9.991861e-01 -2.090724e-03 1.688552e+00 9.759955e-03 1.698826e-03 9.999510e-01 8.370811e-01
9.990301e-01 -4.190963e-02 -1.350505e-02 3.334490e+01 4.184342e-02 9.991111e-01 -5.148707e-03 1.732701e+00 1.370882e-02 4.578616e-03 9.998956e-01 8.532141e-01
9.988958e-01 -4.342222e-02 -1.793711e-02 3.432876e+01 4.335115e-02 9.990506e-01 -4.332368e-03 1.785083e+00 1.810821e-02 3.549992e-03 9.998297e-01 8.740119e-01
9.987878e-01 -4.530471e-02 -1.924501e-02 3.533981e+01 4.524034e-02 9.989692e-01 -3.767120e-03 1.841448e+00 1.939584e-02 2.891906e-03 9.998077e-01 9.093485e-01
9.987771e-01 -4.638506e-02 -1.710756e-02 3.639702e+01 4.632584e-02 9.989191e-01 -3.842501e-03 1.902618e+00 1.726731e-02 3.045283e-03 9.998463e-01 9.683775e-01
9.987761e-01 -4.739747e-02 -1.413107e-02 3.743869e+01 4.739473e-02 9.988762e-01 -5.292832e-04 1.967548e+00 1.414029e-02 -1.411005e-04 9.999000e-01 1.018518e+00
9.987268e-01 -4.869605e-02 -1.316308e-02 3.848224e+01 4.869634e-02 9.988137e-01 -2.993016e-04 2.030642e+00 1.316204e-02 -3.420702e-04 9.999133e-01 1.067766e+00
9.987045e-01 -4.970289e-02 -1.090453e-02 3.951493e+01 4.971203e-02 9.987636e-01 5.681897e-04 2.092162e+00 1.086281e-02 -1.109539e-03 9.999404e-01 1.106429e+00
9.987347e-01 -4.979000e-02 -7.057413e-03 4.055050e+01 4.979243e-02 9.987597e-01 1.689130e-04 2.155029e+00 7.040248e-03 -5.201032e-04 9.999750e-01 1.145413e+00
9.987199e-01 -5.026690e-02 -5.628765e-03 4.157351e+01 5.030126e-02 9.987153e-01 6.139985e-03 2.227015e+00 5.312897e-03 -6.415258e-03 9.999653e-01 1.173675e+00
9.987256e-01 -5.018535e-02 -5.345539e-03 4.259577e+01 5.022034e-02 9.987164e-01 6.625712e-03 2.294746e+00 5.006163e-03 -6.885721e-03 9.999638e-01 1.201613e+00
9.987080e-01 -5.031545e-02 -7.116847e-03 4.360591e+01 5.036087e-02 9.987110e-01 6.352119e-03 2.358107e+00 6.788062e-03 -6.702323e-03 9.999545e-01 1.223753e+00
9.986964e-01 -5.004475e-02 -1.004369e-02 4.461090e+01 5.013233e-02 9.987051e-01 8.666100e-03 2.426944e+00 9.596992e-03 -9.158315e-03 9.999120e-01 1.250189e+00
9.986461e-01 -5.101713e-02 -1.015675e-02 4.561217e+01 5.110401e-02 9.986573e-01 8.484919e-03 2.488629e+00 9.710237e-03 -8.992482e-03 9.999125e-01 1.281198e+00
9.985923e-01 -5.235080e-02 -8.526882e-03 4.661182e+01 5.240718e-02 9.986045e-01 6.528078e-03 2.547832e+00 8.173234e-03 -6.965757e-03 9.999424e-01 1.309598e+00
9.985538e-01 -5.323138e-02 -7.531967e-03 4.760696e+01 5.328223e-02 9.985570e-01 6.718373e-03 2.612499e+00 7.163471e-03 -7.109977e-03 9.999492e-01 1.340071e+00
9.985209e-01 -5.347182e-02 -9.852930e-03 4.859294e+01 5.356538e-02 9.985193e-01 9.489312e-03 2.682432e+00 9.330928e-03 -1.000305e-02 9.999064e-01 1.368215e+00
9.984148e-01 -5.415950e-02 -1.532268e-02 4.957032e+01 5.431472e-02 9.984748e-01 9.902007e-03 2.750721e+00 1.476303e-02 -1.071856e-02 9.998335e-01 1.393702e+00
9.983770e-01 -5.461307e-02 -1.614612e-02 5.055230e+01 5.478355e-02 9.984451e-01 1.031140e-02 2.815167e+00 1.555788e-02 -1.117921e-02 9.998165e-01 1.418982e+00
9.984062e-01 -5.495120e-02 -1.286613e-02 5.153360e+01 5.508053e-02 9.984327e-01 9.923019e-03 2.877490e+00 1.230068e-02 -1.061588e-02 9.998680e-01 1.451950e+00
9.984230e-01 -5.530593e-02 -9.622834e-03 5.251070e+01 5.537635e-02 9.984396e-01 7.212004e-03 2.938542e+00 9.208951e-03 -7.733508e-03 9.999278e-01 1.479415e+00
9.984152e-01 -5.560198e-02 -8.698542e-03 5.348105e+01 5.565512e-02 9.984322e-01 5.990882e-03 3.000695e+00 8.351799e-03 -6.465503e-03 9.999442e-01 1.504980e+00
9.983981e-01 -5.578932e-02 -9.418165e-03 5.444433e+01 5.581906e-02 9.984366e-01 2.925207e-03 3.059774e+00 9.240246e-03 -3.446233e-03 9.999514e-01 1.527281e+00
9.983509e-01 -5.633963e-02 -1.101854e-02 5.540823e+01 5.633750e-02 9.984118e-01 -5.044534e-04 3.114665e+00 1.102946e-02 -1.171335e-04 9.999392e-01 1.548987e+00
9.982918e-01 -5.755803e-02 -1.002861e-02 5.636720e+01 5.754120e-02 9.983413e-01 -1.959909e-03 3.174311e+00 1.012479e-02 1.379505e-03 9.999478e-01 1.570921e+00
9.982610e-01 -5.868552e-02 -5.575889e-03 5.732991e+01 5.865923e-02 9.982667e-01 -4.767722e-03 3.232382e+00 5.846019e-03 4.432355e-03 9.999731e-01 1.590988e+00
9.982470e-01 -5.918721e-02 7.529324e-05 5.829205e+01 5.918649e-02 9.982268e-01 -6.363621e-03 3.297678e+00 3.014840e-04 6.356926e-03 9.999797e-01 1.605677e+00
9.982113e-01 -5.975137e-02 1.998995e-03 5.924384e+01 5.976041e-02 9.982012e-01 -4.814055e-03 3.368047e+00 -1.707753e-03 4.924906e-03 9.999864e-01 1.619939e+00
9.981215e-01 -6.126378e-02 -3.797752e-04 6.018486e+01 6.126218e-02 9.981161e-01 -3.331970e-03 3.433659e+00 5.831881e-04 3.302447e-03 9.999943e-01 1.635749e+00
9.979898e-01 -6.274016e-02 -8.954482e-03 6.110942e+01 6.272314e-02 9.980287e-01 -2.168937e-03 3.493989e+00 9.072911e-03 1.602925e-03 9.999576e-01 1.650828e+00
9.978542e-01 -6.380755e-02 -1.469136e-02 6.202437e+01 6.379441e-02 9.979622e-01 -1.362708e-03 3.553416e+00 1.474837e-02 4.225583e-04 9.998912e-01 1.671094e+00
9.977807e-01 -6.504171e-02 -1.426072e-02 6.293518e+01 6.510181e-02 9.978715e-01 3.791627e-03 3.624141e+00 1.398375e-02 -4.711607e-03 9.998911e-01 1.694943e+00
9.977597e-01 -6.589115e-02 -1.156790e-02 6.383413e+01 6.597550e-02 9.977962e-01 7.068070e-03 3.690103e+00 1.107669e-02 -7.815434e-03 9.999081e-01 1.724591e+00
9.976860e-01 -6.724926e-02 -1.000933e-02 6.471725e+01 6.734744e-02 9.976813e-01 9.817416e-03 3.756651e+00 9.325913e-03 -1.046880e-02 9.999017e-01 1.753237e+00
9.975932e-01 -6.847335e-02 -1.091657e-02 6.558636e+01 6.858192e-02 9.975964e-01 9.900975e-03 3.820071e+00 1.021238e-02 -1.062582e-02 9.998914e-01 1.776304e+00
9.974879e-01 -7.010471e-02 -1.015367e-02 6.644164e+01 7.021905e-02 9.974667e-01 1.137847e-02 3.886265e+00 9.330266e-03 -1.206288e-02 9.998837e-01 1.799160e+00
9.973878e-01 -7.159051e-02 -9.616799e-03 6.728493e+01 7.171001e-02 9.973445e-01 1.271529e-02 3.951924e+00 8.680967e-03 -1.337169e-02 9.998729e-01 1.823850e+00
9.972789e-01 -7.321708e-02 -8.611330e-03 6.811403e+01 7.332132e-02 9.972303e-01 1.248593e-02 4.015201e+00 7.673295e-03 -1.308335e-02 9.998850e-01 1.846874e+00
9.971770e-01 -7.467210e-02 -7.877378e-03 6.893105e+01 7.476384e-02 9.971282e-01 1.207270e-02 4.077872e+00 6.953260e-03 -1.262756e-02 9.998960e-01 1.867276e+00
9.970850e-01 -7.607566e-02 -5.843496e-03 6.973579e+01 7.615294e-02 9.969925e-01 1.439253e-02 4.144097e+00 4.731000e-03 -1.479557e-02 9.998794e-01 1.887863e+00
9.970098e-01 -7.726374e-02 -1.323634e-03 7.053015e+01 7.727505e-02 9.968775e-01 1.624860e-02 4.211167e+00 6.407220e-05 -1.630230e-02 9.998670e-01 1.906438e+00
9.968626e-01 -7.914995e-02 1.947391e-04 7.130695e+01 7.913240e-02 9.966879e-01 1.874953e-02 4.272698e+00 -1.678119e-03 -1.867529e-02 9.998242e-01 1.928386e+00
9.967341e-01 -8.068537e-02 -3.305987e-03 7.206000e+01 8.073845e-02 9.964973e-01 2.177929e-02 4.340178e+00 1.537137e-03 -2.197509e-02 9.997573e-01 1.949657e+00
9.965847e-01 -8.184736e-02 -1.094070e-02 7.279029e+01 8.207509e-02 9.963768e-01 2.230075e-02 4.403563e+00 9.075806e-03 -2.312255e-02 9.996914e-01 1.970551e+00
9.963797e-01 -8.337392e-02 -1.662216e-02 7.350293e+01 8.371657e-02 9.962661e-01 2.110944e-02 4.465581e+00 1.480011e-02 -2.242456e-02 9.996390e-01 1.987776e+00
9.963093e-01 -8.373757e-02 -1.885531e-02 7.419780e+01 8.414269e-02 9.962146e-01 2.182783e-02 4.529174e+00 1.695613e-02 -2.333381e-02 9.995838e-01 2.009599e+00
9.962997e-01 -8.451033e-02 -1.563995e-02 7.487443e+01 8.487386e-02 9.960964e-01 2.425777e-02 4.593878e+00 1.352886e-02 -2.549544e-02 9.995834e-01 2.037625e+00
9.962355e-01 -8.581120e-02 -1.228850e-02 7.553100e+01 8.610205e-02 9.959599e-01 2.550381e-02 4.653873e+00 1.005034e-02 -2.646586e-02 9.995992e-01 2.070693e+00
9.960796e-01 -8.714257e-02 -1.521617e-02 7.616195e+01 8.746959e-02 9.959167e-01 2.234053e-02 4.706164e+00 1.320722e-02 -2.358390e-02 9.996346e-01 2.096693e+00
9.959952e-01 -8.726098e-02 -1.946982e-02 7.677374e+01 8.754914e-02 9.960551e-01 1.447285e-02 4.749994e+00 1.813010e-02 -1.611946e-02 9.997056e-01 2.120300e+00
9.959426e-01 -8.649658e-02 -2.483046e-02 7.736762e+01 8.676387e-02 9.961798e-01 9.894570e-03 4.796744e+00 2.387976e-02 -1.200882e-02 9.996427e-01 2.146197e+00
9.961817e-01 -8.350778e-02 -2.546311e-02 7.794903e+01 8.382338e-02 9.964134e-01 1.158748e-02 4.849768e+00 2.440414e-02 -1.367764e-02 9.996086e-01 2.171968e+00
9.965754e-01 -7.952561e-02 -2.264904e-02 7.851870e+01 7.992280e-02 9.966526e-01 1.720494e-02 4.903920e+00 2.120499e-02 -1.895620e-02 9.995953e-01 2.199391e+00
9.969891e-01 -7.507728e-02 -1.939041e-02 7.907396e+01 7.539435e-02 9.970227e-01 1.617269e-02 4.945209e+00 1.811849e-02 -1.758592e-02 9.996812e-01 2.223299e+00
9.974390e-01 -6.992171e-02 -1.504701e-02 7.961715e+01 7.010080e-02 9.974710e-01 1.172353e-02 4.971410e+00 1.418923e-02 -1.274831e-02 9.998181e-01 2.248691e+00
9.980088e-01 -6.223201e-02 -1.027967e-02 8.014831e+01 6.231038e-02 9.980288e-01 7.486519e-03 4.996094e+00 9.793506e-03 -8.112143e-03 9.999192e-01 2.274520e+00
9.985983e-01 -5.176353e-02 -1.104294e-02 8.065980e+01 5.187817e-02 9.985996e-01 1.035897e-02 5.023594e+00 1.049126e-02 -1.091733e-02 9.998853e-01 2.294369e+00
9.992551e-01 -3.685140e-02 -1.145268e-02 8.116063e+01 3.703249e-02 9.991856e-01 1.602310e-02 5.054836e+00 1.085288e-02 -1.643530e-02 9.998061e-01 2.312883e+00
9.997620e-01 -1.900666e-02 -1.070807e-02 8.164823e+01 1.923111e-02 9.995889e-01 2.126320e-02 5.073809e+00 1.029953e-02 -2.146407e-02 9.997166e-01 2.330340e+00
9.999482e-01 2.542605e-03 -9.852738e-03 8.212257e+01 -2.345480e-03 9.997979e-01 1.996734e-02 5.067845e+00 9.901518e-03 -1.994320e-02 9.997522e-01 2.345080e+00
9.995754e-01 2.786735e-02 -8.510331e-03 8.258190e+01 -2.772525e-02 9.994813e-01 1.638329e-02 5.045694e+00 8.962477e-03 -1.614039e-02 9.998295e-01 2.361642e+00
9.983646e-01 5.679235e-02 -6.541701e-03 8.303514e+01 -5.668852e-02 9.982780e-01 1.509266e-02 5.010358e+00 7.387582e-03 -1.469714e-02 9.998647e-01 2.377581e+00
9.960019e-01 8.921745e-02 -4.537390e-03 8.348232e+01 -8.914199e-02 9.959097e-01 1.475637e-02 4.962276e+00 5.835355e-03 -1.429290e-02 9.998809e-01 2.392484e+00
9.920914e-01 1.254770e-01 -3.192683e-03 8.391460e+01 -1.254179e-01 9.919960e-01 1.465182e-02 4.897381e+00 5.005596e-03 -1.413552e-02 9.998876e-01 2.405519e+00
9.860828e-01 1.662340e-01 -2.618299e-03 8.434483e+01 -1.661778e-01 9.859838e-01 1.487019e-02 4.815168e+00 5.053532e-03 -1.422813e-02 9.998860e-01 2.416206e+00
9.776042e-01 2.104431e-01 -1.955005e-03 8.476312e+01 -2.103928e-01 9.775071e-01 1.465834e-02 4.711628e+00 4.995780e-03 -1.391874e-02 9.998907e-01 2.428782e+00
9.661871e-01 2.578318e-01 -2.312771e-03 8.515650e+01 -2.577586e-01 9.660638e-01 1.677063e-02 4.590315e+00 6.558286e-03 -1.560743e-02 9.998567e-01 2.444113e+00
9.508399e-01 3.096584e-01 -3.897708e-03 8.554507e+01 -3.095466e-01 9.507195e-01 1.769917e-02 4.445001e+00 9.186329e-03 -1.562256e-02 9.998357e-01 2.458133e+00
9.314588e-01 3.638142e-01 -4.851864e-03 8.590348e+01 -3.636804e-01 9.313536e-01 1.781370e-02 4.279374e+00 1.099968e-02 -1.482820e-02 9.998295e-01 2.468462e+00
9.076905e-01 4.196047e-01 -5.447009e-03 8.625760e+01 -4.194487e-01 9.075922e-01 1.842017e-02 4.090938e+00 1.267286e-02 -1.443507e-02 9.998155e-01 2.475609e+00
8.794456e-01 4.759540e-01 -6.574594e-03 8.659272e+01 -4.757735e-01 8.793699e-01 1.866046e-02 3.882710e+00 1.466302e-02 -1.328284e-02 9.998043e-01 2.482521e+00
8.469429e-01 5.316117e-01 -8.761948e-03 8.688950e+01 -5.314313e-01 8.469335e-01 1.687433e-02 3.652885e+00 1.639138e-02 -9.635216e-03 9.998192e-01 2.490701e+00
8.110586e-01 5.848931e-01 -9.163005e-03 8.718479e+01 -5.847189e-01 8.110722e-01 1.630019e-02 3.406486e+00 1.696574e-02 -7.862628e-03 9.998252e-01 2.503760e+00
7.721937e-01 6.353366e-01 -8.022808e-03 8.744711e+01 -6.352012e-01 7.722116e-01 1.444972e-02 3.144759e+00 1.537576e-02 -6.061886e-03 9.998634e-01 2.515664e+00
7.306286e-01 6.827596e-01 -4.594063e-03 8.770995e+01 -6.826572e-01 7.306110e-01 1.366928e-02 2.862208e+00 1.268931e-02 -6.850985e-03 9.998960e-01 2.523774e+00
6.868466e-01 7.267922e-01 -3.834266e-03 8.795039e+01 -7.267111e-01 6.868345e-01 1.223495e-02 2.566439e+00 1.152577e-02 -5.617124e-03 9.999179e-01 2.530087e+00
6.414408e-01 7.671471e-01 -6.244395e-03 8.815302e+01 -7.670751e-01 6.414678e-01 1.071894e-02 2.253634e+00 1.222859e-02 -2.085638e-03 9.999231e-01 2.534719e+00
5.958946e-01 8.029857e-01 -1.111152e-02 8.834731e+01 -8.029643e-01 5.959814e-01 7.406328e-03 1.929774e+00 1.256943e-02 4.508755e-03 9.999109e-01 2.541163e+00
5.504358e-01 8.348171e-01 -1.004547e-02 8.851767e+01 -8.347800e-01 5.505157e-01 8.660787e-03 1.603305e+00 1.276037e-02 3.618554e-03 9.999120e-01 2.550412e+00
5.043481e-01 8.634806e-01 -5.862721e-03 8.869147e+01 -8.634058e-01 5.043817e-01 1.138690e-02 1.267001e+00 1.278942e-02 -6.810490e-04 9.999180e-01 2.557429e+00
4.601448e-01 8.878293e-01 -5.089234e-03 8.884533e+01 -8.877366e-01 4.601707e-01 1.291912e-02 9.201835e-01 1.381190e-02 -1.426765e-03 9.999036e-01 2.563930e+00
4.185991e-01 9.081100e-01 -1.054390e-02 8.896461e+01 -9.080588e-01 4.187018e-01 1.087384e-02 5.653125e-01 1.428941e-02 5.022703e-03 9.998853e-01 2.568434e+00
3.802430e-01 9.245898e-01 -2.342876e-02 8.906785e+01 -9.248191e-01 3.803994e-01 2.452058e-03 1.925562e-01 1.117943e-02 2.073499e-02 9.997224e-01 2.570102e+00
3.457742e-01 9.379153e-01 -2.748090e-02 8.916896e+01 -9.382824e-01 3.458672e-01 -1.445474e-03 -1.783892e-01 8.149018e-03 2.628466e-02 9.996213e-01 2.573658e+00
3.134369e-01 9.492453e-01 -2.627979e-02 8.927193e+01 -9.495579e-01 3.135873e-01 1.705328e-03 -5.490359e-01 9.859787e-03 2.441968e-02 9.996532e-01 2.579719e+00
2.829182e-01 9.590074e-01 -1.618832e-02 8.938422e+01 -9.590496e-01 2.830868e-01 9.251303e-03 -9.203113e-01 1.345478e-02 1.290805e-02 9.998261e-01 2.593142e+00
2.547619e-01 9.669415e-01 -1.098824e-02 8.947900e+01 -9.668725e-01 2.548982e-01 1.358411e-02 -1.301511e+00 1.593593e-02 7.163520e-03 9.998474e-01 2.609470e+00
2.294667e-01 9.732413e-01 -1.209736e-02 8.955333e+01 -9.731562e-01 2.296368e-01 1.529617e-02 -1.697970e+00 1.766487e-02 8.262658e-03 9.998098e-01 2.621377e+00
2.061450e-01 9.783491e-01 -1.836414e-02 8.961233e+01 -9.783317e-01 2.064382e-01 1.582050e-02 -2.104327e+00 1.926903e-02 1.470491e-02 9.997062e-01 2.629348e+00
1.859787e-01 9.821582e-01 -2.788053e-02 8.966016e+01 -9.821973e-01 1.866006e-01 2.164820e-02 -2.524746e+00 2.646449e-02 2.335809e-02 9.993769e-01 2.621272e+00
1.662928e-01 9.855850e-01 -3.112922e-02 8.971259e+01 -9.854803e-01 1.672070e-01 2.950446e-02 -2.950240e+00 3.428417e-02 2.577087e-02 9.990798e-01 2.615836e+00
1.487839e-01 9.884672e-01 -2.821336e-02 8.977116e+01 -9.882653e-01 1.496298e-01 3.070156e-02 -3.396506e+00 3.456906e-02 2.331438e-02 9.991303e-01 2.625692e+00
1.336204e-01 9.907345e-01 -2.430964e-02 8.982417e+01 -9.906176e-01 1.342340e-01 2.565160e-02 -3.861789e+00 2.867712e-02 2.065399e-02 9.993753e-01 2.646296e+00
1.191168e-01 9.925996e-01 -2.360116e-02 8.986380e+01 -9.925775e-01 1.196338e-01 2.186082e-02 -4.335363e+00 2.452256e-02 2.082200e-02 9.994825e-01 2.666024e+00
1.057373e-01 9.940689e-01 -2.542607e-02 8.989471e+01 -9.941493e-01 1.062442e-01 1.948303e-02 -4.821963e+00 2.206885e-02 2.321723e-02 9.994869e-01 2.682343e+00
9.383944e-02 9.951652e-01 -2.899154e-02 8.991749e+01 -9.953660e-01 9.439293e-02 1.834884e-02 -5.319435e+00 2.099673e-02 2.713536e-02 9.994113e-01 2.694504e+00
8.342507e-02 9.959946e-01 -3.216985e-02 8.993758e+01 -9.962819e-01 8.405907e-02 1.888422e-02 -5.833814e+00 2.151276e-02 3.047483e-02 9.993041e-01 2.707201e+00
7.493882e-02 9.965997e-01 -3.425295e-02 8.995663e+01 -9.969460e-01 7.563332e-02 1.944938e-02 -6.363800e+00 2.197392e-02 3.269085e-02 9.992239e-01 2.720725e+00
6.888311e-02 9.969778e-01 -3.592056e-02 8.997410e+01 -9.973807e-01 6.961808e-02 1.962722e-02 -6.909577e+00 2.206863e-02 3.447450e-02 9.991619e-01 2.733228e+00
6.301700e-02 9.973131e-01 -3.735467e-02 8.999180e+01 -9.977461e-01 6.382094e-02 2.073357e-02 -7.473244e+00 2.306189e-02 3.596392e-02 9.990870e-01 2.743458e+00
5.668402e-02 9.976813e-01 -3.766753e-02 9.000922e+01 -9.981092e-01 5.752590e-02 2.165452e-02 -8.057073e+00 2.377117e-02 3.636885e-02 9.990557e-01 2.752757e+00
5.196923e-02 9.978478e-01 -3.998871e-02 9.002342e+01 -9.983685e-01 5.286165e-02 2.159210e-02 -8.660108e+00 2.365950e-02 3.880134e-02 9.989668e-01 2.764755e+00
4.848433e-02 9.979572e-01 -4.160057e-02 9.002962e+01 -9.985503e-01 4.940407e-02 2.137268e-02 -9.279519e+00 2.338426e-02 4.050403e-02 9.989058e-01 2.775914e+00
4.500715e-02 9.980785e-01 -4.258623e-02 9.003842e+01 -9.987245e-01 4.593100e-02 2.096920e-02 -9.919197e+00 2.288494e-02 4.158815e-02 9.988728e-01 2.788891e+00
4.180910e-02 9.981559e-01 -4.400901e-02 9.004116e+01 -9.988796e-01 4.273595e-02 2.033416e-02 -1.057413e+01 2.217743e-02 4.310955e-02 9.988242e-01 2.801203e+00
4.045699e-02 9.979973e-01 -4.862640e-02 9.004203e+01 -9.989403e-01 4.146842e-02 1.997390e-02 -1.124806e+01 2.195036e-02 4.776679e-02 9.986173e-01 2.813403e+00
4.055778e-02 9.977915e-01 -5.260304e-02 9.003925e+01 -9.989401e-01 4.163874e-02 1.961860e-02 -1.193444e+01 2.176560e-02 5.175162e-02 9.984228e-01 2.824380e+00
4.234045e-02 9.976157e-01 -5.449893e-02 9.004443e+01 -9.988657e-01 4.345695e-02 1.946672e-02 -1.264188e+01 2.178867e-02 5.361289e-02 9.983241e-01 2.836831e+00
4.547500e-02 9.973371e-01 -5.701663e-02 9.005337e+01 -9.987159e-01 4.666553e-02 1.972504e-02 -1.336516e+01 2.233323e-02 5.604643e-02 9.981784e-01 2.850494e+00
4.919139e-02 9.971102e-01 -5.789148e-02 9.006454e+01 -9.985367e-01 5.039992e-02 1.960326e-02 -1.410432e+01 2.246435e-02 5.684247e-02 9.981304e-01 2.864923e+00
5.304396e-02 9.968286e-01 -5.932181e-02 9.008582e+01 -9.983734e-01 5.418236e-02 1.774815e-02 -1.486337e+01 2.090606e-02 5.828388e-02 9.980811e-01 2.884452e+00
5.698882e-02 9.966142e-01 -5.926553e-02 9.011219e+01 -9.981814e-01 5.804583e-02 1.626765e-02 -1.563484e+01 1.965269e-02 5.823069e-02 9.981097e-01 2.904573e+00
6.113342e-02 9.965309e-01 -5.647166e-02 9.014785e+01 -9.979748e-01 6.202266e-02 1.412893e-02 -1.642216e+01 1.758245e-02 5.549356e-02 9.983042e-01 2.923141e+00
6.517950e-02 9.963308e-01 -5.546595e-02 9.018549e+01 -9.977344e-01 6.599818e-02 1.305646e-02 -1.721672e+01 1.666921e-02 5.448927e-02 9.983752e-01 2.940668e+00
6.915497e-02 9.961920e-01 -5.309373e-02 9.022887e+01 -9.974512e-01 6.998370e-02 1.390929e-02 -1.801878e+01 1.757204e-02 5.199651e-02 9.984927e-01 2.960355e+00
7.233667e-02 9.960583e-01 -5.133521e-02 9.027602e+01 -9.971592e-01 7.330824e-02 1.730005e-02 -1.882236e+01 2.099516e-02 4.993796e-02 9.985317e-01 2.982965e+00
7.338695e-02 9.962326e-01 -4.620488e-02 9.032929e+01 -9.969403e-01 7.453196e-02 2.356385e-02 -1.963051e+01 2.691882e-02 4.433423e-02 9.986541e-01 3.005751e+00
7.293209e-02 9.963750e-01 -4.379317e-02 9.037771e+01 -9.968926e-01 7.413997e-02 2.661911e-02 -2.044435e+01 2.976946e-02 4.171571e-02 9.986859e-01 3.028708e+00
7.303763e-02 9.964709e-01 -4.136649e-02 9.042622e+01 -9.968877e-01 7.417652e-02 2.669836e-02 -2.126226e+01 2.967257e-02 3.928777e-02 9.987873e-01 3.060628e+00
7.302065e-02 9.965928e-01 -3.835114e-02 9.047549e+01 -9.969698e-01 7.397428e-02 2.406313e-02 -2.208071e+01 2.681814e-02 3.647784e-02 9.989746e-01 3.096117e+00
7.287072e-02 9.965710e-01 -3.919398e-02 9.051920e+01 -9.969955e-01 7.382415e-02 2.345350e-02 -2.289809e+01 2.626654e-02 3.736717e-02 9.989564e-01 3.128587e+00
7.310332e-02 9.966444e-01 -3.682346e-02 9.056409e+01 -9.970114e-01 7.395557e-02 2.233820e-02 -2.371570e+01 2.498654e-02 3.508042e-02 9.990721e-01 3.162063e+00
7.278389e-02 9.967293e-01 -3.511785e-02 9.060667e+01 -9.970374e-01 7.359470e-02 2.237424e-02 -2.453121e+01 2.488556e-02 3.338532e-02 9.991328e-01 3.198427e+00
7.285429e-02 9.968082e-01 -3.264206e-02 9.065327e+01 -9.970152e-01 7.362988e-02 2.322242e-02 -2.534330e+01 2.555174e-02 3.085278e-02 9.991973e-01 3.231027e+00
7.152048e-02 9.969971e-01 -2.969047e-02 9.069921e+01 -9.970860e-01 7.225560e-02 2.447107e-02 -2.615399e+01 2.654290e-02 2.785377e-02 9.992596e-01 3.262990e+00
6.880420e-02 9.972718e-01 -2.674108e-02 9.074538e+01 -9.972828e-01 6.946289e-02 2.453623e-02 -2.696560e+01 2.632680e-02 2.498024e-02 9.993413e-01 3.295597e+00
6.493349e-02 9.976031e-01 -2.390849e-02 9.078704e+01 -9.975838e-01 6.548811e-02 2.319483e-02 -2.777581e+01 2.470496e-02 2.234462e-02 9.994451e-01 3.328593e+00
6.006342e-02 9.979625e-01 -2.152585e-02 9.082574e+01 -9.979541e-01 6.050839e-02 2.065279e-02 -2.858814e+01 2.191321e-02 2.024134e-02 9.995549e-01 3.362832e+00
5.384292e-02 9.983661e-01 -1.913076e-02 9.085738e+01 -9.983641e-01 5.419220e-02 1.823387e-02 -2.940020e+01 1.924082e-02 1.811771e-02 9.996507e-01 3.395333e+00
4.631765e-02 9.987572e-01 -1.840517e-02 9.087956e+01 -9.987462e-01 4.665188e-02 1.816515e-02 -3.020730e+01 1.900121e-02 1.754074e-02 9.996656e-01 3.425495e+00
3.747260e-02 9.991412e-01 -1.768440e-02 9.089500e+01 -9.991019e-01 3.780973e-02 1.913084e-02 -3.100914e+01 1.978306e-02 1.695165e-02 9.996607e-01 3.453235e+00
2.734934e-02 9.994636e-01 -1.801538e-02 9.089858e+01 -9.994194e-01 2.770566e-02 1.983563e-02 -3.181048e+01 2.032412e-02 1.746244e-02 9.996409e-01 3.480175e+00
1.709143e-02 9.996758e-01 -1.887171e-02 9.089491e+01 -9.996697e-01 1.744755e-02 1.887029e-02 -3.260820e+01 1.919344e-02 1.854296e-02 9.996439e-01 3.508448e+00
6.320328e-03 9.998254e-01 -1.758392e-02 9.088554e+01 -9.998287e-01 6.624424e-03 1.728992e-02 -3.340053e+01 1.740340e-02 1.747164e-02 9.996959e-01 3.536876e+00
-4.871363e-03 9.998131e-01 -1.870439e-02 9.086381e+01 -9.998531e-01 -4.562424e-03 1.652444e-02 -3.419238e+01 1.643603e-02 1.878215e-02 9.996885e-01 3.560584e+00
-1.602260e-02 9.996939e-01 -1.884928e-02 9.083347e+01 -9.997412e-01 -1.571312e-02 1.645351e-02 -3.497877e+01 1.615230e-02 1.910804e-02 9.996870e-01 3.584208e+00
-2.715661e-02 9.994548e-01 -1.877856e-02 9.079634e+01 -9.994952e-01 -2.683827e-02 1.700201e-02 -3.575777e+01 1.648877e-02 1.923080e-02 9.996791e-01 3.608405e+00
-3.794845e-02 9.991136e-01 -1.821944e-02 9.075123e+01 -9.991293e-01 -3.762004e-02 1.804209e-02 -3.653247e+01 1.734069e-02 1.888825e-02 9.996712e-01 3.631544e+00
-4.832343e-02 9.986558e-01 -1.874817e-02 9.069761e+01 -9.986685e-01 -4.796749e-02 1.899198e-02 -3.729990e+01 1.806716e-02 1.964097e-02 9.996439e-01 3.653943e+00
-5.795583e-02 9.981312e-01 -1.936868e-02 9.063643e+01 -9.981474e-01 -5.757504e-02 1.967219e-02 -3.805891e+01 1.852028e-02 2.047292e-02 9.996188e-01 3.676992e+00
-6.762745e-02 9.975144e-01 -1.978625e-02 9.056646e+01 -9.975364e-01 -6.723165e-02 2.002893e-02 -3.881013e+01 1.864890e-02 2.109202e-02 9.996036e-01 3.701297e+00
-7.718552e-02 9.968132e-01 -2.015041e-02 9.049307e+01 -9.968461e-01 -7.678256e-02 2.006068e-02 -3.955362e+01 1.844956e-02 2.163526e-02 9.995956e-01 3.723966e+00
-8.585476e-02 9.960773e-01 -2.142309e-02 9.041015e+01 -9.961476e-01 -8.543564e-02 1.976836e-02 -4.028909e+01 1.786054e-02 2.303778e-02 9.995751e-01 3.747673e+00
-9.325261e-02 9.953769e-01 -2.299411e-02 9.032246e+01 -9.955109e-01 -9.283966e-02 1.841852e-02 -4.101646e+01 1.619861e-02 2.460847e-02 9.995660e-01 3.771155e+00
-9.862886e-02 9.947878e-01 -2.587695e-02 9.023031e+01 -9.950215e-01 -9.821153e-02 1.693467e-02 -4.173431e+01 1.430500e-02 2.741838e-02 9.995217e-01 3.796177e+00
-1.025669e-01 9.943014e-01 -2.906537e-02 9.013603e+01 -9.946526e-01 -1.021601e-01 1.515179e-02 -4.244618e+01 1.209613e-02 3.046403e-02 9.994627e-01 3.816633e+00
-1.054169e-01 9.939479e-01 -3.090265e-02 9.004357e+01 -9.943719e-01 -1.050296e-01 1.390433e-02 -4.314618e+01 1.057449e-02 3.219450e-02 9.994258e-01 3.835552e+00
-1.072308e-01 9.937369e-01 -3.144036e-02 8.995345e+01 -9.941866e-01 -1.068627e-01 1.316995e-02 -4.383114e+01 9.727672e-03 3.266982e-02 9.994189e-01 3.854012e+00
-1.082336e-01 9.936155e-01 -3.184077e-02 8.986471e+01 -9.940776e-01 -1.078584e-01 1.328002e-02 -4.450287e+01 9.760948e-03 3.308955e-02 9.994048e-01 3.871319e+00
-1.075435e-01 9.936604e-01 -3.276389e-02 8.977707e+01 -9.941408e-01 -1.071179e-01 1.448426e-02 -4.515656e+01 1.088283e-02 3.412963e-02 9.993582e-01 3.888046e+00
-1.049078e-01 9.939064e-01 -3.382982e-02 8.969342e+01 -9.944080e-01 -1.044243e-01 1.576367e-02 -4.579420e+01 1.213497e-02 3.529438e-02 9.993032e-01 3.904654e+00
-1.000075e-01 9.944097e-01 -3.388007e-02 8.961871e+01 -9.949003e-01 -9.949186e-02 1.658266e-02 -4.641377e+01 1.311918e-02 3.536569e-02 9.992884e-01 3.921721e+00
-9.259735e-02 9.951479e-01 -3.326161e-02 8.955332e+01 -9.956055e-01 -9.206722e-02 1.713478e-02 -4.701488e+01 1.398935e-02 3.470207e-02 9.992998e-01 3.939335e+00
-8.169120e-02 9.961302e-01 -3.242081e-02 8.949757e+01 -9.965487e-01 -8.115774e-02 1.744457e-02 -4.759690e+01 1.474588e-02 3.373400e-02 9.993221e-01 3.958139e+00
-6.821252e-02 9.971507e-01 -3.220752e-02 8.945176e+01 -9.975518e-01 -6.767018e-02 1.764076e-02 -4.815907e+01 1.541101e-02 3.333201e-02 9.993256e-01 3.977354e+00
-5.177546e-02 9.981697e-01 -3.124999e-02 8.941965e+01 -9.985085e-01 -5.119938e-02 1.896209e-02 -4.870137e+01 1.732741e-02 3.218516e-02 9.993317e-01 3.995588e+00
-3.115401e-02 9.990582e-01 -3.020021e-02 8.940622e+01 -9.992976e-01 -3.050355e-02 2.176569e-02 -4.923600e+01 2.082397e-02 3.085709e-02 9.993068e-01 4.018438e+00
-7.230612e-03 9.995589e-01 -2.880221e-02 8.940660e+01 -9.996665e-01 -6.511327e-03 2.498933e-02 -4.976303e+01 2.479078e-02 2.897330e-02 9.992726e-01 4.041373e+00
2.037017e-02 9.994107e-01 -2.762175e-02 8.941492e+01 -9.994144e-01 2.111450e-02 2.692857e-02 -5.028601e+01 2.749594e-02 2.705705e-02 9.992556e-01 4.062637e+00
5.306630e-02 9.982318e-01 -2.678141e-02 8.944641e+01 -9.981898e-01 5.378606e-02 2.691086e-02 -5.080925e+01 2.830375e-02 2.530489e-02 9.992791e-01 4.085096e+00
9.052076e-02 9.955397e-01 -2.658541e-02 8.949744e+01 -9.955259e-01 9.118135e-02 2.478385e-02 -5.132782e+01 2.709740e-02 2.422302e-02 9.993393e-01 4.108342e+00
1.318631e-01 9.909421e-01 -2.541702e-02 8.956268e+01 -9.909583e-01 1.324193e-01 2.160268e-02 -5.183679e+01 2.477272e-02 2.233862e-02 9.994435e-01 4.133355e+00
1.763081e-01 9.840662e-01 -2.300205e-02 8.966262e+01 -9.841103e-01 1.767191e-01 1.724486e-02 -5.233984e+01 2.103500e-02 1.959614e-02 9.995866e-01 4.158177e+00
2.239638e-01 9.744098e-01 -1.911886e-02 8.978802e+01 -9.744280e-01 2.242477e-01 1.425868e-02 -5.283931e+01 1.818117e-02 1.543652e-02 9.997155e-01 4.183789e+00
2.743353e-01 9.615041e-01 -1.581598e-02 8.992839e+01 -9.614855e-01 2.745449e-01 1.306387e-02 -5.331472e+01 1.690316e-02 1.162297e-02 9.997895e-01 4.209901e+00
3.280846e-01 9.445227e-01 -1.540464e-02 9.010461e+01 -9.444866e-01 3.282866e-01 1.315722e-02 -5.377956e+01 1.748443e-02 1.023280e-02 9.997947e-01 4.230407e+00
3.850464e-01 9.226952e-01 -1.931672e-02 9.030350e+01 -9.226738e-01 3.853294e-01 1.394141e-02 -5.422918e+01 2.030697e-02 1.245494e-02 9.997162e-01 4.251472e+00
4.437132e-01 8.958742e-01 -2.297794e-02 9.050734e+01 -8.958019e-01 4.441194e-01 1.723189e-02 -5.464558e+01 2.564256e-02 1.293766e-02 9.995875e-01 4.271679e+00
5.022497e-01 8.642564e-01 -2.839111e-02 9.075908e+01 -8.641172e-01 5.028559e-01 2.091749e-02 -5.505059e+01 3.235472e-02 1.402746e-02 9.993781e-01 4.293593e+00
5.595635e-01 8.282770e-01 -2.908602e-02 9.101985e+01 -8.279451e-01 5.602323e-01 2.542824e-02 -5.542104e+01 3.735657e-02 9.852928e-03 9.992535e-01 4.312433e+00
6.146485e-01 7.882481e-01 -2.953333e-02 9.133031e+01 -7.877367e-01 6.153330e-01 2.891405e-02 -5.577916e+01 4.096429e-02 5.492523e-03 9.991456e-01 4.333914e+00
6.670854e-01 7.443049e-01 -3.173874e-02 9.166120e+01 -7.437041e-01 6.678308e-01 3.010594e-02 -5.611688e+01 4.360412e-02 3.520990e-03 9.990427e-01 4.356581e+00
7.159883e-01 6.973171e-01 -3.331261e-02 9.199004e+01 -6.967365e-01 7.167576e-01 2.858191e-02 -5.642337e+01 4.380773e-02 2.745809e-03 9.990363e-01 4.381816e+00
7.613834e-01 6.475826e-01 -3.052900e-02 9.236443e+01 -6.471003e-01 7.619950e-01 2.500178e-02 -5.671482e+01 3.945367e-02 7.193878e-04 9.992213e-01 4.409592e+00
8.032808e-01 5.950307e-01 -2.604843e-02 9.275919e+01 -5.946841e-01 8.037027e-01 2.032439e-02 -5.697892e+01 3.302883e-02 -8.356030e-04 9.994540e-01 4.438539e+00
8.404607e-01 5.414467e-01 -2.148078e-02 9.315302e+01 -5.411707e-01 8.407292e-01 1.757219e-02 -5.720511e+01 2.757394e-02 -3.143969e-03 9.996148e-01 4.464970e+00
8.723235e-01 4.886635e-01 -1.611757e-02 9.358169e+01 -4.884739e-01 8.724598e-01 1.439823e-02 -5.741853e+01 2.109782e-02 -4.686900e-03 9.997665e-01 4.487708e+00
8.985576e-01 4.387296e-01 -1.051879e-02 9.402355e+01 -4.385701e-01 8.985795e-01 1.453818e-02 -5.760593e+01 1.583030e-02 -8.450170e-03 9.998389e-01 4.511696e+00
9.196606e-01 3.926483e-01 -7.191318e-03 9.446318e+01 -3.925031e-01 9.196124e-01 1.595349e-02 -5.776652e+01 1.287734e-02 -1.184918e-02 9.998469e-01 4.530279e+00
9.356177e-01 3.530065e-01 -2.445427e-03 9.493150e+01 -3.528731e-01 9.354155e-01 2.187271e-02 -5.790823e+01 1.000870e-02 -1.960157e-02 9.997578e-01 4.542437e+00
9.481183e-01 3.179006e-01 -3.282475e-03 9.539222e+01 -3.177102e-01 9.478224e-01 2.632829e-02 -5.803526e+01 1.148099e-02 -2.391946e-02 9.996479e-01 4.548447e+00
9.578967e-01 2.870847e-01 -4.030081e-03 9.586660e+01 -2.868596e-01 9.575467e-01 2.856506e-02 -5.816084e+01 1.205959e-02 -2.620630e-02 9.995837e-01 4.554219e+00
9.643475e-01 2.645613e-01 -6.413603e-03 9.634130e+01 -2.643577e-01 9.641566e-01 2.274335e-02 -5.829019e+01 1.220073e-02 -2.023700e-02 9.997208e-01 4.563616e+00
9.685785e-01 2.486151e-01 -6.791856e-03 9.682188e+01 -2.484440e-01 9.684477e-01 1.961675e-02 -5.841180e+01 1.145458e-02 -1.731296e-02 9.997845e-01 4.577987e+00
9.717034e-01 2.361163e-01 -6.445317e-03 9.731665e+01 -2.359077e-01 9.714890e-01 2.359568e-02 -5.852262e+01 1.183288e-02 -2.140751e-02 9.997008e-01 4.586228e+00
9.740108e-01 2.264454e-01 -5.042094e-03 9.782349e+01 -2.262104e-01 9.736462e-01 2.901870e-02 -5.863006e+01 1.148037e-02 -2.712396e-02 9.995661e-01 4.588280e+00
9.753506e-01 2.206064e-01 -4.910262e-03 9.833830e+01 -2.202922e-01 9.747649e-01 3.611719e-02 -5.873505e+01 1.275404e-02 -3.414524e-02 9.993355e-01 4.597802e+00
9.759589e-01 2.178247e-01 -7.516936e-03 9.886266e+01 -2.173217e-01 9.751728e-01 4.253552e-02 -5.884393e+01 1.659560e-02 -3.987933e-02 9.990667e-01 4.611629e+00
9.761007e-01 2.171239e-01 -9.195356e-03 9.939497e+01 -2.165252e-01 9.752787e-01 4.414248e-02 -5.896249e+01 1.855242e-02 -4.109648e-02 9.989830e-01 4.630387e+00
9.755371e-01 2.194884e-01 -1.233088e-02 9.993636e+01 -2.187778e-01 9.748127e-01 4.331871e-02 -5.908932e+01 2.152826e-02 -3.956129e-02 9.989852e-01 4.647218e+00
9.744612e-01 2.236804e-01 -1.981059e-02 1.004841e+02 -2.227291e-01 9.739953e-01 4.153403e-02 -5.922343e+01 2.858576e-02 -3.606090e-02 9.989407e-01 4.659641e+00
9.733739e-01 2.278567e-01 -2.498441e-02 1.010441e+02 -2.267229e-01 9.730766e-01 4.145806e-02 -5.935854e+01 3.375825e-02 -3.468968e-02 9.988279e-01 4.673857e+00
9.723742e-01 2.323110e-01 -2.280365e-02 1.016265e+02 -2.310962e-01 9.718303e-01 4.626559e-02 -5.949145e+01 3.290929e-02 -3.971763e-02 9.986689e-01 4.695457e+00
9.711351e-01 2.378629e-01 -1.782829e-02 1.022200e+02 -2.367433e-01 9.702957e-01 4.979148e-02 -5.962716e+01 2.914225e-02 -4.413353e-02 9.986005e-01 4.719635e+00
9.700510e-01 2.425134e-01 -1.372801e-02 1.028235e+02 -2.416478e-01 9.692364e-01 4.676791e-02 -5.978273e+01 2.464753e-02 -4.204991e-02 9.988115e-01 4.744293e+00
9.692150e-01 2.460627e-01 -8.689700e-03 1.034356e+02 -2.454970e-01 9.684775e-01 4.222196e-02 -5.994645e+01 1.880503e-02 -3.878887e-02 9.990704e-01 4.768094e+00
9.683895e-01 2.494048e-01 -4.359388e-03 1.040606e+02 -2.490452e-01 9.676844e-01 3.954293e-02 -6.011254e+01 1.408071e-02 -3.720728e-02 9.992085e-01 4.789775e+00
9.676052e-01 2.524298e-01 -4.393041e-03 1.046907e+02 -2.521272e-01 9.670563e-01 3.513213e-02 -6.028286e+01 1.311672e-02 -3.288642e-02 9.993731e-01 4.806308e+00
9.674345e-01 2.529932e-01 -8.054039e-03 1.053282e+02 -2.526302e-01 9.670496e-01 3.151616e-02 -6.045919e+01 1.576203e-02 -2.845513e-02 9.994708e-01 4.822963e+00
9.674371e-01 2.526885e-01 -1.462035e-02 1.059706e+02 -2.521606e-01 9.671963e-01 3.076364e-02 -6.063241e+01 2.191437e-02 -2.607522e-02 9.994198e-01 4.840177e+00
9.674573e-01 2.520493e-01 -2.230487e-02 1.066268e+02 -2.512769e-01 9.673693e-01 3.250707e-02 -6.080291e+01 2.977043e-02 -2.584451e-02 9.992226e-01 4.857867e+00
9.679210e-01 2.498910e-01 -2.614046e-02 1.072976e+02 -2.488934e-01 9.678514e-01 3.627246e-02 -6.097422e+01 3.436424e-02 -2.860268e-02 9.990000e-01 4.877124e+00
9.686674e-01 2.473733e-01 -2.212932e-02 1.079885e+02 -2.465379e-01 9.685086e-01 3.478920e-02 -6.115256e+01 3.003835e-02 -2.824345e-02 9.991497e-01 4.900263e+00
9.692369e-01 2.456264e-01 -1.573802e-02 1.086946e+02 -2.450850e-01 9.690326e-01 3.015560e-02 -6.133704e+01 2.265766e-02 -2.537076e-02 9.994212e-01 4.928993e+00
9.699736e-01 2.430590e-01 -8.584803e-03 1.094118e+02 -2.427014e-01 9.696226e-01 3.046461e-02 -6.151723e+01 1.572872e-02 -2.746632e-02 9.994990e-01 4.958586e+00
9.704246e-01 2.412537e-01 -8.532073e-03 1.101339e+02 -2.408460e-01 9.699773e-01 3.372054e-02 -6.169164e+01 1.641112e-02 -3.066833e-02 9.993949e-01 4.981461e+00
9.708160e-01 2.395326e-01 -1.184912e-02 1.108627e+02 -2.389019e-01 9.702279e-01 3.979611e-02 -6.186204e+01 2.102882e-02 -3.580392e-02 9.991375e-01 5.001092e+00
9.716216e-01 2.359069e-01 -1.730260e-02 1.116015e+02 -2.350599e-01 9.711246e-01 4.078916e-02 -6.204266e+01 2.642543e-02 -3.556449e-02 9.990180e-01 5.020017e+00
9.725212e-01 2.318849e-01 -2.078172e-02 1.123530e+02 -2.309407e-01 9.721456e-01 3.999421e-02 -6.222466e+01 2.947692e-02 -3.409587e-02 9.989838e-01 5.042393e+00
9.734358e-01 2.281053e-01 -1.976500e-02 1.131203e+02 -2.272528e-01 9.730928e-01 3.803288e-02 -6.240873e+01 2.790869e-02 -3.253092e-02 9.990810e-01 5.069709e+00
9.742804e-01 2.245048e-01 -1.937275e-02 1.138957e+02 -2.237846e-01 9.740580e-01 3.364160e-02 -6.259531e+01 2.642288e-02 -2.844103e-02 9.992462e-01 5.099889e+00
9.747548e-01 2.226506e-01 -1.673106e-02 1.146858e+02 -2.220434e-01 9.745086e-01 3.209811e-02 -6.278037e+01 2.345123e-02 -2.757276e-02 9.993447e-01 5.130283e+00
9.751523e-01 2.210458e-01 -1.472521e-02 1.154949e+02 -2.205596e-01 9.749414e-01 2.903067e-02 -6.296740e+01 2.077333e-02 -2.506154e-02 9.994701e-01 5.156380e+00
9.753105e-01 2.203516e-01 -1.464572e-02 1.163036e+02 -2.199740e-01 9.752169e-01 2.373705e-02 -6.315859e+01 1.951325e-02 -1.992932e-02 9.996109e-01 5.181238e+00
9.754811e-01 2.196973e-01 -1.302302e-02 1.171229e+02 -2.193422e-01 9.753451e-01 2.431019e-02 -6.334417e+01 1.804283e-02 -2.085763e-02 9.996195e-01 5.208360e+00
