9.999999e-01 3.492460e-10 0.000000e+00 2.980232e-08 2.328306e-10 1.000000e+00 8.185452e-12 4.656613e-10 4.656613e-10 9.358700e-10 1.000000e+00 0.000000e+00
9.990476e-01 4.357738e-02 -2.222633e-03 1.001122e+00 -4.358049e-02 9.990490e-01 -1.370299e-03 -3.912072e-02 2.160804e-03 1.465860e-03 9.999966e-01 1.661832e-02
9.960363e-01 8.869138e-02 -6.756492e-03 1.996906e+00 -8.872476e-02 9.960446e-01 -4.810947e-03 -1.212606e-01 6.303078e-03 5.391349e-03 9.999655e-01 3.429290e-02
9.908764e-01 1.343321e-01 -1.089870e-02 2.989464e+00 -1.343930e-01 9.909152e-01 -5.066595e-03 -2.495453e-01 1.011908e-02 6.485084e-03 9.999278e-01 5.396023e-02
9.835251e-01 1.802855e-01 -1.324637e-02 3.968962e+00 -1.803333e-01 9.836024e-01 -2.500636e-03 -4.139050e-01 1.257834e-02 4.848201e-03 9.999091e-01 7.661378e-02
9.739622e-01 2.263150e-01 -1.337540e-02 4.942923e+00 -2.263962e-01 9.740231e-01 -4.886630e-03 -6.321986e-01 1.192204e-02 7.787535e-03 9.998986e-01 1.022613e-01
9.623300e-01 2.715057e-01 -1.434227e-02 5.899662e+00 -2.716101e-01 9.623895e-01 -5.879486e-03 -8.936587e-01 1.220653e-02 9.553515e-03 9.998798e-01 1.301211e-01
9.487091e-01 3.156198e-01 -1.831004e-02 6.842306e+00 -3.158019e-01 9.487913e-01 -8.018715e-03 -1.197650e+00 1.484155e-02 1.338978e-02 9.998001e-01 1.588749e-01
9.334751e-01 3.579749e-01 -2.186756e-02 7.764610e+00 -3.582602e-01 9.335594e-01 -1.080303e-02 -1.548961e+00 1.654746e-02 1.791864e-02 9.997025e-01 1.856773e-01
9.160333e-01 4.004688e-01 -2.253019e-02 8.672348e+00 -4.007622e-01 9.161241e-01 -1.031108e-02 -1.935915e+00 1.651119e-02 1.847455e-02 9.996929e-01 2.138423e-01
8.964210e-01 4.426468e-01 -2.220551e-02 9.559686e+00 -4.429480e-01 8.964800e-01 -1.098918e-02 -2.362068e+00 1.504246e-02 1.968681e-02 9.996929e-01 2.440597e-01
8.744050e-01 4.847236e-01 -2.142398e-02 1.042341e+01 -4.850161e-01 8.744317e-01 -1.133125e-02 -2.827621e+00 1.324130e-02 2.029909e-02 9.997063e-01 2.740712e-01
8.502766e-01 5.259213e-01 -2.089339e-02 1.126240e+01 -5.262025e-01 8.502852e-01 -1.122614e-02 -3.332565e+00 1.186127e-02 2.053948e-02 9.997186e-01 3.038402e-01
8.244579e-01 5.655115e-01 -2.158498e-02 1.207351e+01 -5.658130e-01 8.244506e-01 -1.170438e-02 -3.874853e+00 1.117679e-02 2.186282e-02 9.996985e-01 3.297730e-01
7.969677e-01 6.035346e-01 -2.426029e-02 1.285304e+01 -6.039222e-01 7.969229e-01 -1.385470e-02 -4.458841e+00 1.097180e-02 2.569308e-02 9.996097e-01 3.551082e-01
7.680583e-01 6.398903e-01 -2.503724e-02 1.360238e+01 -6.402845e-01 7.680320e-01 -1.276029e-02 -5.069049e+00 1.106421e-02 2.583160e-02 9.996052e-01 3.798709e-01
7.373968e-01 6.748803e-01 -2.797113e-02 1.431824e+01 -6.753882e-01 7.372892e-01 -1.598538e-02 -5.720587e+00 9.834598e-03 3.067896e-02 9.994810e-01 4.030376e-01
7.051463e-01 7.084914e-01 -2.843419e-02 1.500288e+01 -7.090067e-01 7.050242e-01 -1.582146e-02 -6.400148e+00 8.837439e-03 3.131649e-02 9.994705e-01 4.249173e-01
6.706346e-01 7.412358e-01 -2.861421e-02 1.565607e+01 -7.417406e-01 6.705281e-01 -1.459436e-02 -7.104033e+00 8.368773e-03 3.101181e-02 9.994840e-01 4.465741e-01
6.350130e-01 7.717866e-01 -3.322414e-02 1.626670e+01 -7.724493e-01 6.348826e-01 -1.569285e-02 -7.838993e+00 8.981899e-03 3.562913e-02 9.993248e-01 4.636368e-01
5.982956e-01 8.005466e-01 -3.417153e-02 1.684451e+01 -8.012249e-01 5.981931e-01 -1.427218e-02 -8.595988e+00 9.015647e-03 3.591807e-02 9.993141e-01 4.827763e-01
5.605016e-01 8.273264e-01 -3.699975e-02 1.738234e+01 -8.280998e-01 5.604137e-01 -1.368299e-02 -9.380868e+00 9.414871e-03 3.830883e-02 9.992216e-01 5.014502e-01
5.214555e-01 8.521668e-01 -4.354050e-02 1.788110e+01 -8.531918e-01 5.214508e-01 -1.236919e-02 -1.019188e+01 1.216361e-02 4.359838e-02 9.989750e-01 5.178983e-01
4.821037e-01 8.749676e-01 -4.480769e-02 1.834561e+01 -8.760384e-01 4.821037e-01 -1.152293e-02 -1.102304e+01 1.151977e-02 4.480852e-02 9.989291e-01 5.323525e-01
4.435304e-01 8.949500e-01 -4.842842e-02 1.877365e+01 -8.962091e-01 4.434299e-01 -1.338589e-02 -1.188262e+01 9.494922e-03 4.933904e-02 9.987370e-01 5.491989e-01
4.061732e-01 9.123607e-01 -5.119695e-02 1.916395e+01 -9.137642e-01 4.059897e-01 -1.440466e-02 -1.276330e+01 7.643200e-03 5.263273e-02 9.985847e-01 5.664116e-01
3.703273e-01 9.273486e-01 -5.368606e-02 1.952469e+01 -9.288626e-01 3.702210e-01 -1.227976e-02 -1.365802e+01 8.488087e-03 5.441453e-02 9.984824e-01 5.792248e-01
3.365131e-01 9.401068e-01 -5.438778e-02 1.985467e+01 -9.416580e-01 3.363277e-01 -1.280195e-02 -1.457752e+01 6.256924e-03 5.552273e-02 9.984378e-01 5.907928e-01
3.032149e-01 9.513275e-01 -5.510592e-02 2.015714e+01 -9.529201e-01 3.028328e-01 -1.536051e-02 -1.551729e+01 2.075003e-03 5.716907e-02 9.983624e-01 6.018968e-01
2.700909e-01 9.612321e-01 -5.553025e-02 2.042756e+01 -9.628348e-01 2.696552e-01 -1.533886e-02 -1.647263e+01 2.298132e-04 5.760936e-02 9.983392e-01 6.120613e-01
2.373384e-01 9.699459e-01 -5.362084e-02 2.067027e+01 -9.714270e-01 2.369976e-01 -1.271977e-02 -1.743510e+01 3.705276e-04 5.510764e-02 9.984804e-01 6.174241e-01
2.056834e-01 9.771422e-01 -5.373395e-02 2.088166e+01 -9.786184e-01 2.053998e-01 -1.080696e-02 -1.841294e+01 4.770122e-04 5.480786e-02 9.984968e-01 6.222333e-01
1.747848e-01 9.830535e-01 -5.528163e-02 2.106115e+01 -9.846064e-01 1.744598e-01 -1.068873e-02 -1.941238e+01 -8.631656e-04 5.629889e-02 9.984136e-01 6.273154e-01
1.440030e-01 9.879557e-01 -5.662651e-02 2.121193e+01 -9.895727e-01 1.435917e-01 -1.128779e-02 -2.042830e+01 -3.020730e-03 5.766155e-02 9.983316e-01 6.307746e-01
1.133422e-01 9.920322e-01 -5.500497e-02 2.133604e+01 -9.935371e-01 1.128238e-01 -1.244946e-02 -2.146031e+01 -6.144393e-03 5.606052e-02 9.984086e-01 6.327940e-01
8.364335e-02 9.949487e-01 -5.550565e-02 2.143069e+01 -9.964643e-01 8.306781e-02 -1.260062e-02 -2.250885e+01 -7.926232e-03 5.636338e-02 9.983789e-01 6.304411e-01
5.594508e-02 9.967396e-01 -5.814105e-02 2.149128e+01 -9.983940e-01 5.532756e-02 -1.217847e-02 -2.357128e+01 -8.921947e-03 5.872901e-02 9.982341e-01 6.245223e-01
3.043148e-02 9.975874e-01 -6.239435e-02 2.152349e+01 -9.994885e-01 2.975610e-02 -1.172539e-02 -2.464849e+01 -9.840494e-03 6.271927e-02 9.979826e-01 6.168764e-01
7.446840e-03 9.977418e-01 -6.675322e-02 2.152837e+01 -9.999120e-01 6.696670e-03 -1.145465e-02 -2.574076e+01 -1.098175e-02 6.683266e-02 9.977037e-01 6.075000e-01
-1.326775e-02 9.972594e-01 -7.278354e-02 2.150813e+01 -9.998343e-01 -1.413879e-02 -1.146531e-02 -2.684453e+01 -1.246295e-02 7.261939e-02 9.972819e-01 5.972761e-01
-3.116501e-02 9.965151e-01 -7.737233e-02 2.146570e+01 -9.994057e-01 -3.220926e-02 -1.228495e-02 -2.795994e+01 -1.473424e-02 7.694350e-02 9.969265e-01 5.860375e-01
-4.697146e-02 9.956288e-01 -8.072767e-02 2.140632e+01 -9.987700e-01 -4.809740e-02 -1.205870e-02 -2.908776e+01 -1.588878e-02 8.006196e-02 9.966632e-01 5.735652e-01
-6.148193e-02 9.946181e-01 -8.339609e-02 2.133100e+01 -9.979478e-01 -6.275552e-02 -1.273470e-02 -3.022062e+01 -1.789973e-02 8.244200e-02 9.964351e-01 5.605499e-01
-7.479787e-02 9.936731e-01 -8.377919e-02 2.124349e+01 -9.969938e-01 -7.622154e-02 -1.392096e-02 -3.135989e+01 -2.021867e-02 8.248610e-02 9.963871e-01 5.460727e-01
-8.718804e-02 9.926665e-01 -8.373457e-02 2.114257e+01 -9.959620e-01 -8.866525e-02 -1.408078e-02 -3.250487e+01 -2.140186e-02 8.216880e-02 9.963886e-01 5.299205e-01
-9.881692e-02 9.915798e-01 -8.369446e-02 2.102586e+01 -9.949113e-01 -1.001099e-01 -1.138535e-02 -3.366024e+01 -1.966812e-02 8.214351e-02 9.964265e-01 5.108932e-01
-1.094378e-01 9.904343e-01 -8.404315e-02 2.089387e+01 -9.938507e-01 -1.104638e-01 -7.641750e-03 -3.483241e+01 -1.685238e-02 8.269008e-02 9.964328e-01 4.903713e-01
-1.193100e-01 9.892217e-01 -8.488555e-02 2.074645e+01 -9.927434e-01 -1.201532e-01 -4.876007e-03 -3.602660e+01 -1.502272e-02 8.368782e-02 9.963788e-01 4.695615e-01
-1.270252e-01 9.882820e-01 -8.463565e-02 2.058863e+01 -9.917938e-01 -1.277944e-01 -3.710835e-03 -3.724413e+01 -1.448331e-02 8.346975e-02 9.964051e-01 4.496184e-01
-1.329533e-01 9.875469e-01 -8.411002e-02 2.042022e+01 -9.910176e-01 -1.336932e-01 -3.200951e-03 -3.848447e+01 -1.440603e-02 8.292897e-02 9.964514e-01 4.295751e-01
-1.382462e-01 9.867471e-01 -8.495990e-02 2.024120e+01 -9.903071e-01 -1.388859e-01 -1.636054e-03 -3.974086e+01 -1.341409e-02 8.391020e-02 9.963831e-01 4.097269e-01
-1.429348e-01 9.861620e-01 -8.398834e-02 2.005434e+01 -9.896618e-01 -1.434215e-01 2.426542e-04 -4.102197e+01 -1.180643e-02 8.315475e-02 9.964668e-01 3.896879e-01
-1.471581e-01 9.855282e-01 -8.413476e-02 1.985743e+01 -9.890504e-01 -1.475724e-01 1.307558e-03 -4.232293e+01 -1.112732e-02 8.340598e-02 9.964535e-01 3.717838e-01
-1.501547e-01 9.850828e-01 -8.405583e-02 1.965314e+01 -9.885861e-01 -1.506570e-01 3.712638e-04 -4.364869e+01 -1.229787e-02 8.315218e-02 9.964609e-01 3.548319e-01
-1.522244e-01 9.846794e-01 -8.505323e-02 1.944085e+01 -9.882315e-01 -1.529527e-01 -2.074559e-03 -4.499708e+01 -1.505189e-02 8.373650e-02 9.963742e-01 3.355117e-01
-1.543997e-01 9.843220e-01 -8.527028e-02 1.922372e+01 -9.878749e-01 -1.552227e-01 -3.066158e-03 -4.636388e+01 -1.625397e-02 8.376299e-02 9.963531e-01 3.135200e-01
-1.564494e-01 9.838080e-01 -8.743898e-02 1.899870e+01 -9.875555e-01 -1.572540e-01 -2.346484e-03 -4.775046e+01 -1.605861e-02 8.598380e-02 9.961671e-01 2.885087e-01
-1.575066e-01 9.836702e-01 -8.708962e-02 1.877011e+01 -9.873951e-01 -1.582646e-01 -1.825143e-03 -4.915633e+01 -1.557854e-02 8.570442e-02 9.961988e-01 2.643527e-01
-1.581144e-01 9.833977e-01 -8.904295e-02 1.853418e+01 -9.873055e-01 -1.588299e-01 -9.627556e-04 -5.058494e+01 -1.508944e-02 8.776035e-02 9.960273e-01 2.388272e-01
-1.582484e-01 9.834269e-01 -8.848221e-02 1.829728e+01 -9.872928e-01 -1.589116e-01 -4.549883e-04 -5.202942e+01 -1.450829e-02 8.728587e-02 9.960776e-01 2.161960e-01
-1.578473e-01 9.835051e-01 -8.832989e-02 1.805688e+01 -9.873753e-01 -1.583972e-01 7.943702e-04 -5.349654e+01 -1.320993e-02 8.734016e-02 9.960910e-01 1.951997e-01
-1.566683e-01 9.836638e-01 -8.865980e-02 1.781406e+01 -9.875644e-01 -1.572129e-01 8.501406e-04 -5.498737e+01 -1.310221e-02 8.769053e-02 9.960616e-01 1.744158e-01
-1.550708e-01 9.839831e-01 -8.792372e-02 1.757154e+01 -9.878034e-01 -1.557060e-01 -3.706478e-04 -5.649810e+01 -1.405496e-02 8.679393e-02 9.961272e-01 1.552129e-01
-1.540069e-01 9.840727e-01 -8.878472e-02 1.732572e+01 -9.879798e-01 -1.545829e-01 3.930386e-04 -5.803021e+01 -1.333781e-02 8.777804e-02 9.960508e-01 1.339262e-01
-1.528904e-01 9.842668e-01 -8.856341e-02 1.708099e+01 -9.881665e-01 -1.533808e-01 1.282992e-03 -5.957985e+01 -1.232111e-02 8.771154e-02 9.960697e-01 1.118989e-01
-1.519884e-01 9.843243e-01 -8.947273e-02 1.683218e+01 -9.883130e-01 -1.524260e-01 1.960583e-03 -6.115845e+01 -1.170812e-02 8.872505e-02 9.959874e-01 9.221518e-02
-1.509443e-01 9.845247e-01 -8.903299e-02 1.658360e+01 -9.884741e-01 -1.513781e-01 1.899513e-03 -6.275416e+01 -1.160751e-02 8.829350e-02 9.960269e-01 7.332204e-02
-1.498184e-01 9.845099e-01 -9.107342e-02 1.633074e+01 -9.886211e-01 -1.504270e-01 1.842268e-04 -6.436950e+01 -1.351852e-02 9.006471e-02 9.958441e-01 5.464321e-02
-1.489509e-01 9.844962e-01 -9.263191e-02 1.607599e+01 -9.887247e-01 -1.497368e-01 -1.553856e-03 -6.600028e+01 -1.540016e-02 9.135598e-02 9.956992e-01 3.542077e-02
-1.482223e-01 9.844676e-01 -9.409387e-02 1.582254e+01 -9.888401e-01 -1.489771e-01 -1.009226e-03 -6.764046e+01 -1.501137e-02 9.289420e-02 9.955628e-01 1.444787e-02
-1.473905e-01 9.843932e-01 -9.615683e-02 1.556534e+01 -9.889939e-01 -1.479499e-01 1.325968e-03 -6.929755e+01 -1.292111e-02 9.529391e-02 9.953653e-01 -5.045541e-03
-1.467216e-01 9.845607e-01 -9.546064e-02 1.531188e+01 -9.890918e-01 -1.472974e-01 1.026007e-03 -7.096900e+01 -1.305093e-02 9.456995e-02 9.954327e-01 -2.081601e-02
-1.464773e-01 9.845529e-01 -9.591472e-02 1.505521e+01 -9.891225e-01 -1.470929e-01 6.587585e-04 -7.265456e+01 -1.345979e-02 9.496789e-02 9.953893e-01 -3.698996e-02
-1.460969e-01 9.846540e-01 -9.545726e-02 1.479865e+01 -9.891582e-01 -1.468509e-01 -8.836053e-04 -7.436132e+01 -1.488803e-02 9.429329e-02 9.954332e-01 -5.460247e-02
-1.457150e-01 9.845313e-01 -9.728889e-02 1.453715e+01 -9.892153e-01 -1.464674e-01 -5.985084e-04 -7.607972e+01 -1.483890e-02 9.615248e-02 9.952560e-01 -7.527110e-02
-1.457148e-01 9.844657e-01 -9.795120e-02 1.427565e+01 -9.892167e-01 -1.464589e-01 -4.107440e-04 -7.781537e+01 -1.475018e-02 9.683513e-02 9.951910e-01 -9.495007e-02
-1.458055e-01 9.844183e-01 -9.829297e-02 1.401082e+01 -9.892172e-01 -1.464549e-01 6.151907e-04 -7.956680e+01 -1.378987e-02 9.732278e-02 9.951574e-01 -1.147464e-01
-1.462129e-01 9.844210e-01 -9.765936e-02 1.374630e+01 -9.891670e-01 -1.467889e-01 1.299776e-03 -8.132858e+01 -1.305578e-02 9.679149e-02 9.952191e-01 -1.326919e-01
-1.473648e-01 9.843641e-01 -9.649416e-02 1.347805e+01 -9.890003e-01 -1.479057e-01 1.562423e-03 -8.310465e+01 -1.273404e-02 9.566305e-02 9.953324e-01 -1.485638e-01
-1.486198e-01 9.842462e-01 -9.576815e-02 1.320589e+01 -9.888222e-01 -1.490811e-01 2.359778e-03 -8.489471e+01 -1.195462e-02 9.504842e-02 9.954009e-01 -1.634055e-01
-1.495631e-01 9.842054e-01 -9.471349e-02 1.293002e+01 -9.886731e-01 -1.500753e-01 1.733498e-03 -8.670585e+01 -1.250804e-02 9.390000e-02 9.955031e-01 -1.783376e-01
-1.504911e-01 9.840409e-01 -9.495291e-02 1.264822e+01 -9.885240e-01 -1.510587e-01 1.223008e-03 -8.852743e+01 -1.313996e-02 9.404730e-02 9.954810e-01 -1.955720e-01
-1.508418e-01 9.842234e-01 -9.247220e-02 1.236526e+01 -9.884614e-01 -1.514736e-01 1.885714e-04 -9.036607e+01 -1.382149e-02 9.143364e-02 9.957152e-01 -2.139266e-01
-1.523409e-01 9.840268e-01 -9.210672e-02 1.207497e+01 -9.882447e-01 -1.528760e-01 1.259162e-03 -9.221494e+01 -1.284186e-02 9.121580e-02 9.957485e-01 -2.342524e-01
-1.550845e-01 9.837188e-01 -9.080845e-02 1.178056e+01 -9.878333e-01 -1.554963e-01 2.566337e-03 -9.408239e+01 -1.159581e-02 9.010159e-02 9.958651e-01 -2.538891e-01
-1.588666e-01 9.830425e-01 -9.159034e-02 1.147639e+01 -9.872255e-01 -1.593102e-01 2.493956e-03 -9.596156e+01 -1.213961e-02 9.081651e-02 9.957937e-01 -2.739321e-01
-1.635186e-01 9.824817e-01 -8.939355e-02 1.116609e+01 -9.864586e-01 -1.639986e-01 1.997980e-03 -9.785132e+01 -1.269743e-02 8.850973e-02 9.959944e-01 -2.889551e-01
-1.682644e-01 9.818656e-01 -8.733238e-02 1.084516e+01 -9.856434e-01 -1.688389e-01 8.184146e-04 -9.974989e+01 -1.394153e-02 8.621627e-02 9.961789e-01 -3.035530e-01
-1.730744e-01 9.811317e-01 -8.617291e-02 1.051334e+01 -9.848236e-01 -1.735470e-01 2.034339e-03 -1.016520e+02 -1.295909e-02 8.521719e-02 9.962782e-01 -3.181264e-01
-1.778543e-01 9.802497e-01 -8.647847e-02 1.016757e+01 -9.839822e-01 -1.782355e-01 3.356423e-03 -1.035660e+02 -1.212340e-02 8.569027e-02 9.962481e-01 -3.332668e-01
-1.826027e-01 9.794275e-01 -8.589479e-02 9.811135e+00 -9.831281e-01 -1.828495e-01 5.052318e-03 -1.054867e+02 -1.075743e-02 8.536819e-02 9.962915e-01 -3.449541e-01
-1.874809e-01 9.786104e-01 -8.469178e-02 9.444057e+00 -9.822153e-01 -1.876685e-01 5.812095e-03 -1.074201e+02 -1.020621e-02 8.427522e-02 9.963902e-01 -3.538691e-01
-1.923687e-01 9.778296e-01 -8.272618e-02 9.067452e+00 -9.812562e-01 -1.926532e-01 4.606755e-03 -1.093633e+02 -1.143284e-02 8.206179e-02 9.965617e-01 -3.636518e-01
-1.977158e-01 9.769173e-01 -8.087725e-02 8.680807e+00 -9.801894e-01 -1.980138e-01 4.399637e-03 -1.113153e+02 -1.171673e-02 8.014492e-02 9.967144e-01 -3.751999e-01
-2.032436e-01 9.758458e-01 -8.010644e-02 8.279359e+00 -9.790426e-01 -2.036270e-01 3.440896e-03 -1.132758e+02 -1.295405e-02 7.912696e-02 9.967805e-01 -3.884966e-01
-2.087214e-01 9.746877e-01 -8.011971e-02 7.864793e+00 -9.778813e-01 -2.091355e-01 3.281608e-03 -1.152417e+02 -1.355734e-02 7.903253e-02 9.967799e-01 -4.036899e-01
-2.142625e-01 9.734580e-01 -8.044386e-02 7.435679e+00 -9.766928e-01 -2.145927e-01 4.620064e-03 -1.172116e+02 -1.276523e-02 7.955886e-02 9.967485e-01 -4.194999e-01
-2.200234e-01 9.722174e-01 -7.989253e-02 6.995306e+00 -9.754185e-01 -2.202908e-01 5.562669e-03 -1.191892e+02 -1.219146e-02 7.915257e-02 9.967880e-01 -4.349248e-01
-2.259152e-01 9.708228e-01 -8.040746e-02 6.536478e+00 -9.740624e-01 -2.262132e-01 5.504488e-03 -1.211786e+02 -1.284535e-02 7.956544e-02 9.967470e-01 -4.490493e-01
-2.315145e-01 9.695850e-01 -7.940964e-02 6.066735e+00 -9.727473e-01 -2.317957e-01 5.786187e-03 -1.231737e+02 -1.279661e-02 7.858514e-02 9.968253e-01 -4.629662e-01
-2.366919e-01 9.683815e-01 -7.883166e-02 5.585062e+00 -9.715008e-01 -2.369581e-01 6.095153e-03 -1.251709e+02 -1.277737e-02 7.802770e-02 9.968693e-01 -4.788509e-01
-2.418868e-01 9.672008e-01 -7.754578e-02 5.090638e+00 -9.702204e-01 -2.421441e-01 6.210238e-03 -1.271798e+02 -1.277071e-02 7.673869e-02 9.969695e-01 -4.933906e-01
-2.462806e-01 9.659536e-01 -7.924291e-02 4.579486e+00 -9.691049e-01 -2.465693e-01 6.274511e-03 -1.291907e+02 -1.347798e-02 7.834000e-02 9.968356e-01 -5.095624e-01
-2.500257e-01 9.648162e-01 -8.134450e-02 4.054613e+00 -9.681146e-01 -2.504576e-01 5.015888e-03 -1.312130e+02 -1.553393e-02 8.000491e-02 9.966733e-01 -5.279550e-01
-2.537093e-01 9.637533e-01 -8.252935e-02 3.520004e+00 -9.671655e-01 -2.540708e-01 6.267405e-03 -1.332374e+02 -1.492807e-02 8.140964e-02 9.965689e-01 -5.476429e-01
-2.567844e-01 9.629197e-01 -8.274978e-02 2.975986e+00 -9.663549e-01 -2.571256e-01 6.690382e-03 -1.352717e+02 -1.483478e-02 8.168367e-02 9.965479e-01 -5.672389e-01
-2.601765e-01 9.620798e-01 -8.191860e-02 2.424397e+00 -9.654426e-01 -2.605362e-01 6.455376e-03 -1.373122e+02 -1.513218e-02 8.076726e-02 9.966182e-01 -5.864226e-01
-2.641301e-01 9.611158e-01 -8.057059e-02 1.863269e+00 -9.643716e-01 -2.644688e-01 6.632044e-03 -1.393661e+02 -1.493424e-02 7.945172e-02 9.967269e-01 -6.065201e-01
-2.686712e-01 9.599875e-01 -7.899305e-02 1.293927e+00 -9.631295e-01 -2.689341e-01 7.492715e-03 -1.414161e+02 -1.405101e-02 7.809363e-02 9.968471e-01 -6.240696e-01
-2.731204e-01 9.587988e-01 -7.816618e-02 7.110512e-01 -9.618722e-01 -2.734029e-01 7.274956e-03 -1.434777e+02 -1.439563e-02 7.717282e-02 9.969139e-01 -6.420252e-01
-2.777020e-01 9.574690e-01 -7.832292e-02 1.157289e-01 -9.605559e-01 -2.779869e-01 7.463410e-03 -1.455461e+02 -1.462676e-02 7.730615e-02 9.969001e-01 -6.612698e-01
-2.822354e-01 9.561943e-01 -7.768820e-02 -4.901418e-01 -9.592382e-01 -2.824876e-01 7.953841e-03 -1.476140e+02 -1.434054e-02 7.676634e-02 9.969460e-01 -6.796499e-01
-2.868212e-01 9.548680e-01 -7.720596e-02 -1.108633e+00 -9.578805e-01 -2.870432e-01 8.445949e-03 -1.496895e+02 -1.409668e-02 7.637659e-02 9.969794e-01 -6.970769e-01
-2.909288e-01 9.536237e-01 -7.721556e-02 -1.742408e+00 -9.566203e-01 -2.912437e-01 7.401413e-03 -1.517787e+02 -1.543037e-02 7.601926e-02 9.969870e-01 -7.154747e-01
-2.951524e-01 9.522728e-01 -7.785494e-02 -2.385800e+00 -9.553176e-01 -2.954880e-01 7.437883e-03 -1.538623e+02 -1.592230e-02 7.657151e-02 9.969369e-01 -7.347448e-01
-2.991123e-01 9.509618e-01 -7.876161e-02 -3.042950e+00 -9.540846e-01 -2.994305e-01 8.017395e-03 -1.559555e+02 -1.595939e-02 7.754336e-02 9.968612e-01 -7.549192e-01
-3.027944e-01 9.498105e-01 -7.858504e-02 -3.709455e+00 -9.529362e-01 -3.030323e-01 9.169452e-03 -1.580526e+02 -1.510457e-02 7.766302e-02 9.968653e-01 -7.754664e-01
-3.065563e-01 9.486119e-01 -7.847738e-02 -4.385983e+00 -9.517587e-01 -3.066400e-01 1.128117e-02 -1.601518e+02 -1.336284e-02 7.814988e-02 9.968522e-01 -7.953648e-01
-3.100041e-01 9.474475e-01 -7.899898e-02 -5.075483e+00 -9.506426e-01 -3.100615e-01 1.185021e-02 -1.622645e+02 -1.326709e-02 7.877345e-02 9.968043e-01 -8.132737e-01
-3.134400e-01 9.463557e-01 -7.852520e-02 -5.774849e+00 -9.495243e-01 -3.134374e-01 1.267997e-02 -1.643797e+02 -1.261297e-02 7.853601e-02 9.968315e-01 -8.289626e-01
-3.169461e-01 9.452012e-01 -7.835697e-02 -6.483737e+00 -9.483579e-01 -3.169444e-01 1.278746e-02 -1.665007e+02 -1.274808e-02 7.836341e-02 9.968435e-01 -8.444086e-01
-3.209241e-01 9.438533e-01 -7.841384e-02 -7.203146e+00 -9.470129e-01 -3.209460e-01 1.266756e-02 -1.686278e+02 -1.321029e-02 7.832426e-02 9.968404e-01 -8.606257e-01
-3.247079e-01 9.424370e-01 -7.985744e-02 -7.937581e+00 -9.457134e-01 -3.247473e-01 1.285690e-02 -1.707602e+02 -1.381667e-02 7.969700e-02 9.967234e-01 -8.767633e-01
-3.279754e-01 9.411131e-01 -8.208673e-02 -8.683666e+00 -9.445835e-01 -3.279810e-01 1.380203e-02 -1.728965e+02 -1.393360e-02 8.206453e-02 9.965296e-01 -8.942075e-01
-3.306757e-01 9.400875e-01 -8.299982e-02 -9.438591e+00 -9.436262e-01 -3.307458e-01 1.330368e-02 -1.750374e+02 -1.494522e-02 8.272002e-02 9.964609e-01 -9.133533e-01
-3.332928e-01 9.391537e-01 -8.310447e-02 -1.020220e+01 -9.426903e-01 -3.334301e-01 1.263061e-02 -1.771867e+02 -1.584746e-02 8.255148e-02 9.964609e-01 -9.338777e-01
-3.360571e-01 9.382710e-01 -8.193500e-02 -1.097257e+01 -9.417095e-01 -3.361929e-01 1.254760e-02 -1.793400e+02 -1.577292e-02 8.137572e-02 9.965587e-01 -9.553431e-01
-3.392139e-01 9.372706e-01 -8.035916e-02 -1.175210e+01 -9.406077e-01 -3.391926e-01 1.433637e-02 -1.814976e+02 -1.382016e-02 8.044956e-02 9.966629e-01 -9.757671e-01
-3.426021e-01 9.360943e-01 -7.969341e-02 -1.254258e+01 -9.393972e-01 -3.424675e-01 1.578095e-02 -1.836629e+02 -1.251993e-02 8.027036e-02 9.966946e-01 -9.942850e-01
-3.459176e-01 9.350574e-01 -7.751553e-02 -1.334344e+01 -9.382022e-01 -3.456673e-01 1.705242e-02 -1.858348e+02 -1.084960e-02 7.862400e-02 9.968454e-01 -1.006654e+00
-3.493573e-01 9.339246e-01 -7.572590e-02 -1.415366e+01 -9.369449e-01 -3.489870e-01 1.850187e-02 -1.880077e+02 -9.147998e-03 7.741478e-02 9.969570e-01 -1.018449e+00
-3.531082e-01 9.324442e-01 -7.656708e-02 -1.497597e+01 -9.355317e-01 -3.527585e-01 1.849824e-02 -1.901821e+02 -9.761108e-03 7.816283e-02 9.968928e-01 -1.029085e+00
-3.565924e-01 9.311546e-01 -7.611076e-02 -1.581267e+01 -9.341948e-01 -3.563452e-01 1.726717e-02 -1.923703e+02 -1.104330e-02 7.725964e-02 9.969499e-01 -1.038360e+00
-3.602456e-01 9.297479e-01 -7.610443e-02 -1.665988e+01 -9.327795e-01 -3.600704e-01 1.648992e-02 -1.945616e+02 -1.207148e-02 7.692909e-02 9.969636e-01 -1.050457e+00
-3.641362e-01 9.282073e-01 -7.639472e-02 -1.751690e+01 -9.312626e-01 -3.639733e-01 1.654169e-02 -1.967524e+02 -1.245151e-02 7.716700e-02 9.969404e-01 -1.063856e+00
-3.676029e-01 9.269274e-01 -7.532269e-02 -1.838721e+01 -9.299024e-01 -3.674296e-01 1.665148e-02 -1.989541e+02 -1.224106e-02 7.616390e-02 9.970201e-01 -1.077452e+00
-3.713901e-01 9.255182e-01 -7.406347e-02 -1.925954e+01 -9.284047e-01 -3.711731e-01 1.718579e-02 -2.011375e+02 -1.158460e-02 7.514352e-02 9.971054e-01 -1.089051e+00
-3.746319e-01 9.242133e-01 -7.403164e-02 -2.015263e+01 -9.270984e-01 -3.744232e-01 1.720429e-02 -2.033441e+02 -1.181873e-02 7.507990e-02 9.971074e-01 -1.099057e+00
-3.774686e-01 9.229886e-01 -7.489765e-02 -2.104842e+01 -9.259471e-01 -3.772331e-01 1.781338e-02 -2.055316e+02 -1.181234e-02 7.607527e-02 9.970321e-01 -1.107745e+00
-3.799863e-01 9.218467e-01 -7.621800e-02 -2.196116e+01 -9.249091e-01 -3.797647e-01 1.794760e-02 -2.077280e+02 -1.239995e-02 7.731458e-02 9.969296e-01 -1.117186e+00
-3.826259e-01 9.206547e-01 -7.741129e-02 -2.288176e+01 -9.238057e-01 -3.824586e-01 1.756508e-02 -2.099265e+02 -1.343524e-02 7.823386e-02 9.968445e-01 -1.129637e+00
-3.851589e-01 9.195244e-01 -7.827751e-02 -2.381006e+01 -9.227529e-01 -3.849630e-01 1.818652e-02 -2.121248e+02 -1.341098e-02 7.923552e-02 9.967657e-01 -1.143402e+00
-3.877689e-01 9.184223e-01 -7.833041e-02 -2.474119e+01 -9.216708e-01 -3.874910e-01 1.933913e-02 -2.143186e+02 -1.259084e-02 7.969397e-02 9.967399e-01 -1.156781e+00
-3.905351e-01 9.173181e-01 -7.752275e-02 -2.568258e+01 -9.205049e-01 -3.902455e-01 1.948055e-02 -2.165192e+02 -1.238305e-02 7.896791e-02 9.968002e-01 -1.166806e+00
-3.933285e-01 9.162024e-01 -7.658729e-02 -2.663559e+01 -9.193262e-01 -3.929721e-01 2.030718e-02 -2.187316e+02 -1.149117e-02 7.839610e-02 9.968560e-01 -1.175109e+00
-3.962996e-01 9.149603e-01 -7.612017e-02 -2.758575e+01 -9.180611e-01 -3.958593e-01 2.143624e-02 -2.209200e+02 -1.051955e-02 7.837815e-02 9.968681e-01 -1.181279e+00
-3.987536e-01 9.140618e-01 -7.407089e-02 -2.854539e+01 -9.170046e-01 -3.983006e-01 2.143339e-02 -2.231182e+02 -9.911027e-03 7.646999e-02 9.970226e-01 -1.184735e+00
-4.017117e-01 9.127634e-01 -7.409973e-02 -2.951581e+01 -9.157158e-01 -4.012224e-01 2.203249e-02 -2.253164e+02 -9.620016e-03 7.670500e-02 9.970074e-01 -1.186647e+00
-4.042374e-01 9.114723e-01 -7.622591e-02 -3.049494e+01 -9.145891e-01 -4.037967e-01 2.179918e-02 -2.275093e+02 -1.091041e-02 7.852747e-02 9.968522e-01 -1.188064e+00
-4.067049e-01 9.103385e-01 -7.664854e-02 -3.148056e+01 -9.134816e-01 -4.063331e-01 2.109233e-02 -2.297050e+02 -1.194368e-02 7.859540e-02 9.968351e-01 -1.192273e+00
-4.098112e-01 9.089906e-01 -7.609752e-02 -3.247041e+01 -9.120809e-01 -4.095110e-01 2.023027e-02 -2.318965e+02 -1.277363e-02 7.769772e-02 9.968951e-01 -1.201577e+00
-4.128768e-01 9.077211e-01 -7.466733e-02 -3.346604e+01 -9.107057e-01 -4.125451e-01 2.053675e-02 -2.340845e+02 -1.216200e-02 7.647913e-02 9.969970e-01 -1.211489e+00
-4.162172e-01 9.063089e-01 -7.326129e-02 -3.447189e+01 -9.091806e-01 -4.159245e-01 1.993633e-02 -2.362756e+02 -1.240269e-02 7.490560e-02 9.971135e-01 -1.219602e+00
-4.195729e-01 9.048207e-01 -7.251351e-02 -3.548314e+01 -9.076250e-01 -4.193540e-01 1.895738e-02 -2.384607e+02 -1.325580e-02 7.376909e-02 9.971873e-01 -1.228402e+00
-4.231261e-01 9.032137e-01 -7.189841e-02 -3.650397e+01 -9.059738e-01 -4.229084e-01 1.897858e-02 -2.406425e+02 -1.326472e-02 7.316841e-02 9.972314e-01 -1.237483e+00
-4.267206e-01 9.015726e-01 -7.124894e-02 -3.753189e+01 -9.042792e-01 -4.265426e-01 1.846176e-02 -2.428181e+02 -1.374610e-02 7.230697e-02 9.972877e-01 -1.246708e+00
-4.306326e-01 8.997746e-01 -7.043656e-02 -3.856697e+01 -9.024327e-01 -4.304048e-01 1.916000e-02 -2.449872e+02 -1.307656e-02 7.181517e-02 9.973323e-01 -1.255632e+00
-4.346650e-01 8.978974e-01 -6.961650e-02 -3.961041e+01 -9.004869e-01 -4.344968e-01 1.833688e-02 -2.471533e+02 -1.378349e-02 7.065915e-02 9.974053e-01 -1.266443e+00
-4.385019e-01 8.960395e-01 -6.949440e-02 -4.066478e+01 -8.986221e-01 -4.383366e-01 1.842709e-02 -2.493115e+02 -1.395055e-02 7.052953e-02 9.974121e-01 -1.276947e+00
-4.420606e-01 8.942665e-01 -6.978383e-02 -4.173027e+01 -8.968846e-01 -4.418371e-01 1.944829e-02 -2.514685e+02 -1.344113e-02 7.118535e-02 9.973726e-01 -1.286174e+00
-4.456782e-01 8.924993e-01 -6.939542e-02 -4.280041e+01 -8.950894e-01 -4.454667e-01 1.935335e-02 -2.536143e+02 -1.364049e-02 7.074047e-02 9.974016e-01 -1.296955e+00
-4.493365e-01 8.907465e-01 -6.831795e-02 -4.387971e+01 -8.932638e-01 -4.491090e-01 1.952234e-02 -2.557658e+02 -1.329275e-02 6.979805e-02 9.974726e-01 -1.309765e+00
-4.529417e-01 8.889231e-01 -6.826057e-02 -4.496997e+01 -8.914347e-01 -4.527367e-01 1.933604e-02 -2.579170e+02 -1.371580e-02 6.960794e-02 9.974802e-01 -1.323204e+00
-4.564493e-01 8.871041e-01 -6.855734e-02 -4.606914e+01 -8.896486e-01 -4.562011e-01 2.015252e-02 -2.600649e+02 -1.339856e-02 7.019056e-02 9.974436e-01 -1.338488e+00
-4.600219e-01 8.851703e-01 -6.966500e-02 -4.718193e+01 -8.878086e-01 -4.597241e-01 2.120632e-02 -2.622113e+02 -1.325546e-02 7.160458e-02 9.973451e-01 -1.353288e+00
-4.633784e-01 8.832996e-01 -7.114899e-02 -4.830100e+01 -8.860725e-01 -4.629681e-01 2.315413e-02 -2.643511e+02 -1.248768e-02 7.377231e-02 9.971970e-01 -1.366082e+00
-4.663059e-01 8.817060e-01 -7.178538e-02 -4.943852e+01 -8.845378e-01 -4.658532e-01 2.395454e-02 -2.665074e+02 -1.232058e-02 7.466703e-02 9.971325e-01 -1.377750e+00
-4.693580e-01 8.799946e-01 -7.288809e-02 -5.057496e+01 -8.829359e-01 -4.687731e-01 2.600252e-02 -2.686392e+02 -1.128590e-02 7.656002e-02 9.970011e-01 -1.391090e+00
-4.721830e-01 8.784032e-01 -7.383022e-02 -5.173057e+01 -8.814447e-01 -4.714373e-01 2.832436e-02 -2.707863e+02 -9.926099e-03 7.845156e-02 9.968684e-01 -1.405029e+00
-4.750339e-01 8.768148e-01 -7.442088e-02 -5.290098e+01 -8.799127e-01 -4.742461e-01 2.905619e-02 -2.729419e+02 -9.816916e-03 7.928656e-02 9.968035e-01 -1.419347e+00
-4.783370e-01 8.749972e-01 -7.465576e-02 -5.407834e+01 -8.781279e-01 -4.774730e-01 3.018572e-02 -2.750954e+02 -9.233676e-03 7.999627e-02 9.967524e-01 -1.436109e+00
-4.815982e-01 8.733049e-01 -7.349577e-02 -5.527221e+01 -8.763465e-01 -4.807325e-01 3.021777e-02 -2.772647e+02 -8.942485e-03 7.896060e-02 9.968376e-01 -1.452086e+00
-4.849641e-01 8.714126e-01 -7.382203e-02 -5.647718e+01 -8.744933e-01 -4.840265e-01 3.130407e-02 -2.794323e+02 -8.453056e-03 7.973823e-02 9.967800e-01 -1.467298e+00
-4.882953e-01 8.696514e-01 -7.262217e-02 -5.769905e+01 -8.726426e-01 -4.873378e-01 3.157800e-02 -2.816201e+02 -7.929660e-03 7.879257e-02 9.968595e-01 -1.479400e+00
-4.910580e-01 8.682364e-01 -7.090606e-02 -5.892039e+01 -8.710946e-01 -4.901110e-01 3.139041e-02 -2.837901e+02 -7.497543e-03 7.718042e-02 9.969890e-01 -1.490111e+00
-4.938073e-01 8.665782e-01 -7.208851e-02 -6.016066e+01 -8.695334e-01 -4.928610e-01 3.161871e-02 -2.859722e+02 -8.129533e-03 7.829694e-02 9.968969e-01 -1.501021e+00
-4.958079e-01 8.652773e-01 -7.395618e-02 -6.141961e+01 -8.683833e-01 -4.948841e-01 3.162963e-02 -2.881680e+02 -9.231335e-03 7.990455e-02 9.967598e-01 -1.513584e+00
-4.978439e-01 8.640342e-01 -7.480786e-02 -6.268743e+01 -8.672098e-01 -4.969439e-01 3.152749e-02 -2.903661e+02 -9.934489e-03 8.056989e-02 9.966995e-01 -1.528707e+00
-5.000383e-01 8.627642e-01 -7.483133e-02 -6.396495e+01 -8.659437e-01 -4.991473e-01 3.152003e-02 -2.925764e+02 -1.015750e-02 8.056096e-02 9.966980e-01 -1.545928e+00
-5.022686e-01 8.614911e-01 -7.456049e-02 -6.525117e+01 -8.646438e-01 -5.014393e-01 3.082023e-02 -2.947871e+02 -1.083620e-02 7.994831e-02 9.967400e-01 -1.563893e+00
-5.048041e-01 8.599125e-01 -7.565419e-02 -6.655356e+01 -8.631546e-01 -5.040043e-01 3.072448e-02 -2.970110e+02 -1.170967e-02 8.081111e-02 9.966606e-01 -1.583807e+00
-5.069321e-01 8.586058e-01 -7.626130e-02 -6.786060e+01 -8.618994e-01 -5.061478e-01 3.072474e-02 -2.992300e+02 -1.221905e-02 8.130495e-02 9.966143e-01 -1.605716e+00
-5.089663e-01 8.574778e-01 -7.539994e-02 -6.918092e+01 -8.607118e-01 -5.081201e-01 3.145076e-02 -3.014618e+02 -1.134390e-02 8.090501e-02 9.966573e-01 -1.627119e+00
-5.114000e-01 8.562011e-01 -7.341379e-02 -7.051026e+01 -8.592992e-01 -5.103651e-01 3.365256e-02 -3.036974e+02 -8.654471e-03 8.029433e-02 9.967337e-01 -1.647143e+00
-5.146306e-01 8.543822e-01 -7.201798e-02 -7.185325e+01 -8.573660e-01 -5.136562e-01 3.288073e-02 -3.059408e+02 -8.899769e-03 7.866720e-02 9.968612e-01 -1.662862e+00
-5.188901e-01 8.519409e-01 -7.035439e-02 -7.320827e+01 -8.547762e-01 -5.181050e-01 3.041628e-02 -3.081934e+02 -1.053809e-02 7.591998e-02 9.970582e-01 -1.679111e+00
-5.235658e-01 8.491844e-01 -6.902693e-02 -7.457928e+01 -8.518958e-01 -5.229644e-01 2.796302e-02 -3.104499e+02 -1.235286e-02 7.344423e-02 9.972228e-01 -1.698486e+00
-5.281951e-01 8.463626e-01 -6.841279e-02 -7.596964e+01 -8.490127e-01 -5.277083e-01 2.648403e-02 -3.127069e+02 -1.368691e-02 7.207207e-02 9.973056e-01 -1.722617e+00
-5.325527e-01 8.436031e-01 -6.871311e-02 -7.737962e+01 -8.462822e-01 -5.320590e-01 2.682712e-02 -3.149602e+02 -1.392799e-02 7.243758e-02 9.972757e-01 -1.749072e+00
-5.367606e-01 8.407691e-01 -7.067703e-02 -7.880531e+01 -8.436119e-01 -5.362247e-01 2.796589e-02 -3.172113e+02 -1.438591e-02 7.463500e-02 9.971071e-01 -1.779594e+00
-5.405642e-01 8.382432e-01 -7.168417e-02 -8.025123e+01 -8.411815e-01 -5.399675e-01 2.913460e-02 -3.194663e+02 -1.428524e-02 7.604855e-02 9.970018e-01 -1.808088e+00
-5.441887e-01 8.358437e-01 -7.227834e-02 -8.171378e+01 -8.388285e-01 -5.436206e-01 2.904187e-02 -3.217268e+02 -1.501753e-02 7.643340e-02 9.969616e-01 -1.834924e+00
-5.479513e-01 8.332460e-01 -7.382542e-02 -8.318491e+01 -8.363257e-01 -5.475469e-01 2.742329e-02 -3.239790e+02 -1.757253e-02 7.676873e-02 9.968940e-01 -1.860764e+00
-5.517338e-01 8.308111e-01 -7.309345e-02 -8.466750e+01 -8.338105e-01 -5.514384e-01 2.599820e-02 -3.262276e+02 -1.870694e-02 7.529020e-02 9.969862e-01 -1.888014e+00
-5.554737e-01 8.283784e-01 -7.237523e-02 -8.615903e+01 -8.313223e-01 -5.551895e-01 2.584811e-02 -3.284684e+02 -1.876995e-02 7.452510e-02 9.970425e-01 -1.918057e+00
-5.594356e-01 8.257116e-01 -7.233280e-02 -8.766424e+01 -8.286417e-01 -5.592108e-01 2.522730e-02 -3.307087e+02 -1.961882e-02 7.405104e-02 9.970615e-01 -1.948484e+00
-5.634285e-01 8.228104e-01 -7.437351e-02 -8.918360e+01 -8.258832e-01 -5.633004e-01 2.469445e-02 -3.329429e+02 -2.157577e-02 7.533740e-02 9.969246e-01 -1.981794e+00
-5.672866e-01 8.200945e-01 -7.503925e-02 -9.071417e+01 -8.232234e-01 -5.671701e-01 2.492775e-02 -3.351700e+02 -2.211691e-02 7.591525e-02 9.968690e-01 -2.017623e+00
-5.708764e-01 8.177259e-01 -7.364972e-02 -9.225448e+01 -8.207284e-01 -5.708173e-01 2.393107e-02 -3.373934e+02 -2.247147e-02 7.410812e-02 9.969971e-01 -2.057534e+00
-5.742719e-01 8.153083e-01 -7.405426e-02 -9.380630e+01 -8.183104e-01 -5.743310e-01 2.263031e-02 -3.396083e+02 -2.408099e-02 7.359532e-02 9.969974e-01 -2.101194e+00
-5.771272e-01 8.131983e-01 -7.505059e-02 -9.537466e+01 -8.162486e-01 -5.772961e-01 2.162592e-02 -3.418251e+02 -2.574026e-02 7.374086e-02 9.969452e-01 -2.147653e+00
-5.799031e-01 8.114040e-01 -7.304813e-02 -9.694907e+01 -8.142938e-01 -5.800698e-01 2.108999e-02 -3.440365e+02 -2.526050e-02 7.171279e-02 9.971054e-01 -2.195439e+00
-5.828317e-01 8.096722e-01 -6.883328e-02 -9.852789e+01 -8.122426e-01 -5.829739e-01 2.009147e-02 -3.462458e+02 -2.386048e-02 6.761929e-02 9.974259e-01 -2.242547e+00
-5.859152e-01 8.077016e-01 -6.573720e-02 -1.001171e+02 -8.100459e-01 -5.860516e-01 1.921935e-02 -3.484528e+02 -2.300189e-02 6.451108e-02 9.976519e-01 -2.288110e+00
-5.889050e-01 8.056086e-01 -6.469564e-02 -1.017131e+02 -8.078141e-01 -5.892143e-01 1.622509e-02 -3.506496e+02 -2.504853e-02 6.181709e-02 9.977732e-01 -2.329886e+00
-5.918671e-01 8.033319e-01 -6.596337e-02 -1.033289e+02 -8.055905e-01 -5.922753e-01 1.529361e-02 -3.528484e+02 -2.678264e-02 6.219128e-02 9.977049e-01 -2.375231e+00
-5.949074e-01 8.011446e-01 -6.520989e-02 -1.049459e+02 -8.033531e-01 -5.953085e-01 1.521940e-02 -3.550348e+02 -2.662706e-02 6.144071e-02 9.977555e-01 -2.422248e+00
-5.978062e-01 7.991239e-01 -6.347124e-02 -1.065731e+02 -8.012345e-01 -5.981477e-01 1.557982e-02 -3.572135e+02 -2.551497e-02 6.016906e-02 9.978621e-01 -2.465950e+00
-6.007739e-01 7.969258e-01 -6.308703e-02 -1.082134e+02 -7.988932e-01 -6.013685e-01 1.122253e-02 -3.593974e+02 -2.899502e-02 5.714201e-02 9.979449e-01 -2.511209e+00
-6.037741e-01 7.947567e-01 -6.179484e-02 -1.098552e+02 -7.965726e-01 -6.044813e-01 8.645968e-03 -3.615665e+02 -3.048237e-02 5.444430e-02 9.980514e-01 -2.567876e+00
-6.067563e-01 7.925233e-01 -6.126603e-02 -1.115049e+02 -7.943099e-01 -6.074504e-01 8.713434e-03 -3.637303e+02 -3.031048e-02 5.395117e-02 9.980834e-01 -2.628111e+00
-6.094823e-01 7.904664e-01 -6.077842e-02 -1.131628e+02 -7.922146e-01 -6.101852e-01 8.389685e-03 -3.658850e+02 -3.045433e-02 5.326293e-02 9.981160e-01 -2.686616e+00
-6.120721e-01 7.884542e-01 -6.089049e-02 -1.148304e+02 -7.901974e-01 -6.127989e-01 8.109698e-03 -3.680345e+02 -3.091951e-02 5.307923e-02 9.981115e-01 -2.743156e+00
-6.147602e-01 7.863199e-01 -6.140813e-02 -1.165015e+02 -7.880380e-01 -6.155919e-01 6.549862e-03 -3.701713e+02 -3.265206e-02 5.241855e-02 9.980913e-01 -2.798948e+00
-6.175521e-01 7.843256e-01 -5.884526e-02 -1.181814e+02 -7.858860e-01 -6.183441e-01 5.821186e-03 -3.723068e+02 -3.182093e-02 4.984058e-02 9.982501e-01 -2.854518e+00
-6.204782e-01 7.826485e-01 -4.967925e-02 -1.198633e+02 -7.837060e-01 -6.211247e-01 3.022535e-03 -3.744440e+02 -2.849143e-02 4.080936e-02 9.987607e-01 -2.907815e+00
-6.240752e-01 7.804865e-01 -3.702570e-02 -1.215330e+02 -7.811089e-01 -6.243821e-01 4.020452e-03 -3.765537e+02 -1.998028e-02 3.143018e-02 9.993062e-01 -2.950346e+00
-6.271546e-01 7.778062e-01 -4.116597e-02 -1.232364e+02 -7.787536e-01 -6.271710e-01 1.412385e-02 -3.786549e+02 -1.483249e-02 4.091600e-02 9.990525e-01 -2.975967e+00
-6.280200e-01 7.766185e-01 -4.954211e-02 -1.249535e+02 -7.779718e-01 -6.280967e-01 1.595461e-02 -3.807488e+02 -1.872658e-02 4.856219e-02 9.986446e-01 -2.999606e+00
-6.291031e-01 7.752334e-01 -5.694243e-02 -1.266696e+02 -7.766815e-01 -6.298691e-01 5.570791e-03 -3.828536e+02 -3.154760e-02 4.773075e-02 9.983620e-01 -3.040989e+00
-6.314414e-01 7.732549e-01 -5.795448e-02 -1.283815e+02 -7.743968e-01 -6.326866e-01 -4.174771e-03 -3.849609e+02 -3.989520e-02 4.224365e-02 9.983105e-01 -3.110948e+00
-6.344187e-01 7.710082e-01 -5.531171e-02 -1.300925e+02 -7.717915e-01 -6.357942e-01 -1.018773e-02 -3.870598e+02 -4.302168e-02 3.622582e-02 9.984171e-01 -3.195177e+00
-6.372393e-01 7.687758e-01 -5.394266e-02 -1.318091e+02 -7.694870e-01 -6.385742e-01 -1.062177e-02 -3.891418e+02 -4.261215e-02 3.473959e-02 9.984875e-01 -3.278812e+00
-6.398447e-01 7.663928e-01 -5.692638e-02 -1.335362e+02 -7.674086e-01 -6.411312e-01 -5.904630e-03 -3.912063e+02 -4.102256e-02 3.990777e-02 9.983609e-01 -3.358210e+00
-6.421626e-01 7.643812e-01 -5.786679e-02 -1.352721e+02 -7.657075e-01 -6.431881e-01 1.170712e-03 -3.932658e+02 -3.632436e-02 4.506084e-02 9.983237e-01 -3.431102e+00
-6.448135e-01 7.622206e-01 -5.688106e-02 -1.370166e+02 -7.636260e-01 -6.456407e-01 4.844939e-03 -3.953211e+02 -3.303182e-02 4.655996e-02 9.983692e-01 -3.496578e+00
-6.476305e-01 7.598171e-01 -5.703370e-02 -1.387657e+02 -7.611927e-01 -6.485144e-01 3.842901e-03 -3.973732e+02 -3.406729e-02 4.590243e-02 9.983649e-01 -3.560205e+00
-6.503963e-01 7.573467e-01 -5.839957e-02 -1.405164e+02 -7.587664e-01 -6.513540e-01 3.391373e-03 -3.994198e+02 -3.547036e-02 4.651739e-02 9.982875e-01 -3.626972e+00
-6.527068e-01 7.552544e-01 -5.970619e-02 -1.422711e+02 -7.567167e-01 -6.537363e-01 2.962350e-03 -4.014514e+02 -3.679479e-02 4.711423e-02 9.982116e-01 -3.696406e+00
-6.545405e-01 7.536185e-01 -6.029739e-02 -1.440457e+02 -7.551232e-01 -6.555742e-01 3.415427e-03 -4.034838e+02 -3.695549e-02 4.776751e-02 9.981746e-01 -3.765300e+00
-6.559246e-01 7.523804e-01 -6.071657e-02 -1.458190e+02 -7.539040e-01 -6.569757e-01 3.435850e-03 -4.055068e+02 -3.730424e-02 4.802814e-02 9.981492e-01 -3.836597e+00
-6.571543e-01 7.512602e-01 -6.128854e-02 -1.475995e+02 -7.528315e-01 -6.582011e-01 4.016480e-03 -4.075276e+02 -3.732276e-02 4.877940e-02 9.981121e-01 -3.907536e+00
-6.580929e-01 7.502620e-01 -6.340927e-02 -1.493828e+02 -7.519255e-01 -6.592378e-01 3.719603e-03 -4.095467e+02 -3.901109e-02 5.012691e-02 9.979807e-01 -3.980082e+00
-6.589909e-01 7.491956e-01 -6.660935e-02 -1.511607e+02 -7.509850e-01 -6.603132e-01 2.830406e-03 -4.115566e+02 -4.186251e-02 5.188784e-02 9.977751e-01 -4.058087e+00
-6.599936e-01 7.480904e-01 -6.905874e-02 -1.529513e+02 -7.499908e-01 -6.614440e-01 2.450163e-03 -4.135731e+02 -4.384555e-02 5.341053e-02 9.976096e-01 -4.143348e+00
-6.611783e-01 7.471704e-01 -6.767301e-02 -1.547357e+02 -7.490239e-01 -6.625358e-01 3.121820e-03 -4.155792e+02 -4.250325e-02 5.275280e-02 9.977027e-01 -4.229735e+00
-6.628287e-01 7.461588e-01 -6.249115e-02 -1.565184e+02 -7.477525e-01 -6.639695e-01 3.281927e-03 -4.175829e+02 -3.904339e-02 4.890329e-02 9.980400e-01 -4.313685e+00
-6.641895e-01 7.452351e-01 -5.896505e-02 -1.583062e+02 -7.466385e-01 -6.652246e-01 2.723660e-03 -4.195826e+02 -3.719525e-02 4.583462e-02 9.982564e-01 -4.389719e+00
-6.651961e-01 7.443478e-01 -5.882787e-02 -1.600977e+02 -7.457003e-01 -6.662798e-01 1.584629e-03 -4.215804e+02 -3.801630e-02 4.492206e-02 9.982669e-01 -4.460465e+00
-6.660397e-01 7.436795e-01 -5.772280e-02 -1.618945e+02 -7.449305e-01 -6.671421e-01 2.310961e-04 -4.235780e+02 -3.833745e-02 4.315341e-02 9.983327e-01 -4.533320e+00
-6.670323e-01 7.430395e-01 -5.440671e-02 -1.636895e+02 -7.441355e-01 -6.680289e-01 -1.732660e-04 -4.255678e+02 -3.647400e-02 4.037040e-02 9.985188e-01 -4.608082e+00
-6.678262e-01 7.423612e-01 -5.392588e-02 -1.654887e+02 -7.433887e-01 -6.688581e-01 -1.480208e-03 -4.275574e+02 -3.716761e-02 3.909938e-02 9.985438e-01 -4.681542e+00
-6.681282e-01 7.419365e-01 -5.599008e-02 -1.672871e+02 -7.429881e-01 -6.692982e-01 -2.956224e-03 -4.295358e+02 -3.966739e-02 3.962484e-02 9.984269e-01 -4.756491e+00
-6.679353e-01 7.418652e-01 -5.914725e-02 -1.690905e+02 -7.430154e-01 -6.692643e-01 -3.682255e-03 -4.315171e+02 -4.231688e-02 4.148781e-02 9.982424e-01 -4.834781e+00
-6.666712e-01 7.423838e-01 -6.645150e-02 -1.708927e+02 -7.437909e-01 -6.683930e-01 -5.117053e-03 -4.334890e+02 -4.821455e-02 4.601465e-02 9.977766e-01 -4.914505e+00
