9.999999e-01 3.492460e-10 0.000000e+00 2.980232e-08 2.328306e-10 1.000000e+00 8.185452e-12 4.656613e-10 4.656613e-10 9.358700e-10 1.000000e+00 0.000000e+00
9.999956e-01 -1.304920e-03 2.647890e-03 1.529323e+00 1.310836e-03 9.999967e-01 -2.233467e-03 -9.154328e-03 -2.644967e-03 2.236929e-03 9.999941e-01 2.139061e-02
9.999898e-01 -2.823901e-03 3.515814e-03 3.052974e+00 2.834564e-03 9.999914e-01 -3.031782e-03 -1.283398e-02 -3.507223e-03 3.041715e-03 9.999893e-01 4.143554e-02
9.999863e-01 -4.210279e-03 3.111105e-03 4.566998e+00 4.217016e-03 9.999889e-01 -2.161629e-03 -1.379317e-02 -3.101969e-03 2.174720e-03 9.999929e-01 5.973201e-02
9.999790e-01 -5.654372e-03 3.148811e-03 6.080223e+00 5.659328e-03 9.999829e-01 -1.567114e-03 -7.225310e-03 -3.139897e-03 1.584902e-03 9.999938e-01 7.232374e-02
9.999694e-01 -6.938602e-03 3.594418e-03 7.616261e+00 6.944668e-03 9.999745e-01 -1.677612e-03 1.180196e-03 -3.582685e-03 1.702523e-03 9.999922e-01 8.330826e-02
9.999565e-01 -8.528360e-03 3.763338e-03 9.100219e+00 8.535190e-03 9.999621e-01 -1.802207e-03 1.107182e-02 -3.747827e-03 1.834251e-03 9.999913e-01 9.535326e-02
9.999429e-01 -1.027722e-02 2.919599e-03 1.060050e+01 1.028773e-02 9.999406e-01 -3.608507e-03 2.056302e-02 -2.882340e-03 3.638340e-03 9.999893e-01 1.068421e-01
9.999273e-01 -1.161851e-02 3.215879e-03 1.209551e+01 1.163386e-02 9.999208e-01 -4.795038e-03 3.433619e-02 -3.159915e-03 4.832105e-03 9.999833e-01 1.120298e-01
9.999114e-01 -1.288935e-02 3.322729e-03 1.358877e+01 1.290536e-02 9.999050e-01 -4.840389e-03 5.108924e-02 -3.260024e-03 4.882843e-03 9.999827e-01 1.192778e-01
9.998968e-01 -1.406025e-02 2.948426e-03 1.507745e+01 1.407293e-02 9.998917e-01 -4.326384e-03 7.372478e-02 -2.887277e-03 4.367434e-03 9.999864e-01 1.288060e-01
9.998877e-01 -1.455679e-02 3.561722e-03 1.656213e+01 1.456653e-02 9.998903e-01 -2.725247e-03 1.013710e-01 -3.521661e-03 2.776825e-03 9.999900e-01 1.439475e-01
9.998781e-01 -1.502189e-02 4.257950e-03 1.804477e+01 1.502695e-02 9.998865e-01 -1.159361e-03 1.328822e-01 -4.240051e-03 1.223207e-03 9.999902e-01 1.579022e-01
9.998654e-01 -1.561297e-02 5.054854e-03 1.951863e+01 1.561386e-02 9.998782e-01 -1.359421e-04 1.630042e-01 -5.052116e-03 2.148531e-04 9.999872e-01 1.723180e-01
9.998573e-01 -1.605057e-02 5.257038e-03 2.099204e+01 1.605152e-02 9.998712e-01 -1.382265e-04 1.928943e-01 -5.254141e-03 2.225912e-04 9.999862e-01 1.805809e-01
9.998486e-01 -1.655767e-02 5.347153e-03 2.245413e+01 1.655617e-02 9.998628e-01 3.232054e-04 2.191896e-01 -5.351773e-03 -2.346280e-04 9.999857e-01 1.860838e-01
9.998446e-01 -1.660800e-02 5.911580e-03 2.391135e+01 1.660238e-02 9.998617e-01 9.999680e-04 2.464093e-01 -5.927371e-03 -9.016655e-04 9.999820e-01 1.905092e-01
9.998374e-01 -1.659962e-02 7.044970e-03 2.536384e+01 1.658642e-02 9.998606e-01 1.928627e-03 2.746311e-01 -7.076005e-03 -1.811462e-03 9.999733e-01 1.968231e-01
9.998440e-01 -1.653338e-02 6.214302e-03 2.680491e+01 1.651963e-02 9.998610e-01 2.257841e-03 3.016759e-01 -6.250768e-03 -2.154829e-03 9.999781e-01 2.010011e-01
9.998586e-01 -1.643961e-02 3.560108e-03 2.823794e+01 1.643020e-02 9.998617e-01 2.654963e-03 3.287490e-01 -3.603265e-03 -2.596090e-03 9.999900e-01 2.112457e-01
9.998637e-01 -1.612917e-02 3.519082e-03 2.966361e+01 1.612554e-02 9.998695e-01 1.058224e-03 3.534983e-01 -3.535691e-03 -1.001331e-03 9.999933e-01 2.245587e-01
9.998542e-01 -1.587312e-02 6.291305e-03 3.108543e+01 1.587284e-02 9.998741e-01 9.490111e-05 3.778786e-01 -6.292020e-03 4.973874e-06 9.999803e-01 2.387786e-01
9.998456e-01 -1.569204e-02 7.916326e-03 3.249702e+01 1.570501e-02 9.998755e-01 -1.578150e-03 4.001665e-01 -7.890576e-03 1.702236e-03 9.999675e-01 2.492568e-01
9.998555e-01 -1.542696e-02 7.151395e-03 3.389158e+01 1.544562e-02 9.998775e-01 -2.562142e-03 4.233972e-01 -7.110996e-03 2.672231e-03 9.999712e-01 2.539926e-01
9.998725e-01 -1.500678e-02 5.451132e-03 3.527568e+01 1.502036e-02 9.998842e-01 -2.459610e-03 4.502185e-01 -5.413591e-03 2.541177e-03 9.999822e-01 2.613771e-01
9.998875e-01 -1.437312e-02 4.296681e-03 3.664348e+01 1.438038e-02 9.998953e-01 -1.660161e-03 4.797241e-01 -4.272370e-03 1.721765e-03 9.999894e-01 2.705570e-01
9.999020e-01 -1.347572e-02 3.773781e-03 3.799986e+01 1.347943e-02 9.999087e-01 -9.616408e-04 5.057532e-01 -3.760477e-03 1.012416e-03 9.999924e-01 2.827894e-01
9.999139e-01 -1.234315e-02 4.459464e-03 3.933427e+01 1.234507e-02 9.999238e-01 -4.032265e-04 5.314400e-01 -4.454148e-03 4.582455e-04 9.999900e-01 2.955532e-01
9.999194e-01 -1.076309e-02 6.745419e-03 4.065841e+01 1.076164e-02 9.999421e-01 2.518006e-04 5.536152e-01 -6.747741e-03 -1.791860e-04 9.999772e-01 3.083147e-01
9.999272e-01 -9.104831e-03 7.920161e-03 4.196182e+01 9.107848e-03 9.999586e-01 -3.447525e-04 5.724329e-01 -7.916695e-03 4.168652e-04 9.999686e-01 3.190902e-01
9.999412e-01 -6.827699e-03 8.423569e-03 4.324434e+01 6.827871e-03 9.999768e-01 8.317733e-06 5.879766e-01 -8.423432e-03 4.919956e-05 9.999645e-01 3.285170e-01
9.999595e-01 -3.432781e-03 8.323189e-03 4.450779e+01 3.432753e-03 9.999942e-01 1.781620e-05 6.000487e-01 -8.323204e-03 1.075882e-05 9.999653e-01 3.369793e-01
9.999807e-01 2.820874e-04 6.190391e-03 4.574897e+01 -2.771771e-04 9.999997e-01 -7.939130e-04 6.058918e-01 -6.190614e-03 7.921856e-04 9.999805e-01 3.454703e-01
9.999824e-01 3.778682e-03 4.584016e-03 4.698231e+01 -3.773751e-03 9.999924e-01 -1.083861e-03 6.070355e-01 -4.588077e-03 1.066544e-03 9.999889e-01 3.545905e-01
9.999558e-01 7.827513e-03 5.206079e-03 4.820270e+01 -7.824307e-03 9.999692e-01 -6.360188e-04 6.103634e-01 -5.210897e-03 5.952575e-04 9.999862e-01 3.587762e-01
9.998999e-01 1.311835e-02 5.294925e-03 4.941248e+01 -1.311754e-02 9.999139e-01 -1.869812e-04 6.071926e-01 -5.296923e-03 1.175050e-04 9.999860e-01 3.645656e-01
9.997966e-01 1.969765e-02 4.319419e-03 5.061063e+01 -1.970345e-02 9.998051e-01 1.304085e-03 6.000809e-01 -4.292892e-03 -1.388926e-03 9.999898e-01 3.681920e-01
9.996235e-01 2.711906e-02 4.163591e-03 5.179647e+01 -2.713123e-02 9.996277e-01 2.892983e-03 5.860488e-01 -4.083585e-03 -3.004856e-03 9.999871e-01 3.723662e-01
9.993534e-01 3.550287e-02 5.657737e-03 5.297423e+01 -3.552547e-02 9.993610e-01 3.944321e-03 5.581214e-01 -5.514085e-03 -4.142765e-03 9.999763e-01 3.754994e-01
9.989364e-01 4.567301e-02 6.319546e-03 5.413860e+01 -4.571239e-02 9.989354e-01 6.233108e-03 5.215920e-01 -6.028135e-03 -6.515357e-03 9.999605e-01 3.782823e-01
9.982598e-01 5.858165e-02 6.763528e-03 5.528699e+01 -5.863892e-02 9.982423e-01 8.603669e-03 4.745535e-01 -6.247624e-03 -8.985301e-03 9.999401e-01 3.771601e-01
9.972829e-01 7.326533e-02 7.688840e-03 5.641845e+01 -7.334568e-02 9.972488e-01 1.074685e-02 4.108484e-01 -6.880316e-03 -1.128159e-02 9.999127e-01 3.787732e-01
9.959466e-01 8.946306e-02 9.309394e-03 5.753783e+01 -8.958138e-02 9.958923e-01 1.317959e-02 3.320622e-01 -8.092069e-03 -1.396012e-02 9.998697e-01 3.790586e-01
9.941887e-01 1.070706e-01 1.116836e-02 5.864757e+01 -1.072175e-01 9.941438e-01 1.350885e-02 2.291565e-01 -9.656556e-03 -1.462779e-02 9.998463e-01 3.798232e-01
9.919567e-01 1.261020e-01 1.096117e-02 5.973963e+01 -1.262429e-01 9.919106e-01 1.328400e-02 1.063236e-01 -9.197359e-03 -1.456092e-02 9.998516e-01 3.800846e-01
9.891877e-01 1.463179e-01 9.939544e-03 6.081607e+01 -1.464369e-01 9.891407e-01 1.252361e-02 -3.598676e-02 -7.999178e-03 -1.384372e-02 9.998721e-01 3.787356e-01
9.858913e-01 1.671289e-01 9.285580e-03 6.187799e+01 -1.672197e-01 9.858683e-01 1.006614e-02 -2.029371e-01 -7.472019e-03 -1.147685e-02 9.999062e-01 3.795401e-01
9.819437e-01 1.888606e-01 1.088328e-02 6.292371e+01 -1.889214e-01 9.819801e-01 4.856827e-03 -3.995818e-01 -9.769899e-03 -6.825215e-03 9.999290e-01 3.822973e-01
9.772523e-01 2.117416e-01 1.197487e-02 6.395287e+01 -2.117506e-01 9.773236e-01 -5.371919e-04 -6.202432e-01 -1.181707e-02 -2.010711e-03 9.999281e-01 3.830911e-01
9.718361e-01 2.354234e-01 1.051070e-02 6.496252e+01 -2.353756e-01 9.718884e-01 -5.596539e-03 -8.683681e-01 -1.153278e-02 2.964962e-03 9.999290e-01 3.779387e-01
9.655051e-01 2.602937e-01 6.855733e-03 6.594976e+01 -2.602026e-01 9.654806e-01 -1.191063e-02 -1.138383e+00 -9.719341e-03 9.715895e-03 9.999055e-01 3.717076e-01
9.581644e-01 2.861595e-01 5.807781e-03 6.692072e+01 -2.860410e-01 9.580876e-01 -1.577375e-02 -1.433808e+00 -1.007817e-02 1.345259e-02 9.998586e-01 3.623647e-01
9.496763e-01 3.131464e-01 7.352765e-03 6.787556e+01 -3.129728e-01 9.495831e-01 -1.843972e-02 -1.745687e+00 -1.275639e-02 1.521056e-02 9.998029e-01 3.595591e-01
9.401233e-01 3.407146e-01 9.034578e-03 6.881368e+01 -3.404496e-01 9.399914e-01 -2.259218e-02 -2.089996e+00 -1.618991e-02 1.816362e-02 9.997039e-01 3.535091e-01
9.294318e-01 3.689289e-01 6.925570e-03 6.972740e+01 -3.686427e-01 9.292024e-01 -2.618650e-02 -2.456844e+00 -1.609622e-02 2.178551e-02 9.996331e-01 3.460676e-01
9.175006e-01 3.977248e-01 2.783793e-03 7.061640e+01 -3.975329e-01 9.172356e-01 -2.543082e-02 -2.840298e+00 -1.266786e-02 2.222615e-02 9.996727e-01 3.368152e-01
9.045198e-01 4.264092e-01 -4.370340e-03 7.148390e+01 -4.263675e-01 9.041588e-01 -2.660149e-02 -3.249398e+00 -7.391635e-03 2.592496e-02 9.996366e-01 3.288544e-01
8.905039e-01 4.548791e-01 -9.371732e-03 7.233491e+01 -4.549518e-01 8.900575e-01 -2.857667e-02 -3.685172e+00 -4.657547e-03 2.971134e-02 9.995477e-01 3.239715e-01
8.749897e-01 4.840837e-01 -7.476912e-03 7.317161e+01 -4.840769e-01 8.745164e-01 -2.984232e-02 -4.145741e+00 -7.907503e-03 2.973113e-02 9.995267e-01 3.206974e-01
8.573644e-01 5.147088e-01 -1.099188e-03 7.399637e+01 -5.145196e-01 8.569872e-01 -2.902634e-02 -4.627751e+00 -1.399813e-02 2.545171e-02 9.995781e-01 3.195221e-01
8.378543e-01 5.458810e-01 3.748464e-03 7.479152e+01 -5.455620e-01 8.375645e-01 -2.911945e-02 -5.134471e+00 -1.903533e-02 2.235284e-02 9.995689e-01 3.171737e-01
8.167420e-01 5.770026e-01 6.370381e-04 7.555843e+01 -5.768288e-01 8.165221e-01 -2.367310e-02 -5.660606e+00 -1.417959e-02 1.896735e-02 9.997196e-01 3.081098e-01
7.947888e-01 6.068729e-01 -4.029445e-03 7.629904e+01 -6.068454e-01 7.946409e-01 -1.686772e-02 -6.211468e+00 -7.034593e-03 1.585153e-02 9.998496e-01 2.970051e-01
7.723371e-01 6.351860e-01 -5.836896e-03 7.701139e+01 -6.351973e-01 7.722210e-01 -1.411671e-02 -6.788764e+00 -4.459361e-03 1.461043e-02 9.998834e-01 2.902260e-01
7.491956e-01 6.623341e-01 -4.402605e-03 7.770350e+01 -6.623009e-01 7.490449e-01 -1.700747e-02 -7.398120e+00 -7.966881e-03 1.565778e-02 9.998456e-01 2.890519e-01
7.248763e-01 6.888731e-01 -2.874128e-03 7.836765e+01 -6.888092e-01 7.247371e-01 -1.727019e-02 -8.023759e+00 -9.813979e-03 1.449848e-02 9.998467e-01 2.916700e-01
6.995909e-01 7.145165e-01 -6.221024e-03 7.899664e+01 -7.145084e-01 6.994434e-01 -1.602584e-02 -8.664335e+00 -7.099471e-03 1.565652e-02 9.998522e-01 2.896810e-01
6.734282e-01 7.392032e-01 -8.543361e-03 7.960458e+01 -7.392401e-01 6.733043e-01 -1.362445e-02 -9.327297e+00 -4.318949e-03 1.549069e-02 9.998707e-01 2.854429e-01
6.464537e-01 7.629157e-01 -7.555269e-03 8.018771e+01 -7.629440e-01 6.463659e-01 -1.129572e-02 -1.000884e+01 -3.734210e-03 1.306641e-02 9.999076e-01 2.842170e-01
6.186540e-01 7.856181e-01 -8.450310e-03 8.074850e+01 -7.856582e-01 6.185744e-01 -1.034208e-02 -1.071648e+01 -2.897775e-03 1.303723e-02 9.999108e-01 2.864458e-01
5.900227e-01 8.073074e-01 -1.131044e-02 8.128402e+01 -8.073805e-01 5.900152e-01 -4.342749e-03 -1.144055e+01 3.167405e-03 1.169416e-02 9.999266e-01 2.892036e-01
5.599802e-01 8.283659e-01 -1.523744e-02 8.180641e+01 -8.284127e-01 5.600985e-01 4.710021e-03 -1.217836e+01 1.243609e-02 9.985371e-03 9.998727e-01 3.104615e-01
5.291334e-01 8.483309e-01 -1.877434e-02 8.231839e+01 -8.482788e-01 5.293894e-01 1.303652e-02 -1.294048e+01 2.099823e-02 9.027825e-03 9.997386e-01 3.440428e-01
4.975162e-01 8.672743e-01 -1.769175e-02 8.281009e+01 -8.671123e-01 4.977893e-01 1.794999e-02 -1.372541e+01 2.437434e-02 6.410331e-03 9.996824e-01 3.877295e-01
4.652823e-01 8.850622e-01 -1.331573e-02 8.326228e+01 -8.849009e-01 4.654578e-01 1.730650e-02 -1.453533e+01 2.151525e-02 3.730696e-03 9.997616e-01 4.261313e-01
4.325550e-01 9.015859e-01 -6.257036e-03 8.369619e+01 -9.014534e-01 4.325990e-01 1.549273e-02 -1.536534e+01 1.667481e-02 -1.061022e-03 9.998603e-01 4.688673e-01
3.984777e-01 9.171774e-01 -1.092058e-03 8.408627e+01 -9.170507e-01 3.984419e-01 1.619297e-02 -1.620816e+01 1.528695e-02 -5.451064e-03 9.998683e-01 5.011835e-01
3.635110e-01 9.315703e-01 6.050883e-03 8.445752e+01 -9.314619e-01 3.633457e-01 1.894235e-02 -1.707123e+01 1.544756e-02 -1.252191e-02 9.998023e-01 5.328327e-01
3.279108e-01 9.446307e-01 1.213162e-02 8.479101e+01 -9.445771e-01 3.276236e-01 2.090568e-02 -1.795021e+01 1.577354e-02 -1.831444e-02 9.997078e-01 5.579959e-01
2.918828e-01 9.563115e-01 1.651296e-02 8.508683e+01 -9.563494e-01 2.915519e-01 1.983419e-02 -1.884941e+01 1.415328e-02 -2.158142e-02 9.996669e-01 5.838590e-01
2.557430e-01 9.665689e-01 1.844450e-02 8.534682e+01 -9.666449e-01 2.553958e-01 1.924812e-02 -1.976381e+01 1.389399e-02 -2.275185e-02 9.996446e-01 6.158696e-01
2.199097e-01 9.753361e-01 1.895320e-02 8.557407e+01 -9.754256e-01 2.195762e-01 1.819759e-02 -2.069479e+01 1.358710e-02 -2.248926e-02 9.996548e-01 6.625469e-01
1.845390e-01 9.826592e-01 1.806872e-02 8.576087e+01 -9.827334e-01 1.842392e-01 1.706206e-02 -2.163637e+01 1.343723e-02 -2.090534e-02 9.996912e-01 7.064501e-01
1.498204e-01 9.886448e-01 1.162260e-02 8.590862e+01 -9.886261e-01 1.496405e-01 1.504866e-02 -2.258887e+01 1.313858e-02 -1.374500e-02 9.998192e-01 7.435436e-01
1.161548e-01 9.931960e-01 8.354847e-03 8.602187e+01 -9.930867e-01 1.159903e-01 1.803338e-02 -2.354219e+01 1.694161e-02 -1.039175e-02 9.998025e-01 7.829779e-01
8.352020e-02 9.964712e-01 8.343272e-03 8.611227e+01 -9.962451e-01 8.330376e-02 2.358762e-02 -2.450058e+01 2.280936e-02 -1.028198e-02 9.996870e-01 8.151737e-01
5.395047e-02 9.985408e-01 2.390715e-03 8.616558e+01 -9.981834e-01 5.386654e-02 2.698948e-02 -2.546323e+01 2.682132e-02 -3.842457e-03 9.996328e-01 8.643805e-01
2.820350e-02 9.996020e-01 4.438132e-04 8.619200e+01 -9.992548e-01 2.818199e-02 2.637432e-02 -2.643389e+01 2.635132e-02 -1.187331e-03 9.996521e-01 9.059752e-01
5.664534e-03 9.999838e-01 3.217936e-04 8.620273e+01 -9.997360e-01 5.655963e-03 2.226637e-02 -2.741559e+01 2.226420e-02 -4.478285e-04 9.997519e-01 9.527204e-01
-1.343623e-02 9.999096e-01 5.643175e-04 8.619142e+01 -9.997309e-01 -1.344450e-02 1.890196e-02 -2.839911e+01 1.890785e-02 -3.101850e-04 9.998212e-01 9.915669e-01
-3.002053e-02 9.995490e-01 -8.320842e-04 8.616343e+01 -9.993155e-01 -2.999550e-02 2.165445e-02 -2.937807e+01 2.161973e-02 1.481595e-03 9.997653e-01 1.047794e+00
-4.492517e-02 9.989864e-01 -2.815770e-03 8.611640e+01 -9.986223e-01 -4.483194e-02 2.726996e-02 -3.035974e+01 2.711610e-02 4.036999e-03 9.996241e-01 1.098068e+00
-5.706394e-02 9.983490e-01 -6.558602e-03 8.605521e+01 -9.978980e-01 -5.683358e-02 3.114108e-02 -3.134562e+01 3.071692e-02 8.321856e-03 9.994935e-01 1.147902e+00
-6.650530e-02 9.977143e-01 -1.196810e-02 8.598018e+01 -9.972054e-01 -6.605268e-02 3.490578e-02 -3.233538e+01 3.403547e-02 1.425608e-02 9.993190e-01 1.205058e+00
-7.251100e-02 9.972557e-01 -1.494422e-02 8.589828e+01 -9.966156e-01 -7.186642e-02 3.990744e-02 -3.332524e+01 3.872394e-02 1.778738e-02 9.990916e-01 1.258287e+00
-7.637474e-02 9.969465e-01 -1.626636e-02 8.581642e+01 -9.961138e-01 -7.557291e-02 4.523338e-02 -3.431591e+01 4.386599e-02 1.965785e-02 9.988440e-01 1.317784e+00
-7.932383e-02 9.966847e-01 -1.808959e-02 8.572928e+01 -9.957276e-01 -7.836106e-02 4.884846e-02 -3.531430e+01 4.726901e-02 2.188715e-02 9.986424e-01 1.374300e+00
-8.212794e-02 9.964575e-01 -1.809598e-02 8.564235e+01 -9.953301e-01 -8.108379e-02 5.237945e-02 -3.631474e+01 5.072661e-02 2.231329e-02 9.984633e-01 1.437790e+00
-8.460382e-02 9.962406e-01 -1.862245e-02 8.555244e+01 -9.949951e-01 -8.347117e-02 5.493332e-02 -3.731718e+01 5.317239e-02 2.317682e-02 9.983163e-01 1.499469e+00
-8.667640e-02 9.960513e-01 -1.920929e-02 8.545911e+01 -9.945943e-01 -8.541080e-02 5.905142e-02 -3.832056e+01 5.717757e-02 2.422382e-02 9.980701e-01 1.564787e+00
-8.891679e-02 9.958038e-01 -2.164753e-02 8.535453e+01 -9.943147e-01 -8.746357e-02 6.073327e-02 -3.932956e+01 5.858506e-02 2.692467e-02 9.979193e-01 1.642244e+00
-9.092500e-02 9.956169e-01 -2.190040e-02 8.525011e+01 -9.941908e-01 -8.947895e-02 5.981888e-02 -4.034713e+01 5.759707e-02 2.721222e-02 9.979690e-01 1.723626e+00
-9.329753e-02 9.954230e-01 -2.070462e-02 8.514639e+01 -9.940423e-01 -9.195088e-02 5.852254e-02 -4.136598e+01 5.635087e-02 2.604129e-02 9.980713e-01 1.799851e+00
-9.535559e-02 9.952228e-01 -2.094887e-02 8.503897e+01 -9.937620e-01 -9.395081e-02 6.008753e-02 -4.238476e+01 5.783233e-02 2.654788e-02 9.979733e-01 1.870494e+00
-9.779458e-02 9.950176e-01 -1.939006e-02 8.493152e+01 -9.934099e-01 -9.642924e-02 6.195441e-02 -4.340684e+01 5.977597e-02 2.532109e-02 9.978907e-01 1.942722e+00
-1.003750e-01 9.947941e-01 -1.758984e-02 8.481750e+01 -9.929911e-01 -9.905309e-02 6.447642e-02 -4.443564e+01 6.239844e-02 2.393840e-02 9.977642e-01 2.018500e+00
-1.028463e-01 9.945860e-01 -1.487252e-02 8.470060e+01 -9.925095e-01 -1.016175e-01 6.781515e-02 -4.546831e+01 6.593671e-02 2.173566e-02 9.975871e-01 2.096807e+00
-1.048922e-01 9.944237e-01 -1.091170e-02 8.458433e+01 -9.919727e-01 -1.038418e-01 7.216071e-02 -4.650307e+01 7.062525e-02 1.839321e-02 9.973333e-01 2.175251e+00
-1.072733e-01 9.941959e-01 -8.178503e-03 8.446346e+01 -9.915147e-01 -1.063692e-01 7.472786e-02 -4.754377e+01 7.342419e-02 1.612541e-02 9.971704e-01 2.257399e+00
-1.097870e-01 9.939350e-01 -6.335968e-03 8.434132e+01 -9.913360e-01 -1.090329e-01 7.324461e-02 -4.858847e+01 7.210955e-02 1.432238e-02 9.972938e-01 2.338503e+00
-1.125429e-01 9.936417e-01 -3.212730e-03 8.421496e+01 -9.913200e-01 -1.120575e-01 6.875876e-02 -4.964437e+01 6.796156e-02 1.092316e-02 9.976282e-01 2.431013e+00
-1.150822e-01 9.933513e-01 -3.063580e-03 8.408304e+01 -9.911408e-01 -1.146192e-01 6.710028e-02 -5.069867e+01 6.630301e-02 1.075849e-02 9.977416e-01 2.515704e+00
-1.169666e-01 9.931324e-01 -2.601230e-03 8.394789e+01 -9.909022e-01 -1.165275e-01 6.733738e-02 -5.175498e+01 6.657182e-02 1.045380e-02 9.977268e-01 2.598104e+00
-1.184250e-01 9.929566e-01 -3.566487e-03 8.380971e+01 -9.905490e-01 -1.178861e-01 7.011135e-02 -5.281106e+01 6.919710e-02 1.183573e-02 9.975328e-01 2.676760e+00
-1.191195e-01 9.928730e-01 -3.709412e-03 8.366994e+01 -9.902711e-01 -1.185349e-01 7.288913e-02 -5.386982e+01 7.192995e-02 1.235584e-02 9.973331e-01 2.758225e+00
-1.194971e-01 9.928308e-01 -2.703884e-03 8.352983e+01 -9.901317e-01 -1.189707e-01 7.406358e-02 -5.493849e+01 7.321094e-02 1.152760e-02 9.972498e-01 2.844924e+00
-1.190840e-01 9.928841e-01 4.209774e-04 8.339412e+01 -9.902828e-01 -1.188027e-01 7.229121e-02 -5.601171e+01 7.182683e-02 8.191850e-03 9.973836e-01 2.931240e+00
-1.190142e-01 9.928838e-01 4.160737e-03 8.325947e+01 -9.902831e-01 -1.190040e-01 7.195615e-02 -5.708654e+01 7.193925e-02 4.443503e-03 9.973992e-01 3.019931e+00
-1.188177e-01 9.928839e-01 7.992713e-03 8.312698e+01 -9.902110e-01 -1.190840e-01 7.280966e-02 -5.816276e+01 7.324335e-02 7.366111e-04 9.973139e-01 3.105715e+00
-1.188611e-01 9.928369e-01 1.211617e-02 8.299238e+01 -9.901449e-01 -1.194314e-01 7.313885e-02 -5.924530e+01 7.406199e-02 -3.303389e-03 9.972483e-01 3.195620e+00
-1.190588e-01 9.927636e-01 1.566876e-02 8.285745e+01 -9.901563e-01 -1.198863e-01 7.223592e-02 -6.033574e+01 7.359166e-02 -6.914186e-03 9.972645e-01 3.285216e+00
-1.194804e-01 9.927202e-01 1.519305e-02 8.271174e+01 -9.904605e-01 -1.202387e-01 6.731173e-02 -6.144180e+01 6.864852e-02 -7.005681e-03 9.976163e-01 3.373746e+00
-1.200404e-01 9.927063e-01 1.116019e-02 8.256638e+01 -9.909652e-01 -1.204921e-01 5.890264e-02 -6.254515e+01 5.981774e-02 -3.988655e-03 9.982014e-01 3.448569e+00
-1.203613e-01 9.927142e-01 5.632995e-03 8.241467e+01 -9.913378e-01 -1.204910e-01 5.226251e-02 -6.365538e+01 5.256046e-02 7.061948e-04 9.986175e-01 3.510761e+00
-1.201243e-01 9.927545e-01 -2.908994e-03 8.225746e+01 -9.912757e-01 -1.197842e-01 5.499280e-02 -6.475674e+01 5.424592e-02 9.489595e-03 9.984826e-01 3.564592e+00
-1.193686e-01 9.928141e-01 -8.440268e-03 8.210187e+01 -9.910638e-01 -1.186398e-01 6.096942e-02 -6.586031e+01 5.952997e-02 1.564269e-02 9.981040e-01 3.616449e+00
-1.188366e-01 9.928507e-01 -1.120190e-02 8.195272e+01 -9.907933e-01 -1.178382e-01 6.665393e-02 -6.696883e+01 6.485740e-02 1.901970e-02 9.977134e-01 3.677633e+00
-1.182682e-01 9.929104e-01 -1.189654e-02 8.180699e+01 -9.906122e-01 -1.171504e-01 7.044995e-02 -6.808200e+01 6.855681e-02 2.011685e-02 9.974443e-01 3.746766e+00
-1.180617e-01 9.929635e-01 -9.208414e-03 8.166654e+01 -9.906811e-01 -1.171460e-01 6.948298e-02 -6.920693e+01 6.791535e-02 1.732588e-02 9.975407e-01 3.818580e+00
-1.175839e-01 9.930332e-01 -7.691932e-03 8.152530e+01 -9.910588e-01 -1.168512e-01 6.440791e-02 -7.033961e+01 6.306039e-02 1.519651e-02 9.978940e-01 3.895126e+00
-1.172427e-01 9.930820e-01 -6.495544e-03 8.138521e+01 -9.912738e-01 -1.166273e-01 6.143641e-02 -7.147626e+01 6.025384e-02 1.364184e-02 9.980899e-01 3.963808e+00
-1.170407e-01 9.931143e-01 -5.042305e-03 8.124605e+01 -9.912375e-01 -1.165035e-01 6.225124e-02 -7.260847e+01 6.123517e-02 1.228406e-02 9.980478e-01 4.031215e+00
-1.169131e-01 9.931307e-01 -4.759070e-03 8.110318e+01 -9.909671e-01 -1.163388e-01 6.670569e-02 -7.374454e+01 6.569380e-02 1.251487e-02 9.977613e-01 4.099592e+00
-1.162990e-01 9.932032e-01 -4.677362e-03 8.095962e+01 -9.907708e-01 -1.156814e-01 7.064827e-02 -7.488314e+01 6.962702e-02 1.285052e-02 9.974904e-01 4.172797e+00
-1.159197e-01 9.932466e-01 -4.881381e-03 8.081580e+01 -9.908851e-01 -1.153018e-01 6.965706e-02 -7.603381e+01 6.862383e-02 1.291153e-02 9.975592e-01 4.250062e+00
-1.153626e-01 9.932986e-01 -7.016125e-03 8.066918e+01 -9.914848e-01 -1.147167e-01 6.162931e-02 -7.719628e+01 6.041146e-02 1.406610e-02 9.980745e-01 4.329010e+00
-1.155285e-01 9.932801e-01 -6.907789e-03 8.052546e+01 -9.915166e-01 -1.149009e-01 6.076723e-02 -7.835406e+01 5.956518e-02 1.386955e-02 9.981281e-01 4.402655e+00
-1.153134e-01 9.933195e-01 -4.372530e-03 8.038567e+01 -9.913321e-01 -1.148015e-01 6.388528e-02 -7.951122e+01 6.295653e-02 1.170147e-02 9.979476e-01 4.470985e+00
-1.150638e-01 9.933521e-01 -3.492828e-03 8.024354e+01 -9.911482e-01 -1.145726e-01 6.707098e-02 -8.067197e+01 6.622493e-02 1.117936e-02 9.977421e-01 4.541437e+00
-1.149015e-01 9.933733e-01 -2.694183e-03 8.010081e+01 -9.911940e-01 -1.144689e-01 6.656940e-02 -8.184663e+01 6.581985e-02 1.031939e-02 9.977782e-01 4.619951e+00
-1.143630e-01 9.934364e-01 -2.299931e-03 7.996004e+01 -9.914638e-01 -1.139893e-01 6.329469e-02 -8.300765e+01 6.261710e-02 9.518874e-03 9.979923e-01 4.699255e+00
-1.134142e-01 9.935421e-01 -3.372545e-03 7.981680e+01 -9.916588e-01 -1.129887e-01 6.201934e-02 -8.417051e+01 6.123778e-02 1.037829e-02 9.980692e-01 4.776101e+00
-1.120617e-01 9.936891e-01 -4.910061e-03 7.967265e+01 -9.918075e-01 -1.115419e-01 6.226148e-02 -8.534058e+01 6.132089e-02 1.184697e-02 9.980478e-01 4.849384e+00
-1.110772e-01 9.937820e-01 -7.688098e-03 7.952593e+01 -9.919071e-01 -1.103823e-01 6.273942e-02 -8.651517e+01 6.150069e-02 1.459480e-02 9.980003e-01 4.910725e+00
-1.098853e-01 9.939159e-01 -7.506782e-03 7.938265e+01 -9.920644e-01 -1.092100e-01 6.230197e-02 -8.770287e+01 6.110312e-02 1.429328e-02 9.980292e-01 4.978980e+00
-1.086000e-01 9.940464e-01 -8.810580e-03 7.923920e+01 -9.921628e-01 -1.078347e-01 6.312539e-02 -8.889026e+01 6.179949e-02 1.559695e-02 9.979667e-01 5.042750e+00
-1.075333e-01 9.941572e-01 -9.385984e-03 7.909535e+01 -9.924334e-01 -1.067746e-01 6.062322e-02 -9.009962e+01 5.926684e-02 1.583399e-02 9.981167e-01 5.117496e+00
-1.064211e-01 9.942874e-01 -8.184214e-03 7.895538e+01 -9.925796e-01 -1.057442e-01 6.003415e-02 -9.131350e+01 5.882578e-02 1.451240e-02 9.981627e-01 5.192249e+00
-1.051770e-01 9.944094e-01 -9.356479e-03 7.881447e+01 -9.927431e-01 -1.044398e-01 5.961160e-02 -9.252749e+01 5.830115e-02 1.555836e-02 9.981778e-01 5.266829e+00
-1.035016e-01 9.945986e-01 -7.821639e-03 7.867677e+01 -9.928750e-01 -1.028490e-01 6.017897e-02 -9.374884e+01 5.904947e-02 1.399454e-02 9.981570e-01 5.343144e+00
-1.020069e-01 9.947516e-01 -7.990987e-03 7.853935e+01 -9.928486e-01 -1.013044e-01 6.316074e-02 -9.497070e+01 6.201974e-02 1.437669e-02 9.979714e-01 5.418644e+00
-1.007302e-01 9.948936e-01 -6.313758e-03 7.840626e+01 -9.929806e-01 -1.001371e-01 6.294522e-02 -9.620000e+01 6.199156e-02 1.260994e-02 9.979970e-01 5.495158e+00
-9.999031e-02 9.949853e-01 -2.474125e-03 7.829066e+01 -9.931943e-01 -9.966047e-02 6.027494e-02 -9.743187e+01 5.972612e-02 8.484197e-03 9.981788e-01 5.570414e+00
-9.966876e-02 9.950206e-01 6.303604e-05 7.817118e+01 -9.931436e-01 -9.948464e-02 6.139203e-02 -9.866495e+01 6.109261e-02 6.056266e-03 9.981138e-01 5.644727e+00
-9.977464e-02 9.950064e-01 2.681924e-03 7.805164e+01 -9.931105e-01 -9.975023e-02 6.149442e-02 -9.990622e+01 6.145488e-02 3.472141e-03 9.981039e-01 5.721524e+00
-1.006415e-01 9.949085e-01 5.315258e-03 7.792847e+01 -9.931921e-01 -1.007800e-01 5.842038e-02 -1.011525e+02 5.865863e-02 6.004508e-04 9.982779e-01 5.799486e+00
-1.017700e-01 9.947804e-01 7.421480e-03 7.780508e+01 -9.931515e-01 -1.020280e-01 5.692774e-02 -1.024021e+02 5.738780e-02 -1.577113e-03 9.983507e-01 5.876791e+00
-1.029902e-01 9.946405e-01 9.121398e-03 7.767655e+01 -9.930518e-01 -1.033420e-01 5.629228e-02 -1.036499e+02 5.693322e-02 -3.260461e-03 9.983727e-01 5.951480e+00
-1.046831e-01 9.944599e-01 9.525411e-03 7.754437e+01 -9.928790e-01 -1.050546e-01 5.616930e-02 -1.048996e+02 5.685882e-02 -3.577599e-03 9.983758e-01 6.028395e+00
-1.069705e-01 9.942193e-01 9.227392e-03 7.740649e+01 -9.927117e-01 -1.073172e-01 5.483129e-02 -1.061491e+02 5.550459e-02 -3.294797e-03 9.984530e-01 6.103413e+00
-1.098134e-01 9.938750e-01 1.238795e-02 7.727061e+01 -9.926466e-01 -1.102992e-01 4.986900e-02 -1.073999e+02 5.092993e-02 -6.820570e-03 9.986790e-01 6.178706e+00
-1.138782e-01 9.934101e-01 1.295991e-02 7.712729e+01 -9.922066e-01 -1.143849e-01 4.941709e-02 -1.086417e+02 5.057387e-02 -7.231374e-03 9.986942e-01 6.249791e+00
-1.190974e-01 9.926887e-01 1.962138e-02 7.698721e+01 -9.912961e-01 -1.200006e-01 5.414985e-02 -1.098696e+02 5.610853e-02 -1.300148e-02 9.983400e-01 6.320552e+00
-1.262608e-01 9.918037e-01 1.958610e-02 7.683194e+01 -9.900914e-01 -1.272170e-01 5.945607e-02 -1.111067e+02 6.146046e-02 -1.188505e-02 9.980388e-01 6.394834e+00
-1.354345e-01 9.906321e-01 1.747879e-02 7.666228e+01 -9.890660e-01 -1.362174e-01 5.650969e-02 -1.123309e+02 5.836123e-02 -9.634312e-03 9.982491e-01 6.475987e+00
-1.464769e-01 9.890476e-01 1.814224e-02 7.648035e+01 -9.877867e-01 -1.472258e-01 5.101151e-02 -1.135610e+02 5.312382e-02 -1.044866e-02 9.985333e-01 6.555318e+00
-1.592321e-01 9.871012e-01 1.662140e-02 7.627866e+01 -9.857225e-01 -1.598982e-01 5.276032e-02 -1.147825e+02 5.473752e-02 -7.982939e-03 9.984689e-01 6.625080e+00
-1.735917e-01 9.846879e-01 1.598717e-02 7.605341e+01 -9.832671e-01 -1.742062e-01 5.327570e-02 -1.160018e+02 5.524501e-02 -6.471431e-03 9.984518e-01 6.695804e+00
-1.882624e-01 9.819820e-01 1.638864e-02 7.581713e+01 -9.806861e-01 -1.888627e-01 5.085158e-02 -1.172145e+02 5.303055e-02 -6.498660e-03 9.985718e-01 6.770922e+00
-2.037695e-01 9.789387e-01 1.253074e-02 7.555563e+01 -9.775280e-01 -2.041488e-01 5.255962e-02 -1.184160e+02 5.401079e-02 -1.539089e-03 9.985391e-01 6.845366e+00
-2.191256e-01 9.755929e-01 1.423010e-02 7.528532e+01 -9.739952e-01 -2.195812e-01 5.583492e-02 -1.196039e+02 5.759683e-02 -1.625175e-03 9.983385e-01 6.918972e+00
-2.344049e-01 9.720073e-01 1.600853e-02 7.499747e+01 -9.701385e-01 -2.349467e-01 6.026123e-02 -1.207806e+02 6.233552e-02 -1.404944e-03 9.980543e-01 6.995749e+00
-2.504056e-01 9.679270e-01 2.035787e-02 7.469751e+01 -9.661841e-01 -2.511805e-01 5.828200e-02 -1.219584e+02 6.152622e-02 -5.075316e-03 9.980925e-01 7.075043e+00
-2.664179e-01 9.635110e-01 2.584804e-02 7.438132e+01 -9.621962e-01 -2.674370e-01 5.153676e-02 -1.231436e+02 5.656896e-02 -1.114056e-02 9.983366e-01 7.152832e+00
-2.821734e-01 9.588921e-01 3.007360e-02 7.404382e+01 -9.578660e-01 -2.833453e-01 4.699451e-02 -1.243199e+02 5.358388e-02 -1.554587e-02 9.984422e-01 7.224758e+00
-2.974403e-01 9.541610e-01 3.325484e-02 7.368900e+01 -9.531078e-01 -2.987876e-01 4.807884e-02 -1.254805e+02 5.581110e-02 -1.739485e-02 9.982898e-01 7.293057e+00
-3.120018e-01 9.494334e-01 3.508629e-02 7.331316e+01 -9.482776e-01 -3.134717e-01 5.005209e-02 -1.266312e+02 5.851970e-02 -1.765520e-02 9.981301e-01 7.361022e+00
-3.259941e-01 9.447157e-01 3.521342e-02 7.292010e+01 -9.434455e-01 -3.274808e-01 5.164429e-02 -1.277695e+02 6.032090e-02 -1.638621e-02 9.980446e-01 7.433552e+00
-3.403250e-01 9.396843e-01 3.423922e-02 7.250725e+01 -9.383628e-01 -3.417367e-01 5.187837e-02 -1.289032e+02 6.045010e-02 -1.447329e-02 9.980662e-01 7.508429e+00
-3.545248e-01 9.343947e-01 3.490904e-02 7.208115e+01 -9.332056e-01 -3.559217e-01 4.946801e-02 -1.300285e+02 5.864754e-02 -1.503967e-02 9.981654e-01 7.585360e+00
-3.690563e-01 9.287219e-01 3.567996e-02 7.163959e+01 -9.276119e-01 -3.704568e-01 4.793674e-02 -1.311456e+02 5.773779e-02 -1.540579e-02 9.982129e-01 7.660283e+00
-3.838090e-01 9.225979e-01 3.877894e-02 7.118600e+01 -9.214762e-01 -3.853845e-01 4.858474e-02 -1.322485e+02 5.976900e-02 -1.708661e-02 9.980661e-01 7.733722e+00
-3.985493e-01 9.162792e-01 3.988383e-02 7.071347e+01 -9.149841e-01 -4.002181e-01 5.128112e-02 -1.333379e+02 6.295008e-02 -1.605500e-02 9.978876e-01 7.806933e+00
-4.134348e-01 9.096195e-01 4.079209e-02 7.021982e+01 -9.082463e-01 -4.151557e-01 5.229041e-02 -1.344264e+02 6.449946e-02 -1.543059e-02 9.977985e-01 7.883630e+00
-4.278700e-01 9.029360e-01 4.042009e-02 6.970644e+01 -9.013561e-01 -4.295805e-01 5.493618e-02 -1.355038e+02 6.696754e-02 -1.292735e-02 9.976714e-01 7.963165e+00
-4.426281e-01 8.956686e-01 4.310674e-02 6.917583e+01 -8.938936e-01 -4.445340e-01 5.782663e-02 -1.365778e+02 7.095592e-02 -1.293713e-02 9.973955e-01 8.044110e+00
-4.576133e-01 8.880025e-01 4.518398e-02 6.862772e+01 -8.860300e-01 -4.596719e-01 6.043779e-02 -1.376458e+02 7.443872e-02 -1.237722e-02 9.971488e-01 8.127654e+00
-4.729146e-01 8.798807e-01 4.649523e-02 6.805664e+01 -8.781016e-01 -4.749999e-01 5.755739e-02 -1.387159e+02 7.272886e-02 -1.360780e-02 9.972589e-01 8.214291e+00
-4.889105e-01 8.709450e-01 4.920718e-02 6.746941e+01 -8.694822e-01 -4.910938e-01 5.317749e-02 -1.397816e+02 7.048000e-02 -1.678572e-02 9.973720e-01 8.303731e+00
-5.049046e-01 8.616574e-01 5.116616e-02 6.685798e+01 -8.602344e-01 -5.071886e-01 5.250302e-02 -1.408389e+02 7.119052e-02 -1.750586e-02 9.973091e-01 8.388868e+00
-5.207208e-01 8.520244e-01 5.389077e-02 6.622720e+01 -8.506559e-01 -5.231624e-01 5.182382e-02 -1.418820e+02 7.234879e-02 -1.885675e-02 9.972010e-01 8.472882e+00
-5.364859e-01 8.420711e-01 5.567138e-02 6.557330e+01 -8.407871e-01 -5.390062e-01 5.049297e-02 -1.429213e+02 7.252589e-02 -1.971901e-02 9.971716e-01 8.561025e+00
-5.520428e-01 8.317586e-01 5.853496e-02 6.489825e+01 -8.305596e-01 -5.547285e-01 4.946985e-02 -1.439522e+02 7.361798e-02 -2.130728e-02 9.970589e-01 8.651478e+00
-5.674270e-01 8.211975e-01 6.050826e-02 6.420292e+01 -8.200283e-01 -5.702260e-01 4.895075e-02 -1.449687e+02 7.470162e-02 -2.184250e-02 9.969667e-01 8.742376e+00
-5.827475e-01 8.103582e-01 6.103239e-02 6.348293e+01 -8.093504e-01 -5.855043e-01 4.622567e-02 -1.459815e+02 7.319409e-02 -2.245869e-02 9.970648e-01 8.833843e+00
-5.980306e-01 7.992131e-01 6.014818e-02 6.274129e+01 -7.984322e-01 -6.006128e-01 4.207461e-02 -1.469819e+02 6.975236e-02 -2.286233e-02 9.973024e-01 8.925018e+00
-6.129715e-01 7.878834e-01 5.920964e-02 6.197933e+01 -7.871757e-01 -6.154287e-01 4.002383e-02 -1.479695e+02 6.797343e-02 -2.207492e-02 9.974429e-01 9.012882e+00
-6.277831e-01 7.760319e-01 6.052208e-02 6.119527e+01 -7.754025e-01 -6.302854e-01 3.861533e-02 -1.489494e+02 6.811292e-02 -2.268693e-02 9.974197e-01 9.100014e+00
-6.422753e-01 7.637278e-01 6.482501e-02 6.039566e+01 -7.631015e-01 -6.450834e-01 3.929056e-02 -1.499102e+02 7.182484e-02 -2.423269e-02 9.971229e-01 9.187961e+00
-6.572116e-01 7.504781e-01 6.968175e-02 5.957684e+01 -7.498998e-01 -6.603718e-01 3.948990e-02 -1.508623e+02 7.565217e-02 -2.630110e-02 9.967873e-01 9.276396e+00
-6.730106e-01 7.362166e-01 7.100520e-02 5.873229e+01 -7.359375e-01 -6.761396e-01 3.508770e-02 -1.518057e+02 7.384159e-02 -2.864099e-02 9.968585e-01 9.369573e+00
-6.891808e-01 7.210881e-01 7.114607e-02 5.786309e+01 -7.212806e-01 -6.920915e-01 2.763496e-02 -1.527352e+02 6.916684e-02 -3.227079e-02 9.970831e-01 9.463964e+00
-7.059210e-01 7.045711e-01 7.249086e-02 5.697159e+01 -7.049720e-01 -7.088198e-01 2.427288e-02 -1.536461e+02 6.848495e-02 -3.396928e-02 9.970737e-01 9.554845e+00
-7.231623e-01 6.865957e-01 7.498413e-02 5.605704e+01 -6.871524e-01 -7.261739e-01 2.220835e-02 -1.545367e+02 6.969970e-02 -3.546527e-02 9.969375e-01 9.641040e+00
-7.404864e-01 6.675432e-01 7.788451e-02 5.511981e+01 -6.684611e-01 -7.435421e-01 1.746369e-02 -1.554059e+02 6.956818e-02 -3.913113e-02 9.968093e-01 9.730590e+00
-7.572054e-01 6.484387e-01 7.853107e-02 5.414973e+01 -6.494563e-01 -7.602453e-01 1.528903e-02 -1.562727e+02 6.961688e-02 -3.942554e-02 9.967945e-01 9.818303e+00
-7.731253e-01 6.291965e-01 7.993044e-02 5.315659e+01 -6.300927e-01 -7.763415e-01 1.664768e-02 -1.571178e+02 7.252798e-02 -3.749285e-02 9.966614e-01 9.903555e+00
-7.885143e-01 6.100798e-01 7.776842e-02 5.213897e+01 -6.107760e-01 -7.916151e-01 1.726734e-02 -1.579327e+02 7.209715e-02 -3.388354e-02 9.968219e-01 9.992970e+00
-8.033215e-01 5.908599e-01 7.455846e-02 5.111616e+01 -5.913832e-01 -8.062068e-01 1.722624e-02 -1.587464e+02 7.028783e-02 -3.025440e-02 9.970679e-01 1.009159e+01
-8.175324e-01 5.707955e-01 7.637609e-02 5.008114e+01 -5.712217e-01 -8.205919e-01 1.830215e-02 -1.595316e+02 7.312039e-02 -2.866508e-02 9.969111e-01 1.018932e+01
-8.310196e-01 5.504063e-01 8.036863e-02 4.903233e+01 -5.507811e-01 -8.344235e-01 1.943727e-02 -1.602818e+02 7.775988e-02 -2.811276e-02 9.965757e-01 1.028718e+01
-8.440014e-01 5.302698e-01 8.047158e-02 4.796197e+01 -5.305320e-01 -8.474324e-01 1.985737e-02 -1.610108e+02 7.872400e-02 -2.593309e-02 9.965591e-01 1.039055e+01
-8.560982e-01 5.110273e-01 7.711591e-02 4.687000e+01 -5.112954e-01 -8.592222e-01 1.772545e-02 -1.616993e+02 7.531791e-02 -2.425428e-02 9.968646e-01 1.049408e+01
-8.664870e-01 4.929718e-01 7.860652e-02 4.576077e+01 -4.931579e-01 -8.697456e-01 1.838420e-02 -1.623670e+02 7.743059e-02 -2.283576e-02 9.967361e-01 1.060331e+01
-8.757849e-01 4.759466e-01 8.047119e-02 4.463916e+01 -4.757939e-01 -8.792742e-01 2.229941e-02 -1.629952e+02 8.136957e-02 -1.875820e-02 9.965076e-01 1.070564e+01
-8.846040e-01 4.589750e-01 8.256924e-02 4.350824e+01 -4.589684e-01 -8.882232e-01 2.018918e-02 -1.636156e+02 8.260627e-02 -2.003722e-02 9.963809e-01 1.081740e+01
-8.927459e-01 4.426304e-01 8.416191e-02 4.236185e+01 -4.428594e-01 -8.964309e-01 1.695194e-02 -1.642111e+02 8.294879e-02 -2.213811e-02 9.963078e-01 1.093164e+01
-9.001061e-01 4.274653e-01 8.415774e-02 4.120601e+01 -4.278363e-01 -9.037402e-01 1.449146e-02 -1.647862e+02 8.225135e-02 -2.296188e-02 9.963471e-01 1.104356e+01
-9.066355e-01 4.133252e-01 8.470131e-02 4.004075e+01 -4.137581e-01 -9.102911e-01 1.320432e-02 -1.653378e+02 8.256054e-02 -2.307435e-02 9.963190e-01 1.115647e+01
-9.127959e-01 3.994835e-01 8.495021e-02 3.886858e+01 -4.000914e-01 -9.164153e-01 1.048915e-02 -1.658733e+02 8.203994e-02 -2.441338e-02 9.963299e-01 1.126728e+01
-9.187056e-01 3.861801e-01 8.273453e-02 3.768475e+01 -3.870847e-01 -9.220279e-01 5.463300e-03 -1.663946e+02 7.839339e-02 -2.700611e-02 9.965567e-01 1.137795e+01
-9.241074e-01 3.736878e-01 7.989222e-02 3.648966e+01 -3.747973e-01 -9.271061e-01 1.193946e-03 -1.669013e+02 7.451472e-02 -2.884004e-02 9.968027e-01 1.148513e+01
-9.286464e-01 3.628945e-01 7.696428e-02 3.528654e+01 -3.638457e-01 -9.314576e-01 1.778233e-03 -1.673866e+02 7.233430e-02 -2.635176e-02 9.970322e-01 1.158834e+01
-9.319147e-01 3.545461e-01 7.636905e-02 3.408347e+01 -3.551861e-01 -9.347795e-01 5.491346e-03 -1.678497e+02 7.333518e-02 -2.200776e-02 9.970645e-01 1.168635e+01
-9.341380e-01 3.486355e-01 7.641631e-02 3.287580e+01 -3.488357e-01 -9.371177e-01 1.114611e-02 -1.683011e+02 7.549702e-02 -1.624473e-02 9.970137e-01 1.178416e+01
-9.358031e-01 3.439044e-01 7.747484e-02 3.166915e+01 -3.437771e-01 -9.389251e-01 1.539692e-02 -1.687438e+02 7.803816e-02 -1.222558e-02 9.968755e-01 1.188555e+01
-9.376325e-01 3.388211e-01 7.775236e-02 3.045495e+01 -3.388700e-01 -9.407439e-01 1.296908e-02 -1.691909e+02 7.753927e-02 -1.418771e-02 9.968883e-01 1.198974e+01
-9.396840e-01 3.335025e-01 7.596216e-02 2.923971e+01 -3.340749e-01 -9.425311e-01 5.419070e-03 -1.696289e+02 7.340398e-02 -2.028483e-02 9.970960e-01 1.209571e+01
-9.416270e-01 3.281697e-01 7.512192e-02 2.800991e+01 -3.291609e-01 -9.442735e-01 -8.622359e-04 -1.700240e+02 7.065269e-02 -2.553910e-02 9.971740e-01 1.220102e+01
-9.430483e-01 3.230046e-01 7.954764e-02 2.678345e+01 -3.245534e-01 -9.458414e-01 -7.019040e-03 -1.704170e+02 7.297228e-02 -3.243674e-02 9.968062e-01 1.230148e+01
-9.441280e-01 3.190420e-01 8.267047e-02 2.555959e+01 -3.208674e-01 -9.470769e-01 -9.465897e-03 -1.708044e+02 7.527529e-02 -3.546327e-02 9.965319e-01 1.240116e+01
-9.447290e-01 3.165471e-01 8.535288e-02 2.432944e+01 -3.184315e-01 -9.479025e-01 -9.087015e-03 -1.711817e+02 7.802974e-02 -3.576380e-02 9.963093e-01 1.250634e+01
-9.449102e-01 3.155631e-01 8.697552e-02 2.310214e+01 -3.174963e-01 -9.482167e-01 -9.006273e-03 -1.715663e+02 7.962961e-02 -3.612452e-02 9.961698e-01 1.261338e+01
-9.447345e-01 3.159685e-01 8.741091e-02 2.187197e+01 -3.176725e-01 -9.481817e-01 -5.955506e-03 -1.719427e+02 8.099969e-02 -3.339441e-02 9.961545e-01 1.272316e+01
-9.442000e-01 3.170759e-01 8.915876e-02 2.065073e+01 -3.186810e-01 -9.478536e-01 -4.005922e-03 -1.723130e+02 8.323927e-02 -3.219559e-02 9.960093e-01 1.283723e+01
-9.436651e-01 3.181518e-01 9.097007e-02 1.943952e+01 -3.198116e-01 -9.474732e-01 -3.899024e-03 -1.726658e+02 8.495124e-02 -3.277264e-02 9.958460e-01 1.294986e+01
-9.431794e-01 3.198493e-01 9.004948e-02 1.822833e+01 -3.213845e-01 -9.469450e-01 -2.705834e-03 -1.730408e+02 8.440646e-02 -3.149259e-02 9.959337e-01 1.306164e+01
-9.423427e-01 3.223702e-01 8.982160e-02 1.702806e+01 -3.238574e-01 -9.461037e-01 -2.104464e-03 -1.734210e+02 8.430213e-02 -3.107251e-02 9.959556e-01 1.317621e+01
-9.409992e-01 3.259778e-01 9.087933e-02 1.582979e+01 -3.276043e-01 -9.448098e-01 -3.172725e-03 -1.738245e+02 8.482945e-02 -3.275798e-02 9.958569e-01 1.329208e+01
-9.396381e-01 3.304322e-01 8.885361e-02 1.463089e+01 -3.321168e-01 -9.432277e-01 -4.465845e-03 -1.742373e+02 8.233353e-02 -3.370605e-02 9.960346e-01 1.340818e+01
-9.378865e-01 3.360815e-01 8.612740e-02 1.343151e+01 -3.378964e-01 -9.411573e-01 -6.999821e-03 -1.746627e+02 7.870694e-02 -3.566716e-02 9.962595e-01 1.352031e+01
-9.356055e-01 3.427504e-01 8.464328e-02 1.223807e+01 -3.446568e-01 -9.386896e-01 -8.583761e-03 -1.750932e+02 7.651167e-02 -3.720387e-02 9.963744e-01 1.362742e+01
-9.329761e-01 3.503036e-01 8.272250e-02 1.104897e+01 -3.520115e-01 -9.359727e-01 -6.571995e-03 -1.755209e+02 7.512382e-02 -3.525077e-02 9.965509e-01 1.373242e+01
-9.296089e-01 3.589181e-01 8.369464e-02 9.866118e+00 -3.606222e-01 -9.326946e-01 -5.696015e-03 -1.759665e+02 7.601716e-02 -3.547721e-02 9.964753e-01 1.383743e+01
-9.258726e-01 3.684213e-01 8.381972e-02 8.692735e+00 -3.700050e-01 -9.290227e-01 -3.648710e-03 -1.764190e+02 7.652617e-02 -3.439195e-02 9.964743e-01 1.394421e+01
-9.216315e-01 3.789840e-01 8.346374e-02 7.511398e+00 -3.803652e-01 -9.248362e-01 -6.998978e-04 -1.768818e+02 7.692506e-02 -3.239174e-02 9.965106e-01 1.404929e+01
-9.166965e-01 3.907039e-01 8.377317e-02 6.336337e+00 -3.920011e-01 -9.199642e-01 1.044504e-03 -1.773658e+02 7.747641e-02 -3.188168e-02 9.964843e-01 1.415747e+01
-9.108971e-01 4.038377e-01 8.474311e-02 5.168687e+00 -4.050074e-01 -9.143062e-01 3.672463e-03 -1.778640e+02 7.896424e-02 -3.097634e-02 9.963960e-01 1.426058e+01
-9.048780e-01 4.174293e-01 8.335716e-02 4.002443e+00 -4.184428e-01 -9.082248e-01 5.758523e-03 -1.783786e+02 7.811082e-02 -2.966943e-02 9.965031e-01 1.437117e+01
