9.999999e-01 -2.328306e-10 0.000000e+00 2.980232e-08 -3.492460e-10 1.000000e+00 9.431460e-10 4.656613e-10 4.656613e-10 1.865374e-09 9.999999e-01 -7.450581e-09
9.999894e-01 1.566712e-03 -4.312135e-03 9.615078e-01 -1.563578e-03 9.999985e-01 7.302386e-04 9.713029e-03 4.313273e-03 -7.234858e-04 9.999903e-01 9.519070e-03
9.999841e-01 2.172997e-03 -5.211446e-03 1.924709e+00 -2.180114e-03 9.999967e-01 -1.360330e-03 1.387748e-02 5.208472e-03 1.371674e-03 9.999855e-01 1.894043e-02
9.999971e-01 2.220297e-03 -9.050104e-04 2.888400e+00 -2.222877e-03 9.999935e-01 -2.859220e-03 2.586607e-02 8.986569e-04 2.861227e-03 9.999955e-01 4.461722e-02
9.999835e-01 1.434957e-03 5.543614e-03 3.849355e+00 -1.410689e-03 9.999894e-01 -4.379086e-03 3.705186e-02 -5.549839e-03 4.371197e-03 9.999750e-01 7.226049e-02
9.999892e-01 1.099649e-04 4.643389e-03 4.807688e+00 -6.905920e-05 9.999613e-01 -8.808793e-03 4.306525e-02 -4.644178e-03 8.808382e-03 9.999503e-01 9.300290e-02
9.999982e-01 -9.123580e-04 1.590418e-03 5.740003e+00 9.306679e-04 9.999329e-01 -1.155039e-02 5.187129e-02 -1.579773e-03 1.155186e-02 9.999319e-01 1.086777e-01
9.999975e-01 -1.719339e-03 -1.478312e-03 6.677259e+00 1.701301e-03 9.999252e-01 -1.211717e-02 6.065086e-02 1.499035e-03 1.211463e-02 9.999255e-01 1.103469e-01
9.999945e-01 -2.528959e-03 -2.127829e-03 7.607067e+00 2.504336e-03 9.999308e-01 -1.149531e-02 7.257201e-02 2.156754e-03 1.148992e-02 9.999316e-01 1.185104e-01
9.999939e-01 -3.476170e-03 1.814566e-04 8.536641e+00 3.477933e-03 9.999351e-01 -1.084781e-02 8.246618e-02 -1.437352e-04 1.084837e-02 9.999411e-01 1.246183e-01
9.999864e-01 -4.174547e-03 3.110765e-03 9.467294e+00 4.207856e-03 9.999331e-01 -1.077951e-02 9.331620e-02 -3.065556e-03 1.079246e-02 9.999369e-01 1.270696e-01
9.999768e-01 -5.170761e-03 4.423398e-03 1.039048e+01 5.218923e-03 9.999264e-01 -1.094708e-02 1.046843e-01 -4.366469e-03 1.096991e-02 9.999302e-01 1.266605e-01
9.999704e-01 -5.764249e-03 5.087323e-03 1.134119e+01 5.827515e-03 9.999048e-01 -1.251034e-02 1.172182e-01 -5.014725e-03 1.253962e-02 9.999088e-01 1.289129e-01
9.999650e-01 -6.720937e-03 4.981425e-03 1.222521e+01 6.783662e-03 9.998965e-01 -1.268413e-02 1.278490e-01 -4.895661e-03 1.271748e-02 9.999071e-01 1.390745e-01
9.999668e-01 -7.400506e-03 3.407334e-03 1.313503e+01 7.443977e-03 9.998888e-01 -1.292734e-02 1.402378e-01 -3.311285e-03 1.295229e-02 9.999107e-01 1.526779e-01
9.999593e-01 -8.941154e-03 1.201409e-03 1.404313e+01 8.956483e-03 9.998698e-01 -1.342672e-02 1.534500e-01 -1.081201e-03 1.343694e-02 9.999091e-01 1.709276e-01
9.999456e-01 -1.042501e-02 -6.046612e-05 1.494730e+01 1.042298e-02 9.998369e-01 -1.475537e-02 1.654784e-01 2.142820e-04 1.475394e-02 9.998911e-01 1.805468e-01
9.999267e-01 -1.209708e-02 -6.112275e-04 1.584808e+01 1.208702e-02 9.998232e-01 -1.440505e-02 1.809137e-01 7.853783e-04 1.439661e-02 9.998959e-01 1.836983e-01
9.999069e-01 -1.355976e-02 -1.524902e-03 1.674490e+01 1.353859e-02 9.998223e-01 -1.312766e-02 1.986045e-01 1.702640e-03 1.310579e-02 9.999126e-01 1.859704e-01
9.998817e-01 -1.529157e-02 -1.599987e-03 1.763669e+01 1.527184e-02 9.998151e-01 -1.169401e-02 2.146239e-01 1.778512e-03 1.166820e-02 9.999303e-01 1.851750e-01
9.998580e-01 -1.684210e-02 -6.311759e-04 1.852882e+01 1.683311e-02 9.997833e-01 -1.224628e-02 2.306263e-01 8.372939e-04 1.223392e-02 9.999248e-01 1.860044e-01
9.998344e-01 -1.817850e-02 7.488676e-04 1.941636e+01 1.818596e-02 9.997674e-01 -1.160532e-02 2.492101e-01 -5.377247e-04 1.161703e-02 9.999323e-01 1.902966e-01
9.998057e-01 -1.968125e-02 1.083895e-03 2.029705e+01 1.969238e-02 9.997405e-01 -1.145457e-02 2.679091e-01 -8.581737e-04 1.147369e-02 9.999337e-01 1.946975e-01
9.997703e-01 -2.140730e-02 1.042170e-03 2.117118e+01 2.141875e-02 9.996911e-01 -1.261100e-02 2.846436e-01 -7.718806e-04 1.263044e-02 9.999198e-01 1.874990e-01
9.997353e-01 -2.300348e-02 4.172935e-04 2.204017e+01 2.300694e-02 9.996529e-01 -1.284045e-02 3.007470e-01 -1.217742e-04 1.284665e-02 9.999174e-01 1.802532e-01
9.997109e-01 -2.402567e-02 8.788034e-04 2.290317e+01 2.403494e-02 9.996295e-01 -1.277413e-02 3.196509e-01 -5.715704e-04 1.279156e-02 9.999180e-01 1.716738e-01
9.996817e-01 -2.507121e-02 2.835877e-03 2.376017e+01 2.510488e-02 9.996061e-01 -1.253824e-02 3.385938e-01 -2.520412e-03 1.260545e-02 9.999174e-01 1.656322e-01
9.996490e-01 -2.586623e-02 5.725351e-03 2.461810e+01 2.594329e-02 9.995678e-01 -1.381993e-02 3.554183e-01 -5.365409e-03 1.396362e-02 9.998881e-01 1.592617e-01
9.996224e-01 -2.654981e-02 7.073351e-03 2.544491e+01 2.664329e-02 9.995543e-01 -1.346552e-02 3.697143e-01 -6.712691e-03 1.364890e-02 9.998842e-01 1.461812e-01
9.996094e-01 -2.732356e-02 5.872368e-03 2.626883e+01 2.739813e-02 9.995399e-01 -1.301669e-02 3.874330e-01 -5.514003e-03 1.317250e-02 9.998980e-01 1.336941e-01
9.996001e-01 -2.810743e-02 3.084508e-03 2.708276e+01 2.814150e-02 9.995365e-01 -1.162174e-02 4.075415e-01 -2.756421e-03 1.170390e-02 9.999276e-01 1.218551e-01
9.995813e-01 -2.889382e-02 1.468441e-03 2.787926e+01 2.890838e-02 9.995202e-01 -1.111707e-02 4.284275e-01 -1.146520e-03 1.115488e-02 9.999371e-01 1.166787e-01
9.995541e-01 -2.984067e-02 9.877067e-04 2.867189e+01 2.984933e-02 9.995002e-01 -1.040377e-02 4.497969e-01 -6.767563e-04 1.042862e-02 9.999453e-01 1.164273e-01
9.995114e-01 -3.124961e-02 5.870690e-04 2.945706e+01 3.125409e-02 9.994549e-01 -1.063263e-02 4.708594e-01 -2.544830e-04 1.064579e-02 9.999433e-01 1.161336e-01
9.994515e-01 -3.311862e-02 -4.043709e-05 3.022899e+01 3.311642e-02 9.993980e-01 -1.033972e-02 4.921919e-01 3.828504e-04 1.033271e-02 9.999465e-01 1.105101e-01
9.993883e-01 -3.496618e-02 -4.215953e-04 3.099551e+01 3.495993e-02 9.993349e-01 -1.037143e-02 5.129548e-01 7.839645e-04 1.035037e-02 9.999461e-01 9.243982e-02
9.993142e-01 -3.702005e-02 7.216483e-04 3.175567e+01 3.702567e-02 9.992570e-01 -1.070199e-02 5.370755e-01 -3.249245e-04 1.072138e-02 9.999423e-01 8.371367e-02
9.992344e-01 -3.897533e-02 3.371293e-03 3.250007e+01 3.900938e-02 9.991814e-01 -1.070750e-02 5.625250e-01 -2.951204e-03 1.083082e-02 9.999371e-01 8.098856e-02
9.991558e-01 -4.082173e-02 4.606773e-03 3.323771e+01 4.086598e-02 9.991151e-01 -9.957106e-03 5.927363e-01 -4.196227e-03 1.013697e-02 9.999398e-01 8.222552e-02
9.990728e-01 -4.278187e-02 4.804277e-03 3.396522e+01 4.282165e-02 9.990466e-01 -8.506607e-03 6.283551e-01 -4.435767e-03 8.704453e-03 9.999522e-01 8.465907e-02
9.989966e-01 -4.462226e-02 3.831755e-03 3.470649e+01 4.464430e-02 9.989857e-01 -5.875466e-03 6.671504e-01 -3.565692e-03 6.040641e-03 9.999754e-01 8.295056e-02
9.989189e-01 -4.639195e-02 2.934820e-03 3.539614e+01 4.640457e-02 9.989130e-01 -4.392303e-03 7.039536e-01 -2.727862e-03 4.523746e-03 9.999859e-01 7.861219e-02
9.988421e-01 -4.791364e-02 4.332137e-03 3.608883e+01 4.793072e-02 9.988430e-01 -3.930761e-03 7.386683e-01 -4.138789e-03 4.133856e-03 9.999828e-01 6.707602e-02
9.987827e-01 -4.897561e-02 5.857343e-03 3.677660e+01 4.899241e-02 9.987954e-01 -2.760328e-03 7.727051e-01 -5.715098e-03 3.043934e-03 9.999790e-01 5.447467e-02
9.987803e-01 -4.895131e-02 6.455513e-03 3.745252e+01 4.895061e-02 9.988012e-01 2.668698e-04 8.117490e-01 -6.460838e-03 4.945981e-05 9.999790e-01 4.900253e-02
9.988432e-01 -4.789829e-02 4.241807e-03 3.811438e+01 4.788394e-02 9.988471e-01 3.420722e-03 8.489176e-01 -4.400765e-03 -3.213649e-03 9.999852e-01 3.673134e-02
9.989365e-01 -4.609965e-02 8.420940e-04 3.876637e+01 4.609483e-02 9.989244e-01 5.042748e-03 8.790966e-01 -1.073657e-03 -4.998568e-03 9.999869e-01 2.066685e-02
9.990339e-01 -4.392865e-02 -1.151612e-03 3.940328e+01 4.393426e-02 9.990198e-01 5.421858e-03 9.065628e-01 9.123110e-04 -5.467218e-03 9.999846e-01 1.072559e-02
9.991635e-01 -4.089257e-02 -2.532313e-04 4.004018e+01 4.089335e-02 9.991413e-01 6.656390e-03 9.354534e-01 -1.918152e-05 -6.661177e-03 9.999778e-01 2.783068e-03
9.992949e-01 -3.743885e-02 2.814110e-03 4.068979e+01 3.740345e-02 9.992315e-01 1.172303e-02 9.674195e-01 -3.250844e-03 -1.160951e-02 9.999272e-01 1.319729e-03
9.994093e-01 -3.374530e-02 6.497646e-03 4.129537e+01 3.363651e-02 9.993031e-01 1.618182e-02 9.961286e-01 -7.039179e-03 -1.595372e-02 9.998479e-01 -1.291208e-03
9.995376e-01 -2.951535e-02 7.303546e-03 4.189421e+01 2.935545e-02 9.993461e-01 2.110943e-02 1.021429e+00 -7.921822e-03 -2.088527e-02 9.997504e-01 -6.475426e-03
9.996794e-01 -2.418596e-02 7.489870e-03 4.247900e+01 2.399310e-02 9.994032e-01 2.484912e-02 1.042590e+00 -8.086401e-03 -2.466145e-02 9.996631e-01 -1.383355e-02
9.997824e-01 -1.850656e-02 9.617791e-03 4.304771e+01 1.822507e-02 9.994255e-01 2.857320e-02 1.059556e+00 -1.014106e-02 -2.839171e-02 9.995453e-01 -1.995847e-02
9.998656e-01 -1.190411e-02 1.127028e-02 4.359598e+01 1.151912e-02 9.993679e-01 3.362989e-02 1.074492e+00 -1.166349e-02 -3.349556e-02 9.993708e-01 -2.409163e-02
9.999289e-01 -4.806677e-03 1.090735e-02 4.412305e+01 4.400494e-03 9.993070e-01 3.696254e-02 1.083336e+00 -1.107746e-02 -3.691192e-02 9.992571e-01 -2.747423e-02
9.999292e-01 2.437454e-03 1.163809e-02 4.463071e+01 -2.907075e-03 9.991750e-01 4.050716e-02 1.086742e+00 -1.152975e-02 -4.053813e-02 9.991115e-01 -3.093570e-02
9.998839e-01 9.921485e-03 1.156238e-02 4.511412e+01 -1.043236e-02 9.989328e-01 4.499493e-02 1.088734e+00 -1.110363e-02 -4.511034e-02 9.989203e-01 -4.012874e-02
9.998017e-01 1.772144e-02 9.080262e-03 4.557795e+01 -1.814924e-02 9.986131e-01 4.942372e-02 1.087684e+00 -8.191807e-03 -4.957873e-02 9.987366e-01 -4.948124e-02
9.996466e-01 2.583268e-02 6.259448e-03 4.601730e+01 -2.611974e-02 9.983462e-01 5.121307e-02 1.081459e+00 -4.926124e-03 -5.135847e-02 9.986681e-01 -5.148922e-02
9.994048e-01 3.375374e-02 7.109672e-03 4.643912e+01 -3.407692e-02 9.980801e-01 5.172073e-02 1.069172e+00 -5.350253e-03 -5.193224e-02 9.986362e-01 -5.304246e-02
9.991005e-01 4.145894e-02 8.895392e-03 4.683641e+01 -4.186157e-02 9.978083e-01 5.124705e-02 1.050409e+00 -6.751248e-03 -5.157334e-02 9.986464e-01 -5.382220e-02
9.987224e-01 4.946719e-02 1.031965e-02 4.720852e+01 -4.994687e-02 9.973427e-01 5.303735e-02 1.031619e+00 -7.668614e-03 -5.348504e-02 9.985391e-01 -5.646876e-02
9.982234e-01 5.855610e-02 1.101043e-02 4.757150e+01 -5.908744e-02 9.966505e-01 5.653681e-02 1.013862e+00 -7.662972e-03 -5.708696e-02 9.983398e-01 -5.944590e-02
9.976916e-01 6.694382e-02 1.139837e-02 4.788279e+01 -6.751890e-02 9.958377e-01 6.122427e-02 9.981945e-01 -7.252339e-03 -6.185257e-02 9.980589e-01 -6.013168e-02
9.970366e-01 7.591399e-02 1.244991e-02 4.818135e+01 -7.656515e-02 9.949534e-01 6.485075e-02 9.775575e-01 -7.464005e-03 -6.561180e-02 9.978173e-01 -5.823982e-02
9.962746e-01 8.518308e-02 1.344563e-02 4.845596e+01 -8.587632e-02 9.942256e-01 6.434882e-02 9.501859e-01 -7.886566e-03 -6.526378e-02 9.978368e-01 -5.124567e-02
9.953053e-01 9.602323e-02 1.212493e-02 4.872189e+01 -9.660206e-02 9.933044e-01 6.336153e-02 9.199781e-01 -5.959562e-03 -6.423536e-02 9.979168e-01 -4.636373e-02
9.940869e-01 1.082846e-01 8.099014e-03 4.898105e+01 -1.085792e-01 9.921421e-01 6.216701e-02 8.872148e-01 -1.303644e-03 -6.267881e-02 9.980329e-01 -4.306182e-02
9.925482e-01 1.217565e-01 4.831604e-03 4.923815e+01 -1.218175e-01 9.905377e-01 6.321090e-02 8.519821e-01 2.910449e-03 -6.332844e-02 9.979885e-01 -4.060429e-02
9.905015e-01 1.374368e-01 4.235858e-03 4.949351e+01 -1.374194e-01 9.883696e-01 6.512626e-02 8.157993e-01 4.764152e-03 -6.508975e-02 9.978680e-01 -3.609914e-02
9.879932e-01 1.544313e-01 4.521125e-03 4.975701e+01 -1.543841e-01 9.857240e-01 6.718600e-02 7.727724e-01 5.919040e-03 -6.707729e-02 9.977301e-01 -3.307478e-02
9.853169e-01 1.706745e-01 4.560068e-03 4.999437e+01 -1.705891e-01 9.830156e-01 6.767450e-02 7.270123e-01 7.067698e-03 -6.745876e-02 9.976971e-01 -2.992708e-02
9.819841e-01 1.889068e-01 4.605620e-03 5.023992e+01 -1.887871e-01 9.797279e-01 6.702823e-02 6.719820e-01 8.149837e-03 -6.669015e-02 9.977404e-01 -2.716553e-02
9.779299e-01 2.088614e-01 5.484318e-03 5.048809e+01 -2.087614e-01 9.757234e-01 6.620160e-02 6.105713e-01 8.475785e-03 -6.588545e-02 9.977912e-01 -2.388363e-02
9.735414e-01 2.284375e-01 5.775017e-03 5.071951e+01 -2.283069e-01 9.712967e-01 6.677392e-02 5.496329e-01 9.644415e-03 -6.632567e-02 9.977514e-01 -2.181789e-02
9.682897e-01 2.497706e-01 5.447350e-03 5.095926e+01 -2.495433e-01 9.659046e-01 6.896633e-02 4.826842e-01 1.196415e-02 -6.813876e-02 9.976041e-01 -1.982857e-02
9.621293e-01 2.725408e-01 5.364970e-03 5.119749e+01 -2.722322e-01 9.596544e-01 7.037799e-02 4.084267e-01 1.403236e-02 -6.917326e-02 9.975059e-01 -1.651776e-02
9.548401e-01 2.970451e-01 6.665145e-03 5.143872e+01 -2.967428e-01 9.522591e-01 7.173689e-02 3.259048e-01 1.496216e-02 -7.047513e-02 9.974013e-01 -1.152331e-02
9.464213e-01 3.228136e-01 8.839865e-03 5.168079e+01 -3.225486e-01 9.435977e-01 7.473865e-02 2.382246e-01 1.578538e-02 -7.358556e-02 9.971640e-01 -5.580567e-03
9.364371e-01 3.506659e-01 1.090366e-02 5.192572e+01 -3.504277e-01 9.333992e-01 7.724265e-02 1.406200e-01 1.690890e-02 -7.615384e-02 9.969527e-01 1.465030e-03
9.253718e-01 3.788590e-01 1.236318e-02 5.215857e+01 -3.786263e-01 9.222593e-01 7.797332e-02 3.454407e-02 1.813884e-02 -7.683536e-02 9.968788e-01 9.174936e-03
9.125342e-01 4.088211e-01 1.210813e-02 5.238892e+01 -4.085041e-01 9.095697e-01 7.620670e-02 -8.684745e-02 2.014172e-02 -7.448745e-02 9.970185e-01 1.578490e-02
8.971301e-01 4.416362e-01 1.072655e-02 5.261840e+01 -4.411691e-01 8.943912e-01 7.371625e-02 -2.217674e-01 2.296203e-02 -7.086530e-02 9.972216e-01 2.137356e-02
8.797514e-01 4.753540e-01 8.713502e-03 5.284383e+01 -4.746482e-01 8.770968e-01 7.355537e-02 -3.631079e-01 2.732226e-02 -6.884630e-02 9.972531e-01 2.632170e-02
8.601840e-01 5.099356e-01 7.020575e-03 5.306885e+01 -5.089457e-01 8.574736e-01 7.558592e-02 -5.148891e-01 3.252399e-02 -6.859089e-02 9.971145e-01 3.131969e-02
8.381485e-01 5.454031e-01 6.534191e-03 5.330117e+01 -5.441834e-01 8.353408e-01 7.791200e-02 -6.828707e-01 3.703517e-02 -6.885764e-02 9.969388e-01 3.758657e-02
8.134040e-01 5.816467e-01 7.821647e-03 5.353809e+01 -5.802628e-01 8.103776e-01 8.113737e-02 -8.663473e-01 4.085481e-02 -7.053608e-02 9.966722e-01 4.539219e-02
7.864726e-01 6.175205e-01 1.137485e-02 5.376919e+01 -6.160725e-01 7.830576e-01 8.529634e-02 -1.061796e+00 4.376508e-02 -7.409099e-02 9.962906e-01 5.676150e-02
7.568296e-01 6.534232e-01 1.572509e-02 5.401128e+01 -6.519347e-01 7.529461e-01 8.973994e-02 -1.279607e+00 4.679801e-02 -7.816958e-02 9.958410e-01 6.883073e-02
7.237727e-01 6.898025e-01 1.804420e-02 5.424893e+01 -6.882502e-01 7.197689e-01 9.079703e-02 -1.524670e+00 4.964437e-02 -7.813536e-02 9.957059e-01 8.230824e-02
6.871712e-01 7.262139e-01 2.023022e-02 5.447654e+01 -7.247431e-01 6.833151e-01 8.847491e-02 -1.801151e+00 5.042809e-02 -7.545915e-02 9.958728e-01 9.128436e-02
6.480556e-01 7.612819e-01 2.177023e-02 5.470550e+01 -7.597963e-01 6.443002e-01 8.710165e-02 -2.113781e+00 5.228236e-02 -7.298768e-02 9.959615e-01 8.680685e-02
6.051103e-01 7.957802e-01 2.399205e-02 5.492424e+01 -7.942680e-01 6.013457e-01 8.672774e-02 -2.445872e+00 5.458870e-02 -7.153597e-02 9.959430e-01 8.740628e-02
5.596647e-01 8.283657e-01 2.419888e-02 5.513282e+01 -8.266721e-01 5.559933e-01 8.651353e-02 -2.796687e+00 5.821045e-02 -6.842314e-02 9.959567e-01 7.810787e-02
5.116609e-01 8.587784e-01 2.651055e-02 5.533421e+01 -8.571060e-01 5.080319e-01 8.528177e-02 -3.172738e+00 5.976995e-02 -6.635771e-02 9.960041e-01 8.010825e-02
4.629745e-01 8.858636e-01 3.000764e-02 5.551596e+01 -8.843539e-01 4.593728e-01 8.303507e-02 -3.571264e+00 5.977306e-02 -6.498050e-02 9.960946e-01 8.107461e-02
4.130839e-01 9.100069e-01 3.534619e-02 5.568102e+01 -9.087691e-01 4.093792e-01 8.091523e-02 -3.996194e+00 5.916342e-02 -6.554630e-02 9.960940e-01 1.020614e-01
3.636593e-01 9.305465e-01 4.283806e-02 5.583199e+01 -9.296322e-01 3.595982e-01 8.045511e-02 -4.432978e+00 5.946275e-02 -6.908190e-02 9.958373e-01 1.204862e-01
3.142738e-01 9.483300e-01 4.361317e-02 5.595088e+01 -9.472198e-01 3.101802e-01 8.101242e-02 -4.889982e+00 6.329860e-02 -6.677135e-02 9.957584e-01 1.397995e-01
2.667714e-01 9.630253e-01 3.762094e-02 5.604648e+01 -9.616476e-01 2.634010e-01 7.650915e-02 -5.367932e+00 6.377086e-02 -5.658855e-02 9.963589e-01 1.665167e-01
2.222276e-01 9.745843e-01 2.829337e-02 5.611385e+01 -9.729615e-01 2.197978e-01 7.095558e-02 -5.868100e+00 6.293339e-02 -4.329666e-02 9.970782e-01 1.934244e-01
1.786536e-01 9.836438e-01 2.297792e-02 5.617386e+01 -9.818318e-01 1.767094e-01 6.913811e-02 -6.389618e+00 6.394687e-02 -3.491223e-02 9.973425e-01 2.151924e-01
1.408963e-01 9.897938e-01 2.136469e-02 5.622069e+01 -9.876842e-01 1.390478e-01 7.173093e-02 -6.901935e+00 6.802814e-02 -3.120819e-02 9.971951e-01 2.383652e-01
1.083535e-01 9.939994e-01 1.499349e-02 5.624659e+01 -9.916963e-01 1.070270e-01 7.129993e-02 -7.433387e+00 6.926740e-02 -2.259459e-02 9.973422e-01 2.757755e-01
7.895836e-02 9.968200e-01 1.075925e-02 5.627261e+01 -9.945378e-01 7.802935e-02 6.932356e-02 -7.984089e+00 6.826358e-02 -1.617416e-02 9.975361e-01 3.211077e-01
5.378847e-02 9.985347e-01 5.943165e-03 5.628601e+01 -9.963335e-01 5.327145e-02 6.694416e-02 -8.549466e+00 6.652949e-02 -9.522195e-03 9.977390e-01 3.571113e-01
3.388913e-02 9.994237e-01 1.981194e-03 5.629729e+01 -9.971828e-01 3.368029e-02 6.702258e-02 -9.126328e+00 6.691723e-02 -4.246939e-03 9.977494e-01 3.959600e-01
1.817287e-02 9.998348e-01 -7.160256e-05 5.630017e+01 -9.974734e-01 1.813486e-02 6.868669e-02 -9.708104e+00 6.867665e-02 -1.176805e-03 9.976382e-01 4.353929e-01
4.708144e-03 9.999889e-01 3.623060e-04 5.630189e+01 -9.976661e-01 4.672527e-03 6.812163e-02 -1.031291e+01 6.811919e-02 -6.821797e-04 9.976768e-01 4.760475e-01
-6.767736e-03 9.999768e-01 8.468112e-04 5.630412e+01 -9.976138e-01 -6.809927e-03 6.870393e-02 -1.091318e+01 6.870812e-02 -3.798157e-04 9.976367e-01 5.201941e-01
-1.575655e-02 9.998707e-01 -3.213421e-03 5.629008e+01 -9.972801e-01 -1.548414e-02 7.205941e-02 -1.153097e+01 7.200035e-02 4.340101e-03 9.973951e-01 5.729518e-01
-2.255673e-02 9.997194e-01 -7.238104e-03 5.625778e+01 -9.970202e-01 -2.196044e-02 7.394787e-02 -1.215912e+01 7.376819e-02 8.884569e-03 9.972358e-01 6.294793e-01
-2.723111e-02 9.996040e-01 -7.099556e-03 5.623200e+01 -9.969752e-01 -2.664096e-02 7.301053e-02 -1.279708e+01 7.279249e-02 9.066246e-03 9.973059e-01 6.756377e-01
-3.078547e-02 9.995159e-01 -4.493825e-03 5.621275e+01 -9.970431e-01 -3.039199e-02 7.057832e-02 -1.345041e+01 7.040759e-02 6.653334e-03 9.974961e-01 7.208599e-01
-3.307201e-02 9.994503e-01 -2.329121e-03 5.618800e+01 -9.974712e-01 -3.285967e-02 6.301945e-02 -1.411169e+01 6.290829e-02 4.407417e-03 9.980095e-01 7.702509e-01
-3.443173e-02 9.993998e-01 -3.837837e-03 5.615036e+01 -9.977808e-01 -3.415648e-02 5.715612e-02 -1.479197e+01 5.699073e-02 5.797317e-03 9.983579e-01 8.149220e-01
-3.502804e-02 9.993651e-01 -6.512954e-03 5.610692e+01 -9.978837e-01 -3.461739e-02 5.504328e-02 -1.547716e+01 5.478287e-02 8.427235e-03 9.984627e-01 8.591347e-01
-3.495596e-02 9.993428e-01 -9.597087e-03 5.606744e+01 -9.977589e-01 -3.434914e-02 5.742113e-02 -1.616654e+01 5.705375e-02 1.158280e-02 9.983039e-01 9.040292e-01
-3.452459e-02 9.993478e-01 -1.057327e-02 5.602867e+01 -9.972804e-01 -3.376002e-02 6.551344e-02 -1.686170e+01 6.511378e-02 1.280634e-02 9.977956e-01 9.412526e-01
-3.254061e-02 9.994091e-01 -1.107857e-02 5.599585e+01 -9.968038e-01 -3.164265e-02 7.335459e-02 -1.756370e+01 7.296070e-02 1.343017e-02 9.972443e-01 9.732342e-01
-3.051035e-02 9.994553e-01 -1.258429e-02 5.596490e+01 -9.967596e-01 -2.948577e-02 7.483787e-02 -1.828382e+01 7.442605e-02 1.482685e-02 9.971163e-01 1.010450e+00
-2.829476e-02 9.995300e-01 -1.179428e-02 5.593520e+01 -9.971812e-01 -2.740408e-02 6.984770e-02 -1.902123e+01 6.949168e-02 1.373737e-02 9.974879e-01 1.054535e+00
-2.565521e-02 9.996017e-01 -1.175865e-02 5.590854e+01 -9.977463e-01 -2.487453e-02 6.231865e-02 -1.975865e+01 6.200136e-02 1.333096e-02 9.979871e-01 1.105120e+00
-2.284151e-02 9.996924e-01 -9.664394e-03 5.588548e+01 -9.978541e-01 -2.220403e-02 6.159779e-02 -2.049356e+01 6.136427e-02 1.105065e-02 9.980542e-01 1.148557e+00
-2.013772e-02 9.996388e-01 -1.780190e-02 5.585075e+01 -9.975518e-01 -1.889664e-02 6.732952e-02 -2.121918e+01 6.696881e-02 1.911420e-02 9.975719e-01 1.186023e+00
-1.697760e-02 9.996558e-01 -1.999919e-02 5.582171e+01 -9.972320e-01 -1.548153e-02 7.272293e-02 -2.194780e+01 7.238829e-02 2.117850e-02 9.971516e-01 1.224753e+00
-1.431497e-02 9.998076e-01 -1.341812e-02 5.581554e+01 -9.972346e-01 -1.329685e-02 7.311730e-02 -2.268432e+01 7.292483e-02 1.442770e-02 9.972331e-01 1.269801e+00
-1.076930e-02 9.998908e-01 -1.012771e-02 5.580989e+01 -9.974552e-01 -1.002811e-02 7.058699e-02 -2.341368e+01 7.047773e-02 1.086213e-02 9.974542e-01 1.321477e+00
-6.231976e-03 9.998799e-01 -1.419998e-02 5.578998e+01 -9.978694e-01 -5.295961e-03 6.502654e-02 -2.415552e+01 6.494354e-02 1.457498e-02 9.977824e-01 1.377540e+00
-3.338750e-03 9.998067e-01 -1.937394e-02 5.576667e+01 -9.977105e-01 -2.021831e-03 6.759941e-02 -2.489406e+01 6.754719e-02 1.955529e-02 9.975244e-01 1.423543e+00
-3.041257e-04 9.998185e-01 -1.905398e-02 5.576287e+01 -9.974323e-01 1.061250e-03 7.160725e-02 -2.561762e+01 7.161450e-02 1.902685e-02 9.972509e-01 1.467276e+00
3.399859e-03 9.998685e-01 -1.586386e-02 5.577167e+01 -9.973221e-01 4.549290e-03 7.299211e-02 -2.635098e+01 7.305469e-02 1.557323e-02 9.972063e-01 1.515116e+00
7.324380e-03 9.998590e-01 -1.510926e-02 5.578641e+01 -9.973880e-01 8.390384e-03 7.174094e-02 -2.708833e+01 7.185761e-02 1.454435e-02 9.973088e-01 1.563397e+00
1.095704e-02 9.997444e-01 -1.978308e-02 5.579190e+01 -9.975348e-01 1.229990e-02 6.908578e-02 -2.782814e+01 6.931146e-02 1.897734e-02 9.974145e-01 1.617209e+00
1.461355e-02 9.995891e-01 -2.466029e-02 5.580194e+01 -9.974928e-01 1.628191e-02 6.886817e-02 -2.856217e+01 6.924141e-02 2.359207e-02 9.973210e-01 1.673391e+00
1.796986e-02 9.994530e-01 -2.776422e-02 5.581163e+01 -9.973527e-01 1.987517e-02 6.994656e-02 -2.929723e+01 7.046014e-02 2.643381e-02 9.971642e-01 1.722219e+00
2.068037e-02 9.993904e-01 -2.812820e-02 5.582355e+01 -9.972724e-01 2.261400e-02 7.025854e-02 -3.003161e+01 7.085183e-02 2.659853e-02 9.971320e-01 1.767600e+00
2.412428e-02 9.992576e-01 -3.003857e-02 5.583360e+01 -9.972648e-01 2.615426e-02 6.912933e-02 -3.077137e+01 6.986365e-02 2.828872e-02 9.971553e-01 1.811734e+00
2.776953e-02 9.991104e-01 -3.173959e-02 5.584449e+01 -9.972764e-01 2.986096e-02 6.743951e-02 -3.151260e+01 6.832731e-02 2.978040e-02 9.972182e-01 1.857104e+00
3.065229e-02 9.990519e-01 -3.091848e-02 5.586527e+01 -9.971045e-01 3.271694e-02 6.864417e-02 -3.225155e+01 6.959066e-02 2.872487e-02 9.971619e-01 1.891915e+00
3.386550e-02 9.990231e-01 -2.839306e-02 5.589209e+01 -9.969009e-01 3.578464e-02 7.005698e-02 -3.299430e+01 7.100459e-02 2.593256e-02 9.971388e-01 1.926055e+00
3.658250e-02 9.988659e-01 -3.047780e-02 5.591619e+01 -9.967851e-01 3.864775e-02 7.018286e-02 -3.373829e+01 7.128119e-02 2.781236e-02 9.970684e-01 1.962188e+00
3.956663e-02 9.988245e-01 -2.800607e-02 5.594771e+01 -9.967022e-01 4.143878e-02 6.976741e-02 -3.448615e+01 7.084595e-02 2.515326e-02 9.971700e-01 2.003214e+00
4.163695e-02 9.987646e-01 -2.712707e-02 5.598212e+01 -9.965519e-01 4.346431e-02 7.067587e-02 -3.523063e+01 7.176762e-02 2.409082e-02 9.971304e-01 2.040856e+00
4.506665e-02 9.987069e-01 -2.353216e-02 5.601942e+01 -9.964422e-01 4.661882e-02 7.021096e-02 -3.598645e+01 7.121722e-02 2.028427e-02 9.972545e-01 2.084191e+00
4.844367e-02 9.985681e-01 -2.269581e-02 5.605578e+01 -9.961285e-01 4.996917e-02 7.232580e-02 -3.673991e+01 7.335633e-02 1.910423e-02 9.971227e-01 2.128164e+00
5.158766e-02 9.984220e-01 -2.219086e-02 5.609328e+01 -9.956430e-01 5.314701e-02 7.661895e-02 -3.749404e+01 7.767742e-02 1.814160e-02 9.968135e-01 2.175535e+00
5.493737e-02 9.982433e-01 -2.218948e-02 5.613306e+01 -9.953477e-01 5.651259e-02 7.803261e-02 -3.825552e+01 7.914951e-02 1.779936e-02 9.967038e-01 2.224078e+00
5.839707e-02 9.981502e-01 -1.691294e-02 5.618373e+01 -9.949495e-01 5.957862e-02 8.078267e-02 -3.902023e+01 8.164090e-02 1.211006e-02 9.965881e-01 2.267144e+00
6.135469e-02 9.980301e-01 -1.310646e-02 5.623717e+01 -9.948889e-01 6.220611e-02 7.953810e-02 -3.979295e+01 8.019672e-02 8.159448e-03 9.967457e-01 2.311951e+00
6.480396e-02 9.977758e-01 -1.562195e-02 5.628337e+01 -9.946116e-01 6.585208e-02 8.006918e-02 -4.056960e+01 8.091984e-02 1.034898e-02 9.966669e-01 2.361772e+00
6.886438e-02 9.975061e-01 -1.547011e-02 5.633389e+01 -9.942564e-01 6.989699e-02 8.104751e-02 -4.134733e+01 8.192672e-02 9.799989e-03 9.965901e-01 2.409820e+00
7.270698e-02 9.972888e-01 -1.135447e-02 5.639522e+01 -9.939195e-01 7.339586e-02 8.207934e-02 -4.213187e+01 8.269019e-02 5.317702e-03 9.965611e-01 2.455678e+00
7.688819e-02 9.969758e-01 -1.129873e-02 5.645475e+01 -9.936908e-01 7.755304e-02 8.101901e-02 -4.292334e+01 8.165025e-02 4.998047e-03 9.966484e-01 2.504818e+00
8.192389e-02 9.965725e-01 -1.148327e-02 5.651828e+01 -9.934172e-01 8.257930e-02 7.938985e-02 -4.373169e+01 8.006604e-02 4.903764e-03 9.967775e-01 2.551283e+00
8.695065e-02 9.961730e-01 -8.894224e-03 5.658990e+01 -9.926177e-01 8.739121e-02 8.409937e-02 -4.450790e+01 8.455482e-02 1.516078e-03 9.964176e-01 2.598378e+00
9.299158e-02 9.956287e-01 -8.737239e-03 5.666581e+01 -9.912348e-01 9.340114e-02 9.343294e-02 -4.529882e+01 9.384058e-02 -2.780986e-05 9.955871e-01 2.638379e+00
1.005479e-01 9.948991e-01 -8.127204e-03 5.674735e+01 -9.900805e-01 1.008600e-01 9.781463e-02 -4.610260e+01 9.813537e-02 -1.788460e-03 9.951715e-01 2.688555e+00
1.080883e-01 9.941280e-01 -5.132526e-03 5.684119e+01 -9.890766e-01 1.080567e-01 1.002546e-01 -4.691806e+01 1.002206e-01 -5.759886e-03 9.949486e-01 2.744674e+00
1.154109e-01 9.933165e-01 -1.721384e-03 5.693926e+01 -9.885088e-01 1.150223e-01 9.808227e-02 -4.771095e+01 9.762475e-02 -9.618160e-03 9.951768e-01 2.805701e+00
1.230673e-01 9.923963e-01 -2.039589e-03 5.704091e+01 -9.877664e-01 1.226910e-01 9.625153e-02 -4.852478e+01 9.576991e-02 -9.830771e-03 9.953549e-01 2.868886e+00
1.302751e-01 9.914753e-01 -2.302645e-03 5.714709e+01 -9.871210e-01 1.299199e-01 9.334172e-02 -4.933969e+01 9.284517e-02 -9.887110e-03 9.956314e-01 2.928021e+00
1.379791e-01 9.904352e-01 3.254227e-05 5.726295e+01 -9.866559e-01 1.374497e-01 8.727977e-02 -5.015712e+01 8.644049e-02 -1.207489e-02 9.961838e-01 2.988099e+00
1.453194e-01 9.893818e-01 2.473438e-03 5.738644e+01 -9.861972e-01 1.446503e-01 8.056869e-02 -5.096947e+01 7.935545e-02 -1.414749e-02 9.967459e-01 3.040377e+00
1.530161e-01 9.882196e-01 2.888998e-03 5.751217e+01 -9.853274e-01 1.523433e-01 7.695014e-02 -5.179189e+01 7.560351e-02 -1.462121e-02 9.970307e-01 3.096627e+00
1.600211e-01 9.871123e-01 1.564920e-03 5.763626e+01 -9.839683e-01 1.593847e-01 8.001725e-02 -5.257745e+01 7.873661e-02 -1.434428e-02 9.967921e-01 3.143899e+00
1.656670e-01 9.861819e-01 -6.128359e-05 5.776857e+01 -9.825382e-01 1.650603e-01 8.586959e-02 -5.336586e+01 8.469316e-02 -1.416553e-02 9.963063e-01 3.189799e+00
1.708551e-01 9.852961e-01 -3.991877e-04 5.790393e+01 -9.812523e-01 1.701906e-01 9.043811e-02 -5.414827e+01 8.917627e-02 -1.506011e-02 9.959019e-01 3.240443e+00
1.757292e-01 9.844382e-01 8.652536e-04 5.804038e+01 -9.802071e-01 1.748923e-01 9.277220e-02 -5.491034e+01 9.117718e-02 -1.715091e-02 9.956869e-01 3.293901e+00
1.812805e-01 9.834288e-01 2.277553e-03 5.817958e+01 -9.792708e-01 1.803002e-01 9.230711e-02 -5.567752e+01 9.036686e-02 -1.896383e-02 9.957280e-01 3.347789e+00
1.863163e-01 9.824890e-01 -1.364717e-03 5.831738e+01 -9.785734e-01 1.856973e-01 8.894022e-02 -5.645361e+01 8.763622e-02 -1.523553e-02 9.960360e-01 3.399303e+00
1.907270e-01 9.816418e-01 -1.682257e-03 5.845704e+01 -9.782267e-01 1.902058e-01 8.303221e-02 -5.719849e+01 8.182786e-02 -1.419085e-02 9.965454e-01 3.450572e+00
1.939686e-01 9.810058e-01 1.955234e-03 5.860622e+01 -9.782292e-01 1.932689e-01 7.559610e-02 -5.794726e+01 7.378234e-02 -1.657594e-02 9.971365e-01 3.497132e+00
1.973286e-01 9.803222e-01 5.460336e-03 5.875802e+01 -9.778053e-01 1.964157e-01 7.292253e-02 -5.868758e+01 7.041509e-02 -1.972884e-02 9.973226e-01 3.542959e+00
2.006339e-01 9.796427e-01 6.807804e-03 5.890482e+01 -9.771267e-01 1.996090e-01 7.334575e-02 -5.941198e+01 7.049374e-02 -2.136773e-02 9.972832e-01 3.582953e+00
2.028993e-01 9.791651e-01 8.226009e-03 5.905313e+01 -9.765168e-01 2.017149e-01 7.566967e-02 -6.012548e+01 7.243381e-02 -2.338617e-02 9.970990e-01 3.624326e+00
2.045306e-01 9.787914e-01 1.160182e-02 5.920684e+01 -9.759255e-01 2.029860e-01 7.978776e-02 -6.082675e+01 7.574058e-02 -2.764155e-02 9.967443e-01 3.664690e+00
2.066450e-01 9.783421e-01 1.203252e-02 5.935650e+01 -9.751427e-01 2.049330e-01 8.425602e-02 -6.151849e+01 7.996537e-02 -2.914451e-02 9.963714e-01 3.706961e+00
2.087202e-01 9.779099e-01 1.132017e-02 5.950330e+01 -9.742644e-01 2.069069e-01 8.943272e-02 -6.219659e+01 8.511493e-02 -2.969526e-02 9.959285e-01 3.741590e+00
2.102695e-01 9.775891e-01 1.031473e-02 5.964929e+01 -9.737578e-01 2.084825e-01 9.127264e-02 -6.287120e+01 8.707671e-02 -2.923591e-02 9.957724e-01 3.783340e+00
2.116099e-01 9.772738e-01 1.254717e-02 5.979657e+01 -9.735383e-01 2.096331e-01 9.097778e-02 -6.353833e+01 8.627990e-02 -3.146696e-02 9.957739e-01 3.829651e+00
2.122504e-01 9.771276e-01 1.310389e-02 5.993883e+01 -9.736461e-01 2.103112e-01 8.821812e-02 -6.419849e+01 8.344448e-02 -3.148289e-02 9.960150e-01 3.880328e+00
2.126922e-01 9.770239e-01 1.365699e-02 6.007984e+01 -9.737927e-01 2.107951e-01 8.540086e-02 -6.485051e+01 8.055986e-02 -3.146317e-02 9.962530e-01 3.928269e+00
2.124000e-01 9.770944e-01 1.314596e-02 6.021205e+01 -9.739259e-01 2.105754e-01 8.441830e-02 -6.549007e+01 7.971646e-02 -3.073364e-02 9.963437e-01 3.968113e+00
2.108517e-01 9.774267e-01 1.337314e-02 6.034418e+01 -9.743193e-01 2.090362e-01 8.369927e-02 -6.611987e+01 7.901444e-02 -3.067784e-02 9.964013e-01 4.014445e+00
2.092327e-01 9.777555e-01 1.468972e-02 6.047472e+01 -9.746329e-01 2.072970e-01 8.437213e-02 -6.674146e+01 7.945020e-02 -3.197050e-02 9.963260e-01 4.061361e+00
2.069531e-01 9.782323e-01 1.523830e-02 6.060862e+01 -9.748440e-01 2.048688e-01 8.779408e-02 -6.736549e+01 8.276117e-02 -3.302424e-02 9.960220e-01 4.112733e+00
2.045831e-01 9.787632e-01 1.297600e-02 6.073064e+01 -9.750028e-01 2.025873e-01 9.125627e-02 -6.794025e+01 8.668953e-02 -3.132114e-02 9.957428e-01 4.159623e+00
2.026338e-01 9.791964e-01 1.068508e-02 6.085389e+01 -9.753273e-01 2.008328e-01 9.166700e-02 -6.854529e+01 8.761409e-02 -2.899628e-02 9.957325e-01 4.205379e+00
2.005106e-01 9.796196e-01 1.187244e-02 6.097910e+01 -9.758667e-01 1.986434e-01 9.069026e-02 -6.912416e+01 8.648358e-02 -2.977028e-02 9.958084e-01 4.250089e+00
1.979095e-01 9.801343e-01 1.298154e-02 6.109552e+01 -9.766495e-01 1.960419e-01 8.788322e-02 -6.970456e+01 8.359244e-02 -3.007134e-02 9.960461e-01 4.299691e+00
1.958364e-01 9.805396e-01 1.379480e-02 6.120930e+01 -9.774382e-01 1.940431e-01 8.343586e-02 -7.027236e+01 7.913537e-02 -2.982334e-02 9.964176e-01 4.352768e+00
1.937359e-01 9.809907e-01 1.112040e-02 6.131649e+01 -9.778891e-01 1.921889e-01 8.243914e-02 -7.082358e+01 7.873481e-02 -2.684594e-02 9.965340e-01 4.398092e+00
1.916476e-01 9.814422e-01 6.519622e-03 6.141957e+01 -9.780626e-01 1.904267e-01 8.444604e-02 -7.136865e+01 8.163741e-02 -2.256048e-02 9.964067e-01 4.439856e+00
1.889416e-01 9.819852e-01 2.528153e-03 6.152236e+01 -9.783738e-01 1.880248e-01 8.620508e-02 -7.191010e+01 8.417676e-02 -1.876120e-02 9.962742e-01 4.478532e+00
1.873437e-01 9.822901e-01 2.945117e-03 6.162629e+01 -9.784732e-01 1.863498e-01 8.867904e-02 -7.244678e+01 8.655972e-02 -1.949518e-02 9.960558e-01 4.519578e+00
1.860833e-01 9.825301e-01 2.784600e-03 6.172976e+01 -9.785032e-01 1.850627e-01 9.101205e-02 -7.298244e+01 8.890677e-02 -1.966056e-02 9.958459e-01 4.564718e+00
1.847730e-01 9.827802e-01 1.528111e-03 6.183189e+01 -9.788977e-01 1.839045e-01 8.909749e-02 -7.352600e+01 8.728224e-02 -1.795867e-02 9.960217e-01 4.607281e+00
1.850383e-01 9.827207e-01 -4.593155e-03 6.192312e+01 -9.789020e-01 1.847275e-01 8.732943e-02 -7.406818e+01 8.666894e-02 -1.166304e-02 9.961689e-01 4.648848e+00
1.871509e-01 9.822825e-01 -9.785932e-03 6.201358e+01 -9.785020e-01 1.872910e-01 8.634639e-02 -7.461381e+01 8.664938e-02 -6.584252e-03 9.962171e-01 4.688251e+00
1.889428e-01 9.819124e-01 -1.219760e-02 6.211506e+01 -9.782073e-01 1.892898e-01 8.532245e-02 -7.516217e+01 8.608806e-02 -4.189268e-03 9.962787e-01 4.730754e+00
1.926484e-01 9.812239e-01 -9.306362e-03 6.222678e+01 -9.775640e-01 1.927358e-01 8.497865e-02 -7.571447e+01 8.517676e-02 -7.273433e-03 9.963393e-01 4.774762e+00
1.981999e-01 9.801168e-01 -9.383298e-03 6.233720e+01 -9.764122e-01 1.982692e-01 8.549029e-02 -7.626307e+01 8.565091e-02 -7.782186e-03 9.962948e-01 4.814844e+00
2.049317e-01 9.787148e-01 -1.098063e-02 6.245425e+01 -9.750682e-01 2.051181e-01 8.466665e-02 -7.682229e+01 8.511683e-02 -6.644005e-03 9.963488e-01 4.859601e+00
2.132257e-01 9.769391e-01 -1.117483e-02 6.258329e+01 -9.733471e-01 2.134025e-01 8.399161e-02 -7.739931e+01 8.443943e-02 -7.032168e-03 9.964038e-01 4.903196e+00
2.212977e-01 9.751408e-01 -1.130868e-02 6.270896e+01 -9.716018e-01 2.214611e-01 8.333566e-02 -7.796073e+01 8.376845e-02 -7.454445e-03 9.964573e-01 4.945686e+00
2.305043e-01 9.730378e-01 -8.081284e-03 6.284430e+01 -9.695870e-01 2.303732e-01 8.263785e-02 -7.852598e+01 8.227148e-02 -1.121287e-02 9.965468e-01 4.991848e+00
2.405907e-01 9.705981e-01 -7.461686e-03 6.299403e+01 -9.671504e-01 2.403720e-01 8.271208e-02 -7.911981e+01 8.207378e-02 -1.268319e-02 9.965455e-01 5.034136e+00
2.503243e-01 9.681506e-01 -4.742485e-03 6.314942e+01 -9.644719e-01 2.497945e-01 8.600272e-02 -7.968687e+01 8.444823e-02 -1.695458e-02 9.962837e-01 5.070632e+00
2.602313e-01 9.655429e-01 -2.621720e-03 6.332024e+01 -9.616533e-01 2.594248e-01 8.900253e-02 -8.029071e+01 8.661591e-02 -2.064006e-02 9.960280e-01 5.105926e+00
2.713154e-01 9.624905e-01 7.514388e-05 6.349291e+01 -9.584967e-01 2.701825e-01 9.102399e-02 -8.088720e+01 8.758944e-02 -2.476823e-02 9.958487e-01 5.145825e+00
2.817149e-01 9.594982e-01 3.575035e-04 6.367289e+01 -9.553479e-01 2.804617e-01 9.301430e-02 -8.149505e+01 8.914679e-02 -2.654506e-02 9.956647e-01 5.185874e+00
2.917299e-01 9.564993e-01 1.722238e-03 6.386814e+01 -9.523324e-01 2.902902e-01 9.377922e-02 -8.210771e+01 8.919981e-02 -2.899835e-02 9.955915e-01 5.218918e+00
3.021658e-01 9.532536e-01 1.863904e-03 6.407137e+01 -9.490144e-01 3.006367e-01 9.481106e-02 -8.273872e+01 8.981863e-02 -3.041753e-02 9.954934e-01 5.258497e+00
3.127161e-01 9.498384e-01 3.972039e-03 6.428580e+01 -9.456109e-01 3.109244e-01 9.563363e-02 -8.338013e+01 8.960151e-02 -3.366218e-02 9.954085e-01 5.295547e+00
3.232824e-01 9.462927e-01 4.323325e-03 6.451435e+01 -9.425507e-01 3.215908e-01 9.042876e-02 -8.404151e+01 8.418175e-02 -3.330898e-02 9.958935e-01 5.334294e+00
3.338072e-01 9.426389e-01 2.133300e-03 6.474722e+01 -9.394803e-01 3.325019e-01 8.257922e-02 -8.471117e+01 7.713307e-02 -2.956974e-02 9.965822e-01 5.369955e+00
3.447107e-01 9.387084e-01 1.091423e-03 6.499331e+01 -9.358486e-01 3.435695e-01 7.840502e-02 -8.539081e+01 7.322449e-02 -2.804847e-02 9.969209e-01 5.410616e+00
3.547595e-01 9.349569e-01 1.187047e-03 6.525455e+01 -9.323226e-01 3.536642e-01 7.547181e-02 -8.607864e+01 7.014309e-02 -2.788106e-02 9.971471e-01 5.444995e+00
3.633533e-01 9.316383e-01 -4.961216e-03 6.552465e+01 -9.291417e-01 3.627601e-01 7.142060e-02 -8.678361e+01 6.833791e-02 -2.134124e-02 9.974338e-01 5.457676e+00
3.721244e-01 9.281175e-01 -1.103009e-02 6.579499e+01 -9.257644e-01 3.719859e-01 6.772483e-02 -8.748978e+01 6.695965e-02 -1.499080e-02 9.976431e-01 5.470030e+00
3.787291e-01 9.253449e-01 -1.735378e-02 6.608116e+01 -9.235416e-01 3.790797e-01 5.804819e-02 -8.821812e+01 6.029308e-02 -5.957600e-03 9.981629e-01 5.486604e+00
3.856834e-01 9.223403e-01 -2.317230e-02 6.637286e+01 -9.207598e-01 3.863786e-01 5.397122e-02 -8.893919e+01 5.873312e-02 5.203275e-04 9.982736e-01 5.517197e+00
3.928536e-01 9.192538e-01 -2.527003e-02 6.667970e+01 -9.176522e-01 3.936610e-01 5.427187e-02 -8.965655e+01 5.983746e-02 1.868201e-03 9.982064e-01 5.550346e+00
4.000226e-01 9.159637e-01 -3.150389e-02 6.698338e+01 -9.139849e-01 4.012343e-01 6.035400e-02 -9.036813e+01 6.792253e-02 4.651119e-03 9.976797e-01 5.578248e+00
4.067446e-01 9.127154e-01 -3.885303e-02 6.730116e+01 -9.104434e-01 4.084982e-01 6.497699e-02 -9.108553e+01 7.517690e-02 8.944449e-03 9.971301e-01 5.617644e+00
4.121810e-01 9.103462e-01 -3.710555e-02 6.762915e+01 -9.079424e-01 4.137997e-01 6.641037e-02 -9.179099e+01 7.581070e-02 6.316602e-03 9.971021e-01 5.666970e+00
4.171905e-01 9.083250e-01 -2.996484e-02 6.797140e+01 -9.057310e-01 4.182627e-01 6.861169e-02 -9.247971e+01 7.485490e-02 -1.484054e-03 9.971933e-01 5.703028e+00
4.215008e-01 9.064783e-01 -2.518517e-02 6.831321e+01 -9.036463e-01 4.221844e-01 7.199738e-02 -9.316104e+01 7.589686e-02 -7.588468e-03 9.970868e-01 5.755849e+00
4.257436e-01 9.044671e-01 -2.610802e-02 6.864420e+01 -9.013613e-01 4.264576e-01 7.537535e-02 -9.383502e+01 7.930851e-02 -8.557811e-03 9.968134e-01 5.806811e+00
4.300095e-01 9.024712e-01 -2.524809e-02 6.898135e+01 -8.990192e-01 4.305946e-01 7.970282e-02 -9.450847e+01 8.280122e-02 -1.157446e-02 9.964988e-01 5.873137e+00
4.335893e-01 9.008069e-01 -2.339923e-02 6.930764e+01 -8.971356e-01 4.339675e-01 8.258352e-02 -9.515236e+01 8.454631e-02 -1.481505e-02 9.963093e-01 5.938221e+00
4.377438e-01 8.988372e-01 -2.173105e-02 6.963985e+01 -8.953308e-01 4.379921e-01 8.090446e-02 -9.580630e+01 8.223798e-02 -1.595894e-02 9.964849e-01 6.008246e+00
4.420293e-01 8.967397e-01 -2.163185e-02 6.996823e+01 -8.935249e-01 4.423093e-01 7.730277e-02 -9.646421e+01 7.888846e-02 -1.484149e-02 9.967729e-01 6.071555e+00
4.454765e-01 8.950631e-01 -2.032054e-02 7.028960e+01 -8.920504e-01 4.456786e-01 7.494541e-02 -9.708904e+01 7.613730e-02 -1.525947e-02 9.969805e-01 6.134637e+00
4.492224e-01 8.932230e-01 -1.876245e-02 7.062134e+01 -8.903016e-01 4.493089e-01 7.405704e-02 -9.772997e+01 7.457957e-02 -1.656384e-02 9.970775e-01 6.198852e+00
4.526191e-01 8.915155e-01 -1.833679e-02 7.093368e+01 -8.884488e-01 4.526269e-01 7.607674e-02 -9.832092e+01 7.612333e-02 -1.814250e-02 9.969333e-01 6.255158e+00
4.552880e-01 8.901224e-01 -1.987245e-02 7.124597e+01 -8.870049e-01 4.553988e-01 7.638244e-02 -9.892042e+01 7.703961e-02 -1.714905e-02 9.968805e-01 6.306964e+00
4.572637e-01 8.890728e-01 -2.143478e-02 7.155540e+01 -8.860700e-01 4.575168e-01 7.455466e-02 -9.951669e+01 7.609132e-02 -1.509844e-02 9.969865e-01 6.358584e+00
4.588518e-01 8.882063e-01 -2.334087e-02 7.186134e+01 -8.852506e-01 4.592584e-01 7.357442e-02 -1.001023e+02 7.606874e-02 -1.309723e-02 9.970166e-01 6.411434e+00
4.607784e-01 8.872466e-01 -2.184114e-02 7.216939e+01 -8.843251e-01 4.610679e-01 7.338545e-02 -1.006784e+02 7.518123e-02 -1.449975e-02 9.970644e-01 6.462016e+00
4.626826e-01 8.862204e-01 -2.320081e-02 7.247511e+01 -8.833057e-01 4.630729e-01 7.303742e-02 -1.012458e+02 7.547095e-02 -1.329974e-02 9.970592e-01 6.512254e+00
4.652527e-01 8.848451e-01 -2.426901e-02 7.277669e+01 -8.817475e-01 4.656869e-01 7.521325e-02 -1.017996e+02 7.785387e-02 -1.359403e-02 9.968721e-01 6.564828e+00
4.681421e-01 8.832433e-01 -2.691378e-02 7.307145e+01 -8.801591e-01 4.687805e-01 7.459667e-02 -1.023404e+02 7.850368e-02 -1.123343e-02 9.968504e-01 6.618091e+00
4.710299e-01 8.816221e-01 -2.955266e-02 7.336578e+01 -8.785622e-01 4.718730e-01 7.392026e-02 -1.028803e+02 7.911488e-02 -8.854814e-03 9.968262e-01 6.670943e+00
4.740531e-01 8.799068e-01 -3.221371e-02 7.365633e+01 -8.769558e-01 4.751085e-01 7.225116e-02 -1.034103e+02 7.887931e-02 -6.000889e-03 9.968660e-01 6.716201e+00
4.773731e-01 8.780508e-01 -3.379198e-02 7.394330e+01 -8.751594e-01 4.785466e-01 7.133751e-02 -1.039364e+02 7.880902e-02 -4.481236e-03 9.968796e-01 6.753065e+00
4.804746e-01 8.763094e-01 -3.501452e-02 7.422754e+01 -8.734392e-01 4.817361e-01 7.095206e-02 -1.044523e+02 7.904373e-02 -3.507612e-03 9.968649e-01 6.789667e+00
4.838275e-01 8.744299e-01 -3.582488e-02 7.451213e+01 -8.716058e-01 4.851441e-01 7.027320e-02 -1.049634e+02 7.882922e-02 -2.774929e-03 9.968843e-01 6.826447e+00
