1.000000e+00 0.000000e+00 -4.656613e-10 0.000000e+00 -1.164153e-10 1.000000e+00 1.091394e-11 4.656613e-10 -4.656613e-10 9.376890e-10 1.000000e+00 0.000000e+00
9.999991e-01 -2.136956e-04 1.322473e-03 1.310828e+00 2.148952e-04 9.999996e-01 -9.073159e-04 -3.942407e-03 -1.322280e-03 9.076004e-04 9.999987e-01 1.013586e-02
9.999982e-01 -5.549849e-04 1.853148e-03 2.625649e+00 5.580487e-04 9.999985e-01 -1.653343e-03 -5.834393e-03 -1.852229e-03 1.654377e-03 9.999969e-01 2.559831e-02
9.999996e-01 -7.115105e-04 5.265935e-04 3.942082e+00 7.133067e-04 9.999939e-01 -3.419116e-03 -1.015825e-02 -5.241586e-04 3.419493e-03 9.999940e-01 3.759272e-02
9.999996e-01 -6.233588e-04 8.046613e-04 5.261499e+00 6.262839e-04 9.999932e-01 -3.640951e-03 -1.344390e-02 -8.023884e-04 3.641454e-03 9.999930e-01 5.091865e-02
9.999986e-01 -4.974670e-04 1.631503e-03 6.582260e+00 5.038778e-04 9.999922e-01 -3.931518e-03 -1.732335e-02 -1.629536e-03 3.932337e-03 9.999909e-01 5.923493e-02
9.999964e-01 -3.880663e-04 2.683342e-03 7.909539e+00 4.028510e-04 9.999847e-01 -5.511612e-03 -2.334002e-02 -2.681163e-03 5.512675e-03 9.999812e-01 6.606250e-02
9.999935e-01 -5.740914e-04 3.571855e-03 9.239866e+00 5.926429e-04 9.999864e-01 -5.194920e-03 -2.666441e-02 -3.568826e-03 5.197006e-03 9.999802e-01 7.392494e-02
9.999980e-01 -8.367344e-04 1.855718e-03 1.057048e+01 8.453367e-04 9.999889e-01 -4.639807e-03 -2.865039e-02 -1.851817e-03 4.641370e-03 9.999875e-01 8.167119e-02
9.999993e-01 -9.429114e-04 -7.935525e-04 1.190497e+01 9.413973e-04 9.999977e-01 -1.905534e-03 -3.004828e-02 7.953481e-04 1.904787e-03 9.999980e-01 8.580267e-02
9.999983e-01 -6.153270e-04 -1.728077e-03 1.324279e+01 6.179934e-04 9.999987e-01 1.542739e-03 -2.884090e-02 1.727126e-03 -1.543804e-03 9.999973e-01 9.010421e-02
9.999986e-01 -5.372353e-04 -1.578292e-03 1.458130e+01 5.434848e-04 9.999920e-01 3.961972e-03 -2.592274e-02 1.576150e-03 -3.962824e-03 9.999909e-01 1.006616e-01
9.999996e-01 -4.090936e-04 -8.686488e-04 1.593165e+01 4.135953e-04 9.999865e-01 5.188816e-03 -2.441093e-02 8.665128e-04 -5.189170e-03 9.999862e-01 1.139919e-01
9.999985e-01 -1.020182e-05 1.774645e-03 1.728350e+01 4.895730e-06 9.999955e-01 2.989935e-03 -2.861524e-02 -1.774667e-03 -2.989921e-03 9.999940e-01 1.247439e-01
9.999920e-01 2.297767e-04 3.998286e-03 1.863622e+01 -2.261596e-04 9.999996e-01 -9.050914e-04 -3.616437e-02 -3.998494e-03 9.041807e-04 9.999916e-01 1.340125e-01
9.999983e-01 -2.402288e-05 1.824584e-03 1.998812e+01 3.066834e-05 9.999934e-01 -3.642204e-03 -4.355130e-02 -1.824484e-03 3.642255e-03 9.999917e-01 1.406431e-01
9.999998e-01 -1.971803e-04 -5.639335e-04 2.134264e+01 1.942904e-04 9.999869e-01 -5.119621e-03 -4.547870e-02 5.649342e-04 5.119514e-03 9.999866e-01 1.542582e-01
9.999978e-01 4.554833e-04 -2.069722e-03 2.270717e+01 -4.613656e-04 9.999959e-01 -2.842088e-03 -4.288594e-02 2.068419e-03 2.843038e-03 9.999938e-01 1.740409e-01
9.999989e-01 1.250707e-03 -7.555797e-04 2.407376e+01 -1.250592e-03 9.999992e-01 1.519731e-04 -3.845774e-02 7.557678e-04 -1.510267e-04 9.999997e-01 1.902226e-01
9.999834e-01 1.881046e-03 5.448040e-03 2.545094e+01 -1.888935e-03 9.999971e-01 1.443205e-03 -3.845944e-02 -5.445312e-03 -1.453472e-03 9.999841e-01 2.052889e-01
9.999824e-01 2.337666e-03 5.479864e-03 2.682264e+01 -2.331971e-03 9.999967e-01 -1.045561e-03 -4.578234e-02 -5.482293e-03 1.032765e-03 9.999844e-01 2.147619e-01
9.999905e-01 1.975372e-03 3.883466e-03 2.819704e+01 -1.954647e-03 9.999840e-01 -5.333396e-03 -5.592065e-02 -3.893940e-03 5.325759e-03 9.999782e-01 2.280647e-01
9.999972e-01 2.020566e-03 1.310581e-03 2.957236e+01 -2.012769e-03 9.999804e-01 -5.922663e-03 -6.193322e-02 -1.322524e-03 5.920012e-03 9.999816e-01 2.412066e-01
9.999967e-01 2.438568e-03 -9.822254e-04 3.095204e+01 -2.444574e-03 9.999782e-01 -6.159793e-03 -6.716673e-02 9.671813e-04 6.162178e-03 9.999806e-01 2.576786e-01
9.999940e-01 3.198965e-03 -1.374403e-03 3.233762e+01 -3.202859e-03 9.999908e-01 -2.841073e-03 -6.826106e-02 1.365301e-03 2.845459e-03 9.999951e-01 2.744337e-01
9.999874e-01 3.603636e-03 -3.480976e-03 3.372009e+01 -3.610220e-03 9.999917e-01 -1.886913e-03 -7.224645e-02 3.474148e-03 1.899458e-03 9.999922e-01 2.919548e-01
9.999860e-01 3.532794e-03 -3.940225e-03 3.511325e+01 -3.536726e-03 9.999933e-01 -9.913687e-04 -7.683522e-02 3.936694e-03 1.005292e-03 9.999917e-01 3.136094e-01
9.999928e-01 3.426805e-03 -1.636710e-03 3.651065e+01 -3.428331e-03 9.999936e-01 -9.311283e-04 -8.158888e-02 1.633508e-03 9.367331e-04 9.999982e-01 3.367921e-01
9.999956e-01 2.987692e-03 -3.728503e-05 3.790890e+01 -2.987698e-03 9.999955e-01 -1.695205e-04 -8.740120e-02 3.677793e-05 1.696314e-04 1.000000e+00 3.534912e-01
9.999956e-01 2.950110e-03 -3.430792e-04 3.930467e+01 -2.949230e-03 9.999925e-01 2.534337e-03 -9.177614e-02 3.505503e-04 -2.533313e-03 9.999967e-01 3.682426e-01
9.999951e-01 3.075599e-03 -5.115499e-04 4.070756e+01 -3.072964e-03 9.999824e-01 5.072515e-03 -9.669670e-02 5.271421e-04 -5.070919e-03 9.999871e-01 3.788964e-01
9.999954e-01 3.064543e-03 9.995420e-06 4.211437e+01 -3.064537e-03 9.999692e-01 7.223667e-03 -9.902818e-02 1.214026e-05 -7.223663e-03 9.999739e-01 3.969324e-01
9.999961e-01 2.785405e-03 2.898304e-04 4.352209e+01 -2.787722e-03 9.999615e-01 8.326054e-03 -1.039479e-01 -2.666283e-04 -8.326831e-03 9.999653e-01 4.112641e-01
9.999973e-01 2.367520e-03 -1.331456e-04 4.493180e+01 -2.366489e-03 9.999707e-01 7.275471e-03 -1.117831e-01 1.503644e-04 -7.275137e-03 9.999735e-01 4.256591e-01
9.999983e-01 1.690622e-03 -7.709963e-04 4.634490e+01 -1.685624e-03 9.999779e-01 6.438717e-03 -1.194317e-01 7.818630e-04 -6.437407e-03 9.999790e-01 4.374019e-01
9.999998e-01 7.247340e-04 -4.506111e-05 4.776082e+01 -7.244603e-04 9.999830e-01 5.805085e-03 -1.257533e-01 4.926696e-05 -5.805054e-03 9.999831e-01 4.504319e-01
9.999997e-01 -2.913801e-04 7.999153e-04 4.918359e+01 2.865689e-04 9.999819e-01 6.007398e-03 -1.283405e-01 -8.016527e-04 -6.007168e-03 9.999816e-01 4.644300e-01
9.999986e-01 -1.362335e-03 1.045385e-03 5.060627e+01 1.355366e-03 9.999772e-01 6.638367e-03 -1.295552e-01 -1.054407e-03 -6.636938e-03 9.999774e-01 4.769327e-01
9.999967e-01 -2.532206e-03 6.493637e-04 5.203247e+01 2.527851e-03 9.999749e-01 6.620785e-03 -1.298936e-01 -6.661145e-04 -6.619121e-03 9.999778e-01 4.884661e-01
9.999915e-01 -3.661685e-03 1.912641e-03 5.346151e+01 3.648493e-03 9.999699e-01 6.855740e-03 -1.293931e-01 -1.937690e-03 -6.848704e-03 9.999747e-01 4.984774e-01
9.999859e-01 -4.462082e-03 2.871297e-03 5.488917e+01 4.446348e-03 9.999753e-01 5.463103e-03 -1.279742e-01 -2.895605e-03 -5.450258e-03 9.999810e-01 5.110142e-01
9.999833e-01 -5.088126e-03 2.779504e-03 5.632123e+01 5.077085e-03 9.999794e-01 3.965135e-03 -1.270241e-01 -2.799624e-03 -3.950955e-03 9.999883e-01 5.217673e-01
9.999812e-01 -5.688511e-03 2.344715e-03 5.775020e+01 5.684583e-03 9.999824e-01 1.678146e-03 -1.265639e-01 -2.354223e-03 -1.664786e-03 9.999958e-01 5.327397e-01
9.999796e-01 -5.756598e-03 2.786837e-03 5.917847e+01 5.755693e-03 9.999834e-01 3.324248e-04 -1.262568e-01 -2.788708e-03 -3.163771e-04 9.999961e-01 5.413406e-01
9.999800e-01 -5.319958e-03 3.432325e-03 6.060815e+01 5.322997e-03 9.999855e-01 -8.773527e-04 -1.253923e-01 -3.427610e-03 8.956054e-04 9.999937e-01 5.519570e-01
9.999796e-01 -4.930833e-03 4.068403e-03 6.203308e+01 4.938587e-03 9.999861e-01 -1.898293e-03 -1.243160e-01 -4.058988e-03 1.918346e-03 9.999899e-01 5.630906e-01
9.999834e-01 -4.479467e-03 3.643177e-03 6.345720e+01 4.493412e-03 9.999826e-01 -3.828431e-03 -1.229979e-01 -3.625966e-03 3.844741e-03 9.999860e-01 5.767974e-01
9.999882e-01 -3.981363e-03 2.800286e-03 6.487714e+01 3.996240e-03 9.999779e-01 -5.327364e-03 -1.241078e-01 -2.779016e-03 5.338497e-03 9.999819e-01 5.876744e-01
9.999920e-01 -3.331910e-03 2.232731e-03 6.629473e+01 3.343586e-03 9.999806e-01 -5.246362e-03 -1.235364e-01 -2.215208e-03 5.253784e-03 9.999838e-01 5.998263e-01
9.999942e-01 -2.540949e-03 2.298108e-03 6.770856e+01 2.548991e-03 9.999907e-01 -3.503254e-03 -1.217910e-01 -2.289189e-03 3.509094e-03 9.999912e-01 6.111939e-01
9.999912e-01 -2.091370e-03 3.633856e-03 6.912164e+01 2.093812e-03 9.999976e-01 -6.682778e-04 -1.148403e-01 -3.632451e-03 6.758824e-04 9.999932e-01 6.283962e-01
9.999869e-01 -1.362198e-03 4.951762e-03 7.053593e+01 1.347374e-03 9.999945e-01 2.995330e-03 -1.093847e-01 -4.955817e-03 -2.988621e-03 9.999833e-01 6.414496e-01
9.999846e-01 -6.529271e-04 5.514323e-03 7.194588e+01 6.162724e-04 9.999777e-01 6.646245e-03 -1.034633e-01 -5.518540e-03 -6.642744e-03 9.999627e-01 6.529242e-01
9.999868e-01 -3.479677e-05 5.134200e-03 7.334602e+01 -2.241472e-05 9.999380e-01 1.114270e-02 -9.856968e-02 -5.134272e-03 -1.114267e-02 9.999247e-01 6.614878e-01
9.999890e-01 6.547001e-04 4.663847e-03 7.474867e+01 -7.209321e-04 9.998987e-01 1.421358e-02 -9.614750e-02 -4.654071e-03 -1.421679e-02 9.998881e-01 6.695588e-01
9.999894e-01 1.331844e-03 4.409610e-03 7.615084e+01 -1.403854e-03 9.998651e-01 1.636758e-02 -9.198045e-02 -4.387218e-03 -1.637360e-02 9.998564e-01 6.843150e-01
9.999883e-01 1.664263e-03 4.546633e-03 7.754724e+01 -1.739713e-03 9.998600e-01 1.664120e-02 -9.322733e-02 -4.518304e-03 -1.664891e-02 9.998512e-01 6.960118e-01
9.999872e-01 1.830916e-03 4.709214e-03 7.894153e+01 -1.903272e-03 9.998795e-01 1.540620e-02 -9.765684e-02 -4.680441e-03 -1.541497e-02 9.998702e-01 7.070946e-01
9.999914e-01 1.784055e-03 3.752412e-03 8.033203e+01 -1.837329e-03 9.998968e-01 1.424182e-02 -1.037579e-01 -3.726619e-03 -1.424860e-02 9.998915e-01 7.163430e-01
9.999924e-01 1.512300e-03 3.619798e-03 8.171763e+01 -1.561017e-03 9.999078e-01 1.349382e-02 -1.072926e-01 -3.599058e-03 -1.349937e-02 9.999025e-01 7.289294e-01
9.999917e-01 1.277284e-03 3.887407e-03 8.310401e+01 -1.329798e-03 9.999076e-01 1.353614e-02 -1.104777e-01 -3.869759e-03 -1.354120e-02 9.999009e-01 7.403984e-01
9.999942e-01 7.531049e-04 3.359326e-03 8.449054e+01 -7.969842e-04 9.999141e-01 1.307955e-02 -1.090626e-01 -3.349190e-03 -1.308215e-02 9.999088e-01 7.526094e-01
9.999931e-01 2.052193e-05 3.708036e-03 8.587262e+01 -7.031602e-05 9.999098e-01 1.342890e-02 -1.039074e-01 -3.707427e-03 -1.342908e-02 9.999029e-01 7.640268e-01
9.999900e-01 -9.229267e-04 4.403569e-03 8.725735e+01 8.654296e-04 9.999146e-01 1.304089e-02 -9.247752e-02 -4.415231e-03 -1.303694e-02 9.999053e-01 7.788357e-01
9.999831e-01 -2.052137e-03 5.441320e-03 8.863647e+01 1.992689e-03 9.999385e-01 1.090822e-02 -8.646407e-02 -5.463374e-03 -1.089719e-02 9.999256e-01 7.895992e-01
9.999760e-01 -3.247048e-03 6.138997e-03 9.001390e+01 3.193211e-03 9.999566e-01 8.759215e-03 -7.591611e-02 -6.167176e-03 -8.739401e-03 9.999428e-01 8.006662e-01
9.999728e-01 -3.849257e-03 6.298503e-03 9.138290e+01 3.806620e-03 9.999700e-01 6.767418e-03 -6.596599e-02 -6.324366e-03 -6.743256e-03 9.999573e-01 8.090806e-01
9.999751e-01 -4.300617e-03 5.616283e-03 9.274902e+01 4.269887e-03 9.999760e-01 5.472054e-03 -5.154496e-02 -5.639682e-03 -5.447934e-03 9.999692e-01 8.184012e-01
9.999767e-01 -4.559046e-03 5.096267e-03 9.411121e+01 4.537437e-03 9.999807e-01 4.243660e-03 -3.720590e-02 -5.115517e-03 -4.220436e-03 9.999781e-01 8.274261e-01
9.999780e-01 -4.698016e-03 4.711388e-03 9.546869e+01 4.674912e-03 9.999771e-01 4.902694e-03 -1.557190e-02 -4.734315e-03 -4.880561e-03 9.999769e-01 8.388979e-01
9.999816e-01 -4.569595e-03 4.021293e-03 9.682184e+01 4.550674e-03 9.999787e-01 4.701844e-03 3.485525e-03 -4.042695e-03 -4.683457e-03 9.999809e-01 8.500746e-01
9.999850e-01 -4.327009e-03 3.347553e-03 9.817355e+01 4.308798e-03 9.999760e-01 5.428092e-03 2.170726e-02 -3.370963e-03 -5.413585e-03 9.999796e-01 8.614967e-01
9.999861e-01 -3.975443e-03 3.478576e-03 9.952338e+01 3.950917e-03 9.999675e-01 7.029042e-03 4.171341e-02 -3.506409e-03 -7.015200e-03 9.999692e-01 8.741494e-01
9.999812e-01 -3.751762e-03 4.856514e-03 1.008688e+02 3.715293e-03 9.999651e-01 7.496568e-03 5.342455e-02 -4.884470e-03 -7.478385e-03 9.999602e-01 8.832966e-01
9.999729e-01 -3.623927e-03 6.416075e-03 1.022141e+02 3.567403e-03 9.999549e-01 8.799368e-03 7.180430e-02 -6.447677e-03 -8.776243e-03 9.999407e-01 8.962576e-01
9.999807e-01 -3.550732e-03 5.108278e-03 1.035547e+02 3.508408e-03 9.999596e-01 8.270485e-03 8.656634e-02 -5.137441e-03 -8.252404e-03 9.999527e-01 9.064834e-01
9.999911e-01 -3.431433e-03 2.467191e-03 1.048932e+02 3.411228e-03 9.999610e-01 8.147420e-03 1.025699e-01 -2.495054e-03 -8.138934e-03 9.999638e-01 9.178547e-01
9.999933e-01 -3.457327e-03 1.290790e-03 1.062295e+02 3.447408e-03 9.999651e-01 7.608681e-03 1.100351e-01 -1.317052e-03 -7.604182e-03 9.999703e-01 9.261172e-01
9.999912e-01 -3.310086e-03 2.600552e-03 1.075743e+02 3.295799e-03 9.999796e-01 5.478932e-03 1.262073e-01 -2.618636e-03 -5.470314e-03 9.999816e-01 9.431119e-01
9.999852e-01 -2.699008e-03 4.720765e-03 1.089157e+02 2.684314e-03 9.999915e-01 3.116276e-03 1.401313e-01 -4.729138e-03 -3.103558e-03 9.999840e-01 9.580897e-01
9.999839e-01 -1.771348e-03 5.392659e-03 1.102541e+02 1.763064e-03 9.999973e-01 1.540415e-03 1.606605e-01 -5.395374e-03 -1.530882e-03 9.999844e-01 9.752734e-01
9.999918e-01 -1.038994e-03 3.952805e-03 1.115862e+02 1.036383e-03 9.999992e-01 6.623698e-04 1.787816e-01 -3.953493e-03 -6.582654e-04 9.999920e-01 9.896713e-01
9.999987e-01 -3.670313e-04 1.557831e-03 1.129146e+02 3.630175e-04 9.999966e-01 2.576098e-03 1.959572e-01 -1.558774e-03 -2.575527e-03 9.999954e-01 1.004284e+00
9.999996e-01 7.268639e-04 -6.279889e-04 1.142381e+02 -7.240062e-04 9.999895e-01 4.538611e-03 2.021725e-01 6.312798e-04 -4.538153e-03 9.999895e-01 1.014999e+00
9.999975e-01 2.125420e-03 -8.280529e-04 1.155697e+02 -2.119079e-03 9.999689e-01 7.585614e-03 2.079159e-01 8.441485e-04 -7.583842e-03 9.999709e-01 1.027341e+00
9.999929e-01 3.515784e-03 1.369257e-03 1.169029e+02 -3.527992e-03 9.999532e-01 9.017331e-03 2.098204e-01 -1.337493e-03 -9.022099e-03 9.999584e-01 1.038658e+00
9.999824e-01 4.543533e-03 3.822791e-03 1.182376e+02 -4.578175e-03 9.999481e-01 9.102905e-03 2.075636e-01 -3.781237e-03 -9.120245e-03 9.999512e-01 1.048366e+00
9.999756e-01 5.324674e-03 4.526556e-03 1.195716e+02 -5.361240e-03 9.999528e-01 8.104681e-03 2.024265e-01 -4.483190e-03 -8.128751e-03 9.999570e-01 1.053970e+00
9.999727e-01 6.350867e-03 3.791569e-03 1.209149e+02 -6.383366e-03 9.999425e-01 8.621868e-03 2.030171e-01 -3.736597e-03 -8.645836e-03 9.999557e-01 1.065489e+00
9.999657e-01 7.581705e-03 3.343616e-03 1.222789e+02 -7.616091e-03 9.999169e-01 1.039379e-02 2.146990e-01 -3.264538e-03 -1.041890e-02 9.999404e-01 1.091179e+00
9.999576e-01 8.709810e-03 2.999733e-03 1.236349e+02 -8.746468e-03 9.998845e-01 1.243164e-02 2.213284e-01 -2.891111e-03 -1.245735e-02 9.999182e-01 1.111405e+00
9.999498e-01 9.838696e-03 1.950717e-03 1.249943e+02 -9.863601e-03 9.998643e-01 1.319775e-02 2.252409e-01 -1.820605e-03 -1.321633e-02 9.999111e-01 1.132557e+00
9.999394e-01 1.092984e-02 1.411308e-03 1.263480e+02 -1.094892e-02 9.998378e-01 1.430043e-02 2.249110e-01 -1.254778e-03 -1.431502e-02 9.998968e-01 1.149552e+00
9.999292e-01 1.184868e-02 1.148037e-03 1.277037e+02 -1.186308e-02 9.998389e-01 1.346954e-02 2.291023e-01 -9.882571e-04 -1.348220e-02 9.999086e-01 1.180446e+00
9.999187e-01 1.260853e-02 1.938891e-03 1.290610e+02 -1.263259e-02 9.998364e-01 1.294277e-02 2.275684e-01 -1.775387e-03 -1.296621e-02 9.999143e-01 1.204218e+00
9.999038e-01 1.343359e-02 3.458747e-03 1.304187e+02 -1.347410e-02 9.998375e-01 1.197044e-02 2.275148e-01 -3.297380e-03 -1.201589e-02 9.999225e-01 1.230778e+00
9.998991e-01 1.376095e-02 3.518248e-03 1.317676e+02 -1.379882e-02 9.998446e-01 1.097451e-02 2.207465e-01 -3.366684e-03 -1.102195e-02 9.999336e-01 1.248310e+00
9.998980e-01 1.375148e-02 3.875274e-03 1.331217e+02 -1.378550e-02 9.998654e-01 8.894589e-03 2.134816e-01 -3.752442e-03 -8.947106e-03 9.999530e-01 1.267830e+00
9.999002e-01 1.343649e-02 4.373136e-03 1.344736e+02 -1.346785e-02 9.998833e-01 7.221870e-03 2.099342e-01 -4.275590e-03 -7.280046e-03 9.999644e-01 1.294456e+00
9.999087e-01 1.291456e-02 3.982145e-03 1.358270e+02 -1.293720e-02 9.999001e-01 5.712982e-03 2.079314e-01 -3.907968e-03 -5.763976e-03 9.999757e-01 1.321013e+00
9.999244e-01 1.167657e-02 3.872499e-03 1.371732e+02 -1.169250e-02 9.999233e-01 4.117208e-03 2.031164e-01 -3.824130e-03 -4.162174e-03 9.999840e-01 1.340156e+00
9.999320e-01 1.060764e-02 4.857542e-03 1.385252e+02 -1.062157e-02 9.999396e-01 2.851658e-03 2.000701e-01 -4.827001e-03 -2.903058e-03 9.999842e-01 1.360258e+00
9.999407e-01 9.600737e-03 5.144645e-03 1.398755e+02 -9.607445e-03 9.999530e-01 1.280942e-03 1.965673e-01 -5.132106e-03 -1.330293e-03 9.999860e-01 1.378487e+00
9.999529e-01 8.308872e-03 5.037944e-03 1.412260e+02 -8.311648e-03 9.999654e-01 5.301168e-04 1.966347e-01 -5.033369e-03 -5.719632e-04 9.999871e-01 1.402828e+00
9.999647e-01 7.062747e-03 4.564340e-03 1.425754e+02 -7.064038e-03 9.999751e-01 2.668100e-04 1.965606e-01 -4.562343e-03 -2.990426e-04 9.999896e-01 1.420950e+00
9.999736e-01 6.029929e-03 4.053950e-03 1.439232e+02 -6.029515e-03 9.999818e-01 -1.144167e-04 1.977920e-01 -4.054569e-03 8.997276e-05 9.999917e-01 1.437629e+00
9.999846e-01 5.072102e-03 2.261244e-03 1.452711e+02 -5.068160e-03 9.999857e-01 -1.745527e-03 1.988917e-01 -2.270066e-03 1.734042e-03 9.999959e-01 1.455888e+00
9.999918e-01 3.994077e-03 7.822495e-04 1.466145e+02 -3.988282e-03 9.999656e-01 -7.274345e-03 1.979251e-01 -8.112788e-04 7.271167e-03 9.999732e-01 1.478287e+00
9.999895e-01 2.915899e-03 3.565186e-03 1.479676e+02 -2.865418e-03 9.998968e-01 -1.408380e-02 1.973228e-01 -3.605885e-03 1.407344e-02 9.998946e-01 1.506856e+00
9.999889e-01 1.522949e-03 4.484623e-03 1.493170e+02 -1.425153e-03 9.997629e-01 -2.173006e-02 1.924847e-01 -4.516656e-03 2.172343e-02 9.997537e-01 1.524808e+00
9.999979e-01 3.313329e-04 2.063530e-03 1.506621e+02 -2.795343e-04 9.996861e-01 -2.505193e-02 1.947012e-01 -2.071185e-03 2.505131e-02 9.996840e-01 1.544559e+00
9.999981e-01 5.111644e-04 -1.938358e-03 1.520055e+02 -5.597075e-04 9.996842e-01 -2.512594e-02 2.013321e-01 1.924900e-03 2.512699e-02 9.996824e-01 1.561581e+00
9.999923e-01 1.339145e-03 -3.702181e-03 1.533512e+02 -1.418706e-03 9.997663e-01 -2.157203e-02 2.151707e-01 3.672427e-03 2.157713e-02 9.997604e-01 1.588537e+00
9.999910e-01 2.091679e-03 -3.696309e-03 1.546984e+02 -2.169992e-03 9.997706e-01 -2.131155e-02 2.191171e-01 3.650883e-03 2.131938e-02 9.997661e-01 1.609935e+00
9.999961e-01 2.756997e-03 -5.665324e-04 1.560474e+02 -2.769822e-03 9.997071e-01 -2.404094e-02 2.149346e-01 5.000839e-04 2.404243e-02 9.997108e-01 1.631784e+00
9.999910e-01 3.331526e-03 2.653720e-03 1.573978e+02 -3.251813e-03 9.995595e-01 -2.949652e-02 2.036957e-01 -2.750822e-03 2.948763e-02 9.995613e-01 1.648759e+00
9.999887e-01 3.376811e-03 3.350073e-03 1.587469e+02 -3.262179e-03 9.994283e-01 -3.365261e-02 1.898817e-01 -3.461797e-03 3.364131e-02 9.994281e-01 1.663141e+00
9.999876e-01 3.340756e-03 3.712811e-03 1.600938e+02 -3.207063e-03 9.993664e-01 -3.544908e-02 1.784017e-01 -3.828887e-03 3.543674e-02 9.993647e-01 1.676681e+00
9.999831e-01 4.149618e-03 4.083539e-03 1.614443e+02 -4.008864e-03 9.994175e-01 -3.389320e-02 1.701310e-01 -4.221809e-03 3.387627e-02 9.994171e-01 1.693383e+00
9.999789e-01 5.321928e-03 3.741256e-03 1.627942e+02 -5.207526e-03 9.995379e-01 -2.995070e-02 1.669762e-01 -3.898925e-03 2.993059e-02 9.995444e-01 1.708310e+00
9.999800e-01 6.191015e-03 1.357638e-03 1.641449e+02 -6.152860e-03 9.996296e-01 -2.650670e-02 1.580278e-01 -1.521239e-03 2.649781e-02 9.996478e-01 1.725328e+00
9.999760e-01 6.913317e-03 5.274080e-04 1.654961e+02 -6.898905e-03 9.996963e-01 -2.365993e-02 1.478679e-01 -6.908178e-04 2.365573e-02 9.997200e-01 1.739612e+00
9.999715e-01 7.312690e-03 1.884753e-03 1.668546e+02 -7.270169e-03 9.997390e-01 -2.165784e-02 1.366330e-01 -2.042640e-03 2.164352e-02 9.997636e-01 1.756051e+00
9.999737e-01 7.070566e-03 1.704771e-03 1.682157e+02 -7.035030e-03 9.997749e-01 -2.001990e-02 1.235664e-01 -1.845942e-03 2.000739e-02 9.997981e-01 1.773482e+00
9.999783e-01 6.545475e-03 -6.928663e-04 1.695759e+02 -6.556939e-03 9.998149e-01 -1.808972e-02 1.138593e-01 5.743317e-04 1.809388e-02 9.998361e-01 1.788348e+00
9.999756e-01 6.004671e-03 -3.576491e-03 1.709354e+02 -6.056247e-03 9.998752e-01 -1.458928e-02 1.078075e-01 3.488441e-03 1.461060e-02 9.998872e-01 1.806182e+00
9.999715e-01 5.795237e-03 -4.848199e-03 1.722997e+02 -5.841997e-03 9.999361e-01 -9.686847e-03 7.767826e-02 4.791750e-03 9.714898e-03 9.999413e-01 1.815131e+00
9.999737e-01 6.081897e-03 -3.972277e-03 1.736685e+02 -6.102109e-03 9.999685e-01 -5.096533e-03 5.237359e-02 3.941154e-03 5.120640e-03 9.999791e-01 1.834358e+00
9.999772e-01 6.588254e-03 -1.468073e-03 1.750451e+02 -6.590868e-03 9.999768e-01 -1.782847e-03 3.991385e-02 1.456292e-03 1.792485e-03 9.999974e-01 1.851825e+00
9.999775e-01 6.702226e-03 5.116281e-04 1.764249e+02 -6.701486e-03 9.999765e-01 -1.435211e-03 1.825714e-02 -5.212380e-04 1.431752e-03 9.999989e-01 1.865458e+00
9.999808e-01 5.930698e-03 1.831083e-03 1.778015e+02 -5.922772e-03 9.999732e-01 -4.304649e-03 -3.094993e-03 -1.856564e-03 4.293722e-03 9.999891e-01 1.862200e+00
9.999896e-01 4.274649e-03 1.664263e-03 1.791770e+02 -4.263124e-03 9.999673e-01 -6.868328e-03 -2.552454e-02 -1.693570e-03 6.861163e-03 9.999751e-01 1.862107e+00
9.999946e-01 2.219351e-03 -2.449694e-03 1.805580e+02 -2.237157e-03 9.999709e-01 -7.290503e-03 -3.662179e-02 2.433443e-03 7.295945e-03 9.999704e-01 1.869866e+00
9.999755e-01 7.293193e-04 -6.958051e-03 1.819372e+02 -7.726829e-04 9.999803e-01 -6.231525e-03 -4.434441e-02 6.953370e-03 6.236752e-03 9.999564e-01 1.880330e+00
9.999690e-01 1.375492e-04 -7.870695e-03 1.833257e+02 -1.490185e-04 9.999990e-01 -1.456615e-03 -4.185133e-02 7.870485e-03 1.457745e-03 9.999679e-01 1.897080e+00
9.999791e-01 2.196757e-06 -6.471812e-03 1.847200e+02 1.466251e-05 9.999966e-01 2.605049e-03 -3.972865e-02 6.471795e-03 -2.605089e-03 9.999757e-01 1.914815e+00
9.999943e-01 2.474802e-04 -3.394727e-03 1.861158e+02 -2.328438e-04 9.999907e-01 4.311319e-03 -4.674781e-02 3.395761e-03 -4.310504e-03 9.999849e-01 1.929819e+00
9.999991e-01 6.342989e-04 -1.213721e-03 1.875155e+02 -6.281042e-04 9.999869e-01 5.097420e-03 -5.470265e-02 1.216938e-03 -5.096653e-03 9.999863e-01 1.948329e+00
9.999998e-01 7.093077e-04 -4.000254e-04 1.889173e+02 -7.075194e-04 9.999899e-01 4.454141e-03 -5.728750e-02 4.031784e-04 -4.453856e-03 9.999900e-01 1.968967e+00
9.999997e-01 6.522993e-04 3.761509e-04 1.903220e+02 -6.534090e-04 9.999955e-01 2.957643e-03 -6.209079e-02 -3.742217e-04 -2.957886e-03 9.999955e-01 1.988006e+00
9.999995e-01 6.541510e-04 8.066101e-04 1.917302e+02 -6.544498e-04 9.999998e-01 3.695307e-04 -6.907583e-02 -8.063708e-04 -3.700564e-04 9.999996e-01 2.007654e+00
9.999991e-01 1.049747e-03 8.120798e-04 1.931388e+02 -1.047885e-03 9.999968e-01 -2.291498e-03 -7.418381e-02 -8.144835e-04 2.290647e-03 9.999970e-01 2.029132e+00
9.999976e-01 1.399007e-03 1.766861e-03 1.945575e+02 -1.389647e-03 9.999851e-01 -5.288602e-03 -7.994477e-02 -1.774235e-03 5.286135e-03 9.999844e-01 2.053200e+00
9.999920e-01 1.837045e-03 3.560751e-03 1.959772e+02 -1.803635e-03 9.999545e-01 -9.363492e-03 -8.632483e-02 -3.577793e-03 9.356999e-03 9.999498e-01 2.074808e+00
9.999914e-01 2.097516e-03 3.584151e-03 1.973992e+02 -2.051486e-03 9.999160e-01 -1.279827e-02 -8.841773e-02 -3.610698e-03 1.279081e-02 9.999117e-01 2.105784e+00
9.999972e-01 2.302538e-03 -6.306162e-04 1.988193e+02 -2.309292e-03 9.999376e-01 -1.092760e-02 -8.667601e-02 6.054142e-04 1.092903e-02 9.999401e-01 2.129987e+00
9.999769e-01 2.757005e-03 -6.218831e-03 2.002423e+02 -2.784243e-03 9.999865e-01 -4.375419e-03 -7.387114e-02 6.206686e-03 4.392633e-03 9.999712e-01 2.170962e+00
9.999700e-01 3.922036e-03 -6.676158e-03 2.016757e+02 -3.888860e-03 9.999800e-01 4.975229e-03 -5.854084e-02 6.695538e-03 -4.949117e-03 9.999653e-01 2.205296e+00
9.999834e-01 5.269691e-03 -2.390767e-03 2.031138e+02 -5.237617e-03 9.998987e-01 1.322984e-02 -4.400750e-02 2.460241e-03 -1.321710e-02 9.999095e-01 2.237953e+00
9.999821e-01 5.995247e-03 2.553267e-05 2.045518e+02 -5.994974e-03 9.998741e-01 1.470057e-02 -4.317670e-02 6.260118e-05 -1.470046e-02 9.998919e-01 2.254180e+00
9.999851e-01 5.476662e-03 -3.793277e-05 2.059897e+02 -5.475743e-03 9.999049e-01 1.266208e-02 -4.999842e-02 1.072735e-04 -1.266169e-02 9.999199e-01 2.268561e+00
9.999907e-01 4.329450e-03 -1.803180e-05 2.074378e+02 -4.329079e-03 9.999450e-01 9.563628e-03 -5.773150e-02 5.943468e-05 -9.563460e-03 9.999543e-01 2.283744e+00
9.999949e-01 3.221737e-03 -1.172014e-04 2.088875e+02 -3.220827e-03 9.999698e-01 7.077961e-03 -6.271823e-02 1.399992e-04 -7.077548e-03 9.999750e-01 2.296511e+00
9.999959e-01 2.714050e-03 -9.991108e-04 2.103428e+02 -2.706543e-03 9.999687e-01 7.440737e-03 -6.491315e-02 1.019273e-03 -7.438002e-03 9.999718e-01 2.310241e+00
9.999964e-01 2.597303e-03 -8.574566e-04 2.118047e+02 -2.589584e-03 9.999572e-01 8.884516e-03 -6.277370e-02 8.804933e-04 -8.882262e-03 9.999602e-01 2.335407e+00
9.999970e-01 2.457115e-03 1.245933e-04 2.132654e+02 -2.458251e-03 9.999458e-01 1.013202e-02 -6.025942e-02 -9.969156e-05 -1.013230e-02 9.999487e-01 2.359106e+00
9.999976e-01 2.226546e-03 -1.623621e-05 2.147345e+02 -2.226290e-03 9.999521e-01 9.542884e-03 -5.906101e-02 3.748201e-05 -9.542825e-03 9.999545e-01 2.385849e+00
9.999973e-01 1.847801e-03 -1.423962e-03 2.162068e+02 -1.834734e-03 9.999567e-01 9.124190e-03 -6.223537e-02 1.440759e-03 -9.121555e-03 9.999573e-01 2.407740e+00
9.999976e-01 1.658767e-03 -1.524576e-03 2.176820e+02 -1.645945e-03 9.999635e-01 8.372849e-03 -6.673927e-02 1.538408e-03 -8.370318e-03 9.999638e-01 2.425215e+00
9.999986e-01 1.204334e-03 -1.184689e-03 2.191626e+02 -1.193957e-03 9.999614e-01 8.721001e-03 -6.527560e-02 1.195147e-03 -8.719577e-03 9.999613e-01 2.446277e+00
9.999981e-01 8.665685e-04 -1.735846e-03 2.206400e+02 -8.513439e-04 9.999613e-01 8.752507e-03 -6.189677e-02 1.743364e-03 -8.751015e-03 9.999602e-01 2.468622e+00
9.999978e-01 6.707010e-04 -2.008948e-03 2.221263e+02 -6.529932e-04 9.999610e-01 8.802290e-03 -6.062857e-02 2.014771e-03 -8.800956e-03 9.999592e-01 2.492386e+00
9.999981e-01 3.190697e-04 -1.952517e-03 2.236106e+02 -2.997284e-04 9.999510e-01 9.898413e-03 -5.925442e-02 1.955578e-03 -9.897809e-03 9.999491e-01 2.511318e+00
9.999973e-01 -1.713180e-05 -2.362723e-03 2.251002e+02 3.966969e-05 9.999545e-01 9.539518e-03 -6.067256e-02 2.362452e-03 -9.539587e-03 9.999517e-01 2.530327e+00
9.999974e-01 -2.847612e-04 -2.251458e-03 2.265905e+02 3.073531e-04 9.999495e-01 1.004044e-02 -6.200815e-02 2.248484e-03 -1.004110e-02 9.999471e-01 2.547256e+00
9.999977e-01 -3.877312e-04 -2.117412e-03 2.280818e+02 4.069757e-04 9.999586e-01 9.096011e-03 -6.529917e-02 2.113795e-03 -9.096851e-03 9.999564e-01 2.568686e+00
9.999962e-01 -2.647288e-04 -2.754590e-03 2.295728e+02 2.863270e-04 9.999692e-01 7.843644e-03 -6.812754e-02 2.752428e-03 -7.844403e-03 9.999655e-01 2.585737e+00
9.999971e-01 -9.699806e-05 -2.403997e-03 2.310672e+02 1.131335e-04 9.999775e-01 6.712726e-03 -7.309888e-02 2.403292e-03 -6.712980e-03 9.999747e-01 2.600100e+00
9.999987e-01 1.014788e-04 -1.655526e-03 2.325641e+02 -9.299500e-05 9.999869e-01 5.124042e-03 -7.809991e-02 1.656024e-03 -5.123882e-03 9.999856e-01 2.616566e+00
9.999993e-01 8.862978e-05 -1.221206e-03 2.340600e+02 -8.256594e-05 9.999877e-01 4.964693e-03 -8.165394e-02 1.221629e-03 -4.964589e-03 9.999869e-01 2.635620e+00
9.999990e-01 4.110974e-06 -1.379841e-03 2.355614e+02 3.258348e-06 9.999858e-01 5.340574e-03 -8.212149e-02 1.379844e-03 -5.340573e-03 9.999848e-01 2.658540e+00
9.999965e-01 2.340645e-04 -2.610951e-03 2.370671e+02 -2.183055e-04 9.999818e-01 6.034484e-03 -8.304803e-02 2.612318e-03 -6.033894e-03 9.999784e-01 2.682251e+00
9.999980e-01 7.485776e-04 -1.808148e-03 2.385726e+02 -7.353432e-04 9.999731e-01 7.308980e-03 -8.267710e-02 1.813571e-03 -7.307637e-03 9.999717e-01 2.705844e+00
9.999989e-01 1.362681e-03 6.250408e-04 2.400834e+02 -1.367407e-03 9.999701e-01 7.622978e-03 -8.401576e-02 -6.146361e-04 -7.623825e-03 9.999707e-01 2.728923e+00
9.999978e-01 1.871953e-03 1.015302e-03 2.415945e+02 -1.879371e-03 9.999713e-01 7.355716e-03 -8.764653e-02 -1.001505e-03 -7.357606e-03 9.999725e-01 2.748946e+00
9.999971e-01 2.364237e-03 -5.715070e-04 2.431106e+02 -2.359819e-03 9.999683e-01 7.612885e-03 -9.067488e-02 5.894857e-04 -7.611514e-03 9.999709e-01 2.770596e+00
9.999939e-01 2.931863e-03 -1.929764e-03 2.446254e+02 -2.917142e-03 9.999669e-01 7.587577e-03 -9.571174e-02 1.951945e-03 -7.581903e-03 9.999693e-01 2.790791e+00
9.999938e-01 3.229619e-03 -1.467368e-03 2.461467e+02 -3.216857e-03 9.999577e-01 8.617933e-03 -1.010593e-01 1.495137e-03 -8.613158e-03 9.999617e-01 2.808084e+00
9.999945e-01 3.283293e-03 -5.286220e-04 2.476715e+02 -3.278891e-03 9.999617e-01 8.124082e-03 -1.089694e-01 5.552736e-04 -8.122306e-03 9.999669e-01 2.825781e+00
9.999956e-01 2.966566e-03 2.076235e-04 2.491922e+02 -2.968170e-03 9.999620e-01 8.198689e-03 -1.157921e-01 -1.832945e-04 -8.199270e-03 9.999663e-01 2.842315e+00
9.999962e-01 2.734493e-03 5.359859e-04 2.507205e+02 -2.738963e-03 9.999599e-01 8.522811e-03 -1.213295e-01 -5.126600e-04 -8.524248e-03 9.999636e-01 2.861317e+00
9.999961e-01 2.763903e-03 6.368696e-04 2.522484e+02 -2.770126e-03 9.999464e-01 9.988509e-03 -1.270706e-01 -6.092289e-04 -9.990235e-03 9.999499e-01 2.875631e+00
9.999954e-01 2.961068e-03 6.734887e-04 2.537814e+02 -2.968278e-03 9.999354e-01 1.096949e-02 -1.329906e-01 -6.409655e-04 -1.097143e-02 9.999396e-01 2.890096e+00
9.999958e-01 2.843976e-03 6.984635e-04 2.553130e+02 -2.851867e-03 9.999290e-01 1.156907e-02 -1.392935e-01 -6.655138e-04 -1.157101e-02 9.999328e-01 2.902819e+00
9.999954e-01 2.862126e-03 1.011269e-03 2.568476e+02 -2.872088e-03 9.999460e-01 9.989931e-03 -1.470187e-01 -9.826226e-04 -9.992791e-03 9.999496e-01 2.919425e+00
9.999943e-01 2.763541e-03 1.908096e-03 2.583860e+02 -2.779643e-03 9.999601e-01 8.488620e-03 -1.546052e-01 -1.884564e-03 -8.493876e-03 9.999621e-01 2.936343e+00
9.999918e-01 2.835272e-03 2.915417e-03 2.599253e+02 -2.851747e-03 9.999799e-01 5.662419e-03 -1.644321e-01 -2.899306e-03 -5.670686e-03 9.999798e-01 2.952670e+00
9.999946e-01 2.537577e-03 2.127371e-03 2.614603e+02 -2.546334e-03 9.999883e-01 4.124120e-03 -1.737415e-01 -2.116883e-03 -4.129515e-03 9.999892e-01 2.967028e+00
9.999972e-01 2.281137e-03 7.069856e-04 2.629982e+02 -2.283179e-03 9.999932e-01 2.901073e-03 -1.824379e-01 -7.003644e-04 -2.902678e-03 9.999956e-01 2.980840e+00
9.999928e-01 2.855061e-03 2.511611e-03 2.645366e+02 -2.857454e-03 9.999955e-01 9.496068e-04 -1.891660e-01 -2.508890e-03 -9.567757e-04 9.999964e-01 3.000622e+00
9.999819e-01 3.289990e-03 5.037567e-03 2.660829e+02 -3.289471e-03 9.999947e-01 -1.110842e-04 -1.926235e-01 -5.037905e-03 9.451415e-05 9.999873e-01 3.023850e+00
9.999860e-01 3.448647e-03 4.025403e-03 2.676240e+02 -3.440413e-03 9.999921e-01 -2.051051e-03 -1.999122e-01 -4.032447e-03 2.037176e-03 9.999897e-01 3.053678e+00
9.999899e-01 3.756881e-03 2.486493e-03 2.691637e+02 -3.749695e-03 9.999887e-01 -2.888918e-03 -2.063680e-01 -2.497319e-03 2.879566e-03 9.999928e-01 3.079446e+00
9.999875e-01 4.393743e-03 2.413868e-03 2.707033e+02 -4.389128e-03 9.999886e-01 -1.913973e-03 -2.099855e-01 -2.422251e-03 1.903357e-03 9.999953e-01 3.110781e+00
9.999813e-01 5.461458e-03 2.811731e-03 2.722449e+02 -5.460254e-03 9.999850e-01 -4.358359e-04 -2.136341e-01 -2.814072e-03 4.204771e-04 9.999959e-01 3.141417e+00
9.999766e-01 6.409864e-03 2.413272e-03 2.737915e+02 -6.412943e-03 9.999787e-01 1.270122e-03 -2.178850e-01 -2.405081e-03 -1.285566e-03 9.999962e-01 3.174843e+00
9.999702e-01 7.362531e-03 2.343720e-03 2.753340e+02 -7.368314e-03 9.999699e-01 2.468082e-03 -2.233708e-01 -2.325480e-03 -2.485276e-03 9.999942e-01 3.202174e+00
9.999648e-01 8.150348e-03 1.996960e-03 2.768806e+02 -8.156776e-03 9.999615e-01 3.231931e-03 -2.260728e-01 -1.970543e-03 -3.248104e-03 9.999928e-01 3.244215e+00
9.999586e-01 8.990755e-03 1.404575e-03 2.784225e+02 -8.995757e-03 9.999532e-01 3.595907e-03 -2.341125e-01 -1.372180e-03 -3.608393e-03 9.999925e-01 3.276874e+00
9.999505e-01 9.905822e-03 9.494792e-04 2.799727e+02 -9.908688e-03 9.999462e-01 3.064657e-03 -2.421336e-01 -9.190715e-04 -3.073913e-03 9.999949e-01 3.317994e+00
9.999418e-01 1.074755e-02 1.114874e-03 2.815236e+02 -1.075028e-02 9.999392e-01 2.479500e-03 -2.563773e-01 -1.088162e-03 -2.491339e-03 9.999962e-01 3.345789e+00
9.999312e-01 1.148888e-02 2.424513e-03 2.830779e+02 -1.149269e-02 9.999328e-01 1.560422e-03 -2.725743e-01 -2.406423e-03 -1.588177e-03 9.999959e-01 3.374027e+00
9.999260e-01 1.184088e-02 2.832241e-03 2.846288e+02 -1.184133e-02 9.999299e-01 1.412302e-04 -2.921860e-01 -2.830373e-03 -1.747549e-04 9.999959e-01 3.395621e+00
9.999288e-01 1.192710e-02 4.692697e-04 2.861737e+02 -1.192686e-02 9.999288e-01 -5.022555e-04 -3.104777e-01 -4.752278e-04 4.966250e-04 9.999997e-01 3.420586e+00
9.999306e-01 1.159601e-02 -2.110284e-03 2.877281e+02 -1.159901e-02 9.999318e-01 -1.413689e-03 -3.283447e-01 2.093746e-03 1.438067e-03 9.999968e-01 3.448163e+00
9.999393e-01 1.075383e-02 -2.414485e-03 2.892820e+02 -1.075651e-02 9.999416e-01 -1.098041e-03 -3.447976e-01 2.402536e-03 1.123948e-03 9.999965e-01 3.476761e+00
9.999480e-01 1.004870e-02 -1.758973e-03 2.908390e+02 -1.005345e-02 9.999458e-01 -2.715356e-03 -3.608044e-01 1.731590e-03 2.732900e-03 9.999948e-01 3.502104e+00
9.999563e-01 9.038055e-03 -2.376283e-03 2.923979e+02 -9.044272e-03 9.999556e-01 -2.619107e-03 -3.760572e-01 2.352505e-03 2.640486e-03 9.999937e-01 3.526075e+00
9.999606e-01 8.477853e-03 -2.647638e-03 2.939605e+02 -8.484087e-03 9.999612e-01 -2.352451e-03 -3.892137e-01 2.627591e-03 2.374823e-03 9.999937e-01 3.553451e+00
9.999676e-01 7.765159e-03 -2.143742e-03 2.955298e+02 -7.770129e-03 9.999672e-01 -2.319414e-03 -4.001170e-01 2.125659e-03 2.336000e-03 9.999950e-01 3.582929e+00
9.999744e-01 6.915144e-03 -1.844314e-03 2.971017e+02 -6.920242e-03 9.999722e-01 -2.771567e-03 -4.107380e-01 1.825097e-03 2.784260e-03 9.999946e-01 3.613273e+00
9.999822e-01 5.878760e-03 -1.076342e-03 2.986798e+02 -5.882418e-03 9.999769e-01 -3.426891e-03 -4.252326e-01 1.056169e-03 3.433164e-03 9.999936e-01 3.633746e+00
9.999858e-01 5.300633e-03 4.954482e-04 3.002666e+02 -5.299706e-03 9.999843e-01 -1.851368e-03 -4.357697e-01 -5.052551e-04 1.848719e-03 9.999982e-01 3.656346e+00
9.999819e-01 5.924728e-03 1.076841e-03 3.018512e+02 -5.923303e-03 9.999816e-01 -1.321767e-03 -4.448164e-01 -1.084653e-03 1.315365e-03 9.999986e-01 3.678586e+00
9.999762e-01 6.895891e-03 5.591321e-04 3.034432e+02 -6.895476e-03 9.999759e-01 -7.381571e-04 -4.550377e-01 -5.642115e-04 7.342849e-04 9.999996e-01 3.703997e+00
9.999734e-01 7.289150e-03 1.019030e-04 3.050398e+02 -7.288930e-03 9.999714e-01 -2.019264e-03 -4.697854e-01 -1.166202e-04 2.018469e-03 9.999979e-01 3.724269e+00
9.999718e-01 7.480886e-03 -7.827752e-04 3.066390e+02 -7.483760e-03 9.999651e-01 -3.734584e-03 -4.862959e-01 7.548085e-04 3.740337e-03 9.999927e-01 3.749125e+00
9.999659e-01 7.800580e-03 -2.729557e-03 3.082421e+02 -7.815165e-03 9.999550e-01 -5.373314e-03 -4.998050e-01 2.687518e-03 5.394466e-03 9.999819e-01 3.773365e+00
9.999626e-01 7.809132e-03 -3.717562e-03 3.098495e+02 -7.829992e-03 9.999535e-01 -5.630064e-03 -5.075756e-01 3.673423e-03 5.658964e-03 9.999773e-01 3.807725e+00
9.999731e-01 5.691225e-03 -4.634668e-03 3.114639e+02 -5.714856e-03 9.999707e-01 -5.101760e-03 -5.147436e-01 4.605496e-03 5.128111e-03 9.999762e-01 3.838837e+00
9.999848e-01 3.540220e-03 -4.226215e-03 3.130756e+02 -3.557930e-03 9.999850e-01 -4.190644e-03 -5.153286e-01 4.211313e-03 4.205620e-03 9.999823e-01 3.873241e+00
9.999947e-01 3.106172e-03 -1.066928e-03 3.146998e+02 -3.108792e-03 9.999922e-01 -2.462735e-03 -5.086976e-01 1.059270e-03 2.466042e-03 9.999964e-01 3.908077e+00
9.999911e-01 3.598412e-03 2.215441e-03 3.163273e+02 -3.590205e-03 9.999868e-01 -3.697755e-03 -5.104213e-01 -2.228719e-03 3.689769e-03 9.999908e-01 3.937278e+00
9.999881e-01 3.811021e-03 3.055669e-03 3.179564e+02 -3.796488e-03 9.999816e-01 -4.748076e-03 -5.130204e-01 -3.073709e-03 4.736422e-03 9.999841e-01 3.968724e+00
9.999902e-01 4.109237e-03 1.737544e-03 3.195849e+02 -4.098441e-03 9.999726e-01 -6.171526e-03 -5.190844e-01 -1.762858e-03 6.164346e-03 9.999794e-01 3.993627e+00
9.999886e-01 4.455302e-03 1.771177e-03 3.212149e+02 -4.442910e-03 9.999661e-01 -6.939420e-03 -5.241522e-01 -1.802036e-03 6.931474e-03 9.999744e-01 4.021522e+00
9.999868e-01 4.650882e-03 2.191484e-03 3.228468e+02 -4.635850e-03 9.999661e-01 -6.815243e-03 -5.303705e-01 -2.223107e-03 6.804997e-03 9.999744e-01 4.047595e+00
9.999848e-01 5.141700e-03 1.990861e-03 3.244728e+02 -5.127756e-03 9.999628e-01 -6.946684e-03 -5.355757e-01 -2.026506e-03 6.936373e-03 9.999739e-01 4.078827e+00
9.999833e-01 5.614777e-03 1.399163e-03 3.261014e+02 -5.607005e-03 9.999692e-01 -5.498202e-03 -5.409058e-01 -1.429992e-03 5.490268e-03 9.999839e-01 4.106828e+00
9.999801e-01 6.283299e-03 6.492063e-04 3.277310e+02 -6.280181e-03 9.999692e-01 -4.700551e-03 -5.462969e-01 -6.787218e-04 4.696382e-03 9.999889e-01 4.140698e+00
9.999717e-01 7.128536e-03 2.440882e-03 3.293579e+02 -7.114215e-03 9.999578e-01 -5.825716e-03 -5.584761e-01 -2.482309e-03 5.808188e-03 9.999801e-01 4.167272e+00
9.999673e-01 7.263098e-03 3.546520e-03 3.309848e+02 -7.239123e-03 9.999512e-01 -6.726467e-03 -5.722769e-01 -3.595206e-03 6.700577e-03 9.999710e-01 4.193678e+00
9.999736e-01 6.974081e-03 2.075091e-03 3.326035e+02 -6.957384e-03 9.999442e-01 -7.947442e-03 -5.858427e-01 -2.130403e-03 7.932798e-03 9.999663e-01 4.212727e+00
9.999734e-01 6.979214e-03 2.185018e-03 3.342236e+02 -6.963446e-03 9.999503e-01 -7.142866e-03 -5.947999e-01 -2.234764e-03 7.127462e-03 9.999722e-01 4.243441e+00
9.999761e-01 6.861466e-03 8.470118e-04 3.358368e+02 -6.857373e-03 9.999653e-01 -4.744709e-03 -6.019659e-01 -8.795382e-04 4.738789e-03 9.999884e-01 4.269747e+00
9.999752e-01 6.147979e-03 -3.462734e-03 3.374440e+02 -6.160187e-03 9.999749e-01 -3.525871e-03 -6.101965e-01 3.440970e-03 3.547116e-03 9.999878e-01 4.299589e+00
9.999834e-01 5.261187e-03 -2.328985e-03 3.390557e+02 -5.265746e-03 9.999843e-01 -1.955903e-03 -6.176217e-01 2.318657e-03 1.968138e-03 9.999954e-01 4.329091e+00
9.999899e-01 4.364539e-03 1.093924e-03 3.406637e+02 -4.362967e-03 9.999894e-01 -1.436037e-03 -6.240119e-01 -1.100181e-03 1.431253e-03 9.999983e-01 4.358968e+00
9.999853e-01 3.267525e-03 4.338632e-03 3.422816e+02 -3.266388e-03 9.999947e-01 -2.692527e-04 -6.307217e-01 -4.339492e-03 2.550785e-04 9.999905e-01 4.379921e+00
9.999932e-01 2.065000e-03 3.073599e-03 3.438883e+02 -2.065669e-03 9.999979e-01 2.141370e-04 -6.366975e-01 -3.073152e-03 -2.204833e-04 9.999953e-01 4.396146e+00
9.999996e-01 2.667980e-04 1.018723e-03 3.454879e+02 -2.663461e-04 9.999999e-01 -4.442263e-04 -6.420913e-01 -1.018842e-03 4.439556e-04 9.999994e-01 4.408922e+00
9.999955e-01 -1.633387e-03 2.568233e-03 3.470910e+02 1.637126e-03 9.999977e-01 -1.454946e-03 -6.464954e-01 -2.565854e-03 1.459147e-03 9.999956e-01 4.423885e+00
9.999907e-01 -2.622583e-03 3.427384e-03 3.486910e+02 2.633162e-03 9.999918e-01 -3.085949e-03 -6.475611e-01 -3.419265e-03 3.094949e-03 9.999893e-01 4.444312e+00
9.999924e-01 -3.047348e-03 2.469738e-03 3.502891e+02 3.055654e-03 9.999896e-01 -3.366386e-03 -6.463514e-01 -2.459456e-03 3.373909e-03 9.999913e-01 4.462732e+00
9.999935e-01 -3.253929e-03 1.568279e-03 3.518839e+02 3.260226e-03 9.999865e-01 -4.030406e-03 -6.385908e-01 -1.555145e-03 4.035495e-03 9.999906e-01 4.487982e+00
9.999934e-01 -3.274249e-03 1.625419e-03 3.534827e+02 3.280883e-03 9.999863e-01 -4.095722e-03 -6.315929e-01 -1.611988e-03 4.101029e-03 9.999902e-01 4.510499e+00
9.999938e-01 -3.238657e-03 1.450959e-03 3.550744e+02 3.245286e-03 9.999843e-01 -4.589763e-03 -6.225005e-01 -1.436074e-03 4.594447e-03 9.999883e-01 4.537904e+00
9.999943e-01 -3.262090e-03 8.491306e-04 3.566675e+02 3.266494e-03 9.999810e-01 -5.238741e-03 -6.151095e-01 -8.320264e-04 5.241488e-03 9.999859e-01 4.566429e+00
9.999943e-01 -3.383396e-03 1.873677e-04 3.582587e+02 3.384362e-03 9.999796e-01 -5.424233e-03 -6.067552e-01 -1.690118e-04 5.424837e-03 9.999853e-01 4.595175e+00
9.999945e-01 -3.308615e-03 5.449164e-04 3.598497e+02 3.311782e-03 9.999769e-01 -5.919980e-03 -5.981369e-01 -5.253181e-04 5.921754e-03 9.999824e-01 4.622008e+00
