1.000000e+00 0.000000e+00 -4.656613e-10 0.000000e+00 -1.164153e-10 1.000000e+00 1.091394e-11 4.656613e-10 -4.656613e-10 9.376890e-10 1.000000e+00 0.000000e+00
9.999983e-01 -1.611425e-03 -9.879614e-04 5.653135e-01 1.609478e-03 9.999968e-01 -1.967711e-03 -5.284684e-03 9.911279e-04 1.966118e-03 9.999976e-01 5.766742e-03
9.999936e-01 -2.726800e-03 -2.336631e-03 1.127537e+00 2.720983e-03 9.999932e-01 -2.488567e-03 -4.485897e-03 2.343400e-03 2.482193e-03 9.999942e-01 1.430887e-02
9.999834e-01 -4.544941e-03 -3.556414e-03 1.689184e+00 4.535880e-03 9.999865e-01 -2.551300e-03 2.742432e-03 3.567961e-03 2.535129e-03 9.999904e-01 2.931961e-02
9.999636e-01 -6.546611e-03 -5.474821e-03 2.251224e+00 6.521007e-03 9.999679e-01 -4.681322e-03 8.010347e-03 5.505291e-03 4.645456e-03 9.999740e-01 4.290469e-02
9.999384e-01 -8.099549e-03 -7.589666e-03 2.815935e+00 8.045130e-03 9.999420e-01 -7.173335e-03 1.149231e-02 7.647328e-03 7.111836e-03 9.999455e-01 5.357834e-02
9.999188e-01 -9.487363e-03 -8.513645e-03 3.390186e+00 9.416223e-03 9.999208e-01 -8.357402e-03 1.906792e-02 8.592258e-03 8.276558e-03 9.999289e-01 6.616135e-02
9.999110e-01 -1.085911e-02 -7.752746e-03 3.969580e+00 1.079250e-02 9.999049e-01 -8.581894e-03 2.922605e-02 7.845202e-03 8.497461e-03 9.999332e-01 8.181510e-02
9.998961e-01 -1.201502e-02 -7.964671e-03 4.556453e+00 1.194425e-02 9.998894e-01 -8.875269e-03 4.196860e-02 8.070427e-03 8.779219e-03 9.999289e-01 1.029918e-01
9.998588e-01 -1.319643e-02 -1.041353e-02 5.150694e+00 1.310978e-02 9.998792e-01 -8.345715e-03 5.450720e-02 1.052241e-02 8.208022e-03 9.999109e-01 1.211713e-01
9.997947e-01 -1.432638e-02 -1.433177e-02 5.751403e+00 1.423227e-02 9.998766e-01 -6.646774e-03 7.089326e-02 1.442523e-02 6.441440e-03 9.998751e-01 1.388947e-01
9.997157e-01 -1.552470e-02 -1.810288e-02 6.363940e+00 1.543380e-02 9.998676e-01 -5.150182e-03 8.683267e-02 1.818043e-02 4.869323e-03 9.998228e-01 1.531006e-01
9.996815e-01 -1.669685e-02 -1.892794e-02 6.989712e+00 1.662974e-02 9.998548e-01 -3.697468e-03 1.036455e-01 1.898694e-02 3.381523e-03 9.998140e-01 1.680324e-01
9.997632e-01 -1.779138e-02 -1.252927e-02 7.638277e+00 1.777766e-02 9.998413e-01 -1.206084e-03 1.227534e-01 1.254875e-02 9.830577e-04 9.999208e-01 1.839637e-01
9.998243e-01 -1.864982e-02 -1.923615e-03 8.303699e+00 1.864947e-02 9.998261e-01 -2.057889e-04 1.412337e-01 1.927116e-03 1.698803e-04 9.999981e-01 2.009983e-01
9.997974e-01 -1.942052e-02 5.293569e-03 8.980671e+00 1.941620e-02 9.998112e-01 8.675398e-04 1.596431e-01 -5.309421e-03 -7.645803e-04 9.999856e-01 2.187135e-01
9.997714e-01 -2.070027e-02 5.339100e-03 9.664359e+00 2.068315e-02 9.997809e-01 3.244448e-03 1.812587e-01 -5.405092e-03 -3.133275e-03 9.999804e-01 2.331117e-01
9.997675e-01 -2.146899e-02 -2.059477e-03 1.035566e+01 2.147987e-02 9.997547e-01 5.418233e-03 2.050978e-01 1.942646e-03 -5.461208e-03 9.999831e-01 2.374938e-01
9.997083e-01 -2.234265e-02 -9.170366e-03 1.106575e+01 2.238628e-02 9.997384e-01 4.682484e-03 2.242059e-01 9.063350e-03 -4.886409e-03 9.999470e-01 2.362766e-01
9.996829e-01 -2.367729e-02 -8.575461e-03 1.180001e+01 2.369935e-02 9.997161e-01 2.480355e-03 2.385606e-01 8.514300e-03 -2.682802e-03 9.999602e-01 2.378786e-01
9.997067e-01 -2.418617e-02 1.261861e-03 1.256109e+01 2.418397e-02 9.997060e-01 1.732065e-03 2.489133e-01 -1.303384e-03 -1.701037e-03 9.999977e-01 2.417950e-01
9.996530e-01 -2.467643e-02 9.221807e-03 1.333825e+01 2.466412e-02 9.996948e-01 1.446219e-03 2.613886e-01 -9.254684e-03 -1.218267e-03 9.999564e-01 2.440349e-01
9.996116e-01 -2.514246e-02 1.202281e-02 1.412730e+01 2.513741e-02 9.996839e-01 5.714333e-04 2.763252e-01 -1.203338e-02 -2.689875e-04 9.999275e-01 2.439592e-01
9.996173e-01 -2.535338e-02 1.107902e-02 1.493088e+01 2.537229e-02 9.996769e-01 -1.569639e-03 2.888842e-01 -1.103564e-02 1.850141e-03 9.999374e-01 2.393443e-01
9.996512e-01 -2.503033e-02 8.436119e-03 1.575188e+01 2.505121e-02 9.996834e-01 -2.378947e-03 3.054816e-01 -8.373907e-03 2.589456e-03 9.999615e-01 2.331118e-01
9.996912e-01 -2.436579e-02 4.905858e-03 1.658455e+01 2.436663e-02 9.997032e-01 -1.119582e-04 3.178040e-01 -4.901676e-03 2.314646e-04 9.999880e-01 2.278600e-01
9.997278e-01 -2.332708e-02 -3.340947e-04 1.743052e+01 2.332606e-02 9.997240e-01 -2.789807e-03 3.239218e-01 3.990796e-04 2.781255e-03 9.999961e-01 2.270099e-01
9.997220e-01 -2.267578e-02 -6.474494e-03 1.829010e+01 2.263911e-02 9.997276e-01 -5.681535e-03 3.248076e-01 6.601563e-03 5.533382e-03 9.999629e-01 2.326175e-01
9.996918e-01 -2.146007e-02 -1.248518e-02 1.917136e+01 2.139650e-02 9.997576e-01 -5.203739e-03 3.361992e-01 1.259383e-02 4.934999e-03 9.999084e-01 2.386558e-01
9.996850e-01 -2.119659e-02 -1.344532e-02 2.007235e+01 2.114519e-02 9.997686e-01 -3.953108e-03 3.464513e-01 1.352600e-02 3.667560e-03 9.999018e-01 2.518849e-01
9.996869e-01 -2.145390e-02 -1.287651e-02 2.099257e+01 2.140996e-02 9.997645e-01 -3.539786e-03 3.579513e-01 1.294943e-02 3.262994e-03 9.999108e-01 2.704587e-01
9.996756e-01 -2.138834e-02 -1.383570e-02 2.192695e+01 2.135825e-02 9.997693e-01 -2.319342e-03 3.692551e-01 1.388210e-02 2.023086e-03 9.999016e-01 2.913606e-01
9.996465e-01 -2.118386e-02 -1.606817e-02 2.287984e+01 2.119236e-02 9.997753e-01 3.593149e-04 3.854684e-01 1.605696e-02 -6.997106e-04 9.998709e-01 3.126496e-01
9.996316e-01 -2.115708e-02 -1.700222e-02 2.385143e+01 2.122638e-02 9.997671e-01 3.905925e-03 3.969142e-01 1.691562e-02 -4.265382e-03 9.998478e-01 3.343746e-01
9.996363e-01 -2.104486e-02 -1.686524e-02 2.482740e+01 2.114336e-02 9.997602e-01 5.683764e-03 4.129853e-01 1.674158e-02 -6.038285e-03 9.998416e-01 3.576668e-01
9.996333e-01 -2.126150e-02 -1.676948e-02 2.581016e+01 2.137381e-02 9.997502e-01 6.546271e-03 4.293936e-01 1.662611e-02 -6.902297e-03 9.998379e-01 3.811322e-01
9.996273e-01 -2.144792e-02 -1.688977e-02 2.679773e+01 2.156153e-02 9.997460e-01 6.573879e-03 4.458094e-01 1.674449e-02 -6.935599e-03 9.998358e-01 4.050366e-01
9.996381e-01 -2.181065e-02 -1.575322e-02 2.779904e+01 2.192862e-02 9.997326e-01 7.355230e-03 4.639821e-01 1.558859e-02 -7.698014e-03 9.998488e-01 4.306914e-01
9.996589e-01 -2.212902e-02 -1.386743e-02 2.880659e+01 2.224202e-02 9.997203e-01 8.048669e-03 4.824724e-01 1.368544e-02 -8.354365e-03 9.998715e-01 4.557322e-01
9.996677e-01 -2.248193e-02 -1.260990e-02 2.982110e+01 2.259260e-02 9.997068e-01 8.703434e-03 5.017570e-01 1.241054e-02 -8.985434e-03 9.998825e-01 4.804848e-01
9.996574e-01 -2.252091e-02 -1.334715e-02 3.084216e+01 2.263640e-02 9.997072e-01 8.565338e-03 5.201982e-01 1.315033e-02 -8.864536e-03 9.998742e-01 5.047313e-01
9.996372e-01 -2.267230e-02 -1.455104e-02 3.187071e+01 2.281383e-02 9.996933e-01 9.635409e-03 5.410327e-01 1.432813e-02 -9.963880e-03 9.998476e-01 5.275081e-01
9.996398e-01 -2.302222e-02 -1.379637e-02 3.290686e+01 2.315356e-02 9.996874e-01 9.436375e-03 5.615809e-01 1.357481e-02 -9.752410e-03 9.998603e-01 5.525860e-01
9.996567e-01 -2.375147e-02 -1.106812e-02 3.395422e+01 2.384855e-02 9.996775e-01 8.723067e-03 5.812321e-01 1.085736e-02 -8.984032e-03 9.999007e-01 5.771149e-01
9.996799e-01 -2.413711e-02 -7.594537e-03 3.500962e+01 2.420484e-02 9.996669e-01 8.957971e-03 6.027018e-01 7.375787e-03 -9.138926e-03 9.999310e-01 6.005879e-01
9.996827e-01 -2.468377e-02 -5.019487e-03 3.607288e+01 2.472887e-02 9.996524e-01 9.130596e-03 6.250650e-01 4.792365e-03 -9.251827e-03 9.999458e-01 6.218007e-01
9.996722e-01 -2.522415e-02 -4.400703e-03 3.713579e+01 2.526321e-02 9.996397e-01 9.060088e-03 6.499297e-01 4.170584e-03 -9.168293e-03 9.999493e-01 6.424393e-01
9.996549e-01 -2.558656e-02 -5.965530e-03 3.820747e+01 2.563667e-02 9.996355e-01 8.482287e-03 6.667892e-01 5.746322e-03 -8.632294e-03 9.999463e-01 6.558079e-01
9.996440e-01 -2.592744e-02 -6.298119e-03 3.928298e+01 2.598171e-02 9.996246e-01 8.693421e-03 6.774038e-01 6.070354e-03 -8.853962e-03 9.999424e-01 6.662586e-01
9.996347e-01 -2.647666e-02 -5.426976e-03 4.035982e+01 2.652205e-02 9.996124e-01 8.471775e-03 6.974286e-01 5.200566e-03 -8.612616e-03 9.999493e-01 6.849461e-01
9.996225e-01 -2.727439e-02 -3.336123e-03 4.143761e+01 2.730167e-02 9.995917e-01 8.426950e-03 7.208618e-01 3.104922e-03 -8.514852e-03 9.999590e-01 7.069775e-01
9.996108e-01 -2.787949e-02 -1.020399e-03 4.251344e+01 2.788720e-02 9.995746e-01 8.545732e-03 7.470884e-01 7.817145e-04 -8.570864e-03 9.999630e-01 7.286202e-01
9.995977e-01 -2.836221e-02 -4.946576e-04 4.358773e+01 2.836574e-02 9.995472e-01 1.003363e-02 7.752229e-01 2.098554e-04 -1.004363e-02 9.999496e-01 7.506965e-01
9.995776e-01 -2.869943e-02 -4.581911e-03 4.465251e+01 2.874736e-02 9.995288e-01 1.076249e-02 8.081427e-01 4.270874e-03 -1.088966e-02 9.999316e-01 7.636910e-01
9.995461e-01 -2.871145e-02 -9.129269e-03 4.571423e+01 2.882165e-02 9.995103e-01 1.217824e-02 8.449762e-01 8.775144e-03 -1.243583e-02 9.998841e-01 7.728526e-01
9.995364e-01 -2.886355e-02 -9.699751e-03 4.678691e+01 2.898802e-02 9.994960e-01 1.294689e-02 8.795602e-01 9.321168e-03 -1.322206e-02 9.998691e-01 7.889261e-01
9.995642e-01 -2.869476e-02 -6.935581e-03 4.786568e+01 2.878358e-02 9.995002e-01 1.306534e-02 9.116013e-01 6.557209e-03 -1.325928e-02 9.998906e-01 8.058017e-01
9.995817e-01 -2.854417e-02 -4.667254e-03 4.894246e+01 2.860698e-02 9.994928e-01 1.399692e-02 9.441305e-01 4.265356e-03 -1.412458e-02 9.998911e-01 8.203756e-01
9.995885e-01 -2.849057e-02 -3.307881e-03 5.001872e+01 2.852794e-02 9.995226e-01 1.185942e-02 9.712883e-01 2.968421e-03 -1.194892e-02 9.999242e-01 8.321263e-01
9.995989e-01 -2.816273e-02 -3.006888e-03 5.109747e+01 2.819910e-02 9.995201e-01 1.282618e-02 1.002375e+00 2.644223e-03 -1.290582e-02 9.999132e-01 8.448827e-01
9.995998e-01 -2.768647e-02 -5.818194e-03 5.216772e+01 2.774730e-02 9.995582e-01 1.064844e-02 1.030690e+00 5.520806e-03 -1.080562e-02 9.999263e-01 8.533170e-01
9.995852e-01 -2.755991e-02 -8.352295e-03 5.324076e+01 2.765728e-02 9.995481e-01 1.177533e-02 1.063348e+00 8.023995e-03 -1.200146e-02 9.998958e-01 8.611264e-01
9.995701e-01 -2.744328e-02 -1.032231e-02 5.431463e+01 2.755474e-02 9.995618e-01 1.081534e-02 1.094185e+00 1.002098e-02 -1.109512e-02 9.998882e-01 8.747075e-01
9.995370e-01 -2.737542e-02 -1.328912e-02 5.538060e+01 2.750183e-02 9.995774e-01 9.425533e-03 1.130290e+00 1.302547e-02 -9.786642e-03 9.998673e-01 8.901721e-01
9.995045e-01 -2.721457e-02 -1.581833e-02 5.645196e+01 2.733954e-02 9.995963e-01 7.738583e-03 1.161495e+00 1.560134e-02 -8.167214e-03 9.998449e-01 9.105089e-01
9.995387e-01 -2.709445e-02 -1.373140e-02 5.752302e+01 2.718334e-02 9.996105e-01 6.329057e-03 1.196466e+00 1.355458e-02 -6.699404e-03 9.998857e-01 9.324307e-01
9.996026e-01 -2.714450e-02 -7.615794e-03 5.860980e+01 2.718381e-02 9.996175e-01 5.107288e-03 1.226998e+00 7.474245e-03 -5.312284e-03 9.999579e-01 9.502859e-01
9.996362e-01 -2.693018e-02 -1.503094e-03 5.969558e+01 2.693601e-02 9.996292e-01 4.002601e-03 1.259900e+00 1.394744e-03 -4.041632e-03 9.999909e-01 9.618890e-01
9.996410e-01 -2.679362e-02 -1.430167e-04 6.077852e+01 2.679388e-02 9.996384e-01 2.332341e-03 1.288575e+00 8.047000e-05 -2.335333e-03 9.999973e-01 9.708524e-01
9.996428e-01 -2.652016e-02 -3.304647e-03 6.185730e+01 2.651754e-02 9.996480e-01 -8.313751e-04 1.312941e+00 3.325531e-03 7.434465e-04 9.999943e-01 9.735209e-01
9.996284e-01 -2.645829e-02 -6.558268e-03 6.293486e+01 2.644098e-02 9.996467e-01 -2.711272e-03 1.335716e+00 6.627686e-03 2.536861e-03 9.999747e-01 9.782376e-01
9.995956e-01 -2.647113e-02 -1.039257e-02 6.401359e+01 2.646500e-02 9.996495e-01 -7.265899e-04 1.364183e+00 1.040817e-02 4.512568e-04 9.999458e-01 9.885288e-01
9.995386e-01 -2.638059e-02 -1.505659e-02 6.509469e+01 2.636176e-02 9.996514e-01 -1.447749e-03 1.390229e+00 1.508953e-02 1.050164e-03 9.998857e-01 9.995740e-01
9.995399e-01 -2.579625e-02 -1.595175e-02 6.617924e+01 2.582906e-02 9.996647e-01 1.854732e-03 1.419204e+00 1.589856e-02 -2.265898e-03 9.998711e-01 1.013519e+00
9.996169e-01 -2.478976e-02 -1.231791e-02 6.727136e+01 2.487367e-02 9.996682e-01 6.706855e-03 1.452269e+00 1.214756e-02 -7.010677e-03 9.999017e-01 1.032332e+00
9.996468e-01 -2.468118e-02 -9.854187e-03 6.836002e+01 2.476201e-02 9.996600e-01 8.167876e-03 1.480459e+00 9.649244e-03 -8.408999e-03 9.999180e-01 1.049445e+00
9.996454e-01 -2.485188e-02 -9.568565e-03 6.944542e+01 2.492340e-02 9.996618e-01 7.428959e-03 1.503972e+00 9.380704e-03 -7.664807e-03 9.999266e-01 1.060872e+00
9.996577e-01 -2.470361e-02 -8.614033e-03 7.053305e+01 2.475532e-02 9.996759e-01 5.948735e-03 1.525705e+00 8.464287e-03 -6.159944e-03 9.999452e-01 1.075238e+00
9.996612e-01 -2.501106e-02 -7.219785e-03 7.161694e+01 2.504619e-02 9.996747e-01 4.818374e-03 1.547817e+00 7.096923e-03 -4.997568e-03 9.999623e-01 1.088292e+00
9.996648e-01 -2.533113e-02 -5.351837e-03 7.270089e+01 2.534868e-02 9.996734e-01 3.237318e-03 1.571916e+00 5.268083e-03 -3.371895e-03 9.999804e-01 1.106227e+00
9.996548e-01 -2.605632e-02 -3.366400e-03 7.378056e+01 2.606333e-02 9.996582e-01 2.054676e-03 1.599981e+00 3.311710e-03 -2.141706e-03 9.999923e-01 1.127147e+00
9.996356e-01 -2.663497e-02 -4.408116e-03 7.485470e+01 2.664099e-02 9.996443e-01 1.311280e-03 1.627412e+00 4.371623e-03 -1.428239e-03 9.999895e-01 1.145553e+00
9.995978e-01 -2.711795e-02 -8.295058e-03 7.592341e+01 2.713082e-02 9.996309e-01 1.443342e-03 1.658715e+00 8.252856e-03 -1.667812e-03 9.999646e-01 1.162701e+00
9.995578e-01 -2.774519e-02 -1.069850e-02 7.699180e+01 2.776780e-02 9.996125e-01 1.970128e-03 1.690652e+00 1.063971e-02 -2.266328e-03 9.999408e-01 1.181859e+00
9.995588e-01 -2.826647e-02 -9.127111e-03 7.805674e+01 2.830448e-02 9.995911e-01 4.062896e-03 1.728938e+00 9.008535e-03 -4.319442e-03 9.999501e-01 1.207201e+00
9.995699e-01 -2.889078e-02 -5.043987e-03 7.912761e+01 2.891647e-02 9.995689e-01 5.096743e-03 1.765580e+00 4.894563e-03 -5.240405e-03 9.999744e-01 1.231487e+00
9.995633e-01 -2.954071e-02 -8.576550e-04 8.019355e+01 2.954577e-02 9.995413e-01 6.659512e-03 1.803247e+00 6.605326e-04 -6.681944e-03 9.999774e-01 1.253989e+00
9.995511e-01 -2.996006e-02 2.215845e-04 8.125444e+01 2.995741e-02 9.995208e-01 7.796425e-03 1.838758e+00 -4.550624e-04 -7.786287e-03 9.999695e-01 1.268446e+00
9.995335e-01 -3.046889e-02 -2.091988e-03 8.230906e+01 3.048396e-02 9.995064e-01 7.598002e-03 1.873359e+00 1.859452e-03 -7.658231e-03 9.999690e-01 1.279536e+00
9.995117e-01 -3.108743e-02 -3.151167e-03 8.335613e+01 3.110991e-02 9.994888e-01 7.354917e-03 1.907178e+00 2.920911e-03 -7.449361e-03 9.999680e-01 1.293375e+00
9.994970e-01 -3.158168e-02 -2.916600e-03 8.439518e+01 3.160150e-02 9.994758e-01 7.021679e-03 1.940923e+00 2.693314e-03 -7.110319e-03 9.999712e-01 1.304188e+00
9.994748e-01 -3.229568e-02 -2.685918e-03 8.542026e+01 3.231069e-02 9.994614e-01 5.746895e-03 1.972702e+00 2.498870e-03 -5.830662e-03 9.999800e-01 1.316260e+00
9.994563e-01 -3.295195e-02 -1.099520e-03 8.643133e+01 3.295642e-02 9.994475e-01 4.330685e-03 2.005377e+00 9.562066e-04 -4.364565e-03 9.999900e-01 1.326999e+00
9.994399e-01 -3.343317e-02 1.493664e-03 8.742523e+01 3.342609e-02 9.994309e-01 4.532475e-03 2.041004e+00 -1.644352e-03 -4.480007e-03 9.999886e-01 1.339605e+00
9.994038e-01 -3.440769e-02 2.865188e-03 8.839745e+01 3.439675e-02 9.994010e-01 3.779515e-03 2.076221e+00 -2.993520e-03 -3.678708e-03 9.999888e-01 1.352686e+00
9.993321e-01 -3.642515e-02 2.918758e-03 8.935033e+01 3.641714e-02 9.993328e-01 2.752118e-03 2.114841e+00 -3.017060e-03 -2.643988e-03 9.999920e-01 1.368557e+00
9.992093e-01 -3.968889e-02 2.351344e-03 9.028075e+01 3.968453e-02 9.992105e-01 1.869997e-03 2.152909e+00 -2.423708e-03 -1.775205e-03 9.999954e-01 1.384130e+00
9.990684e-01 -4.312906e-02 1.445660e-03 9.118610e+01 4.312629e-02 9.990679e-01 1.896512e-03 2.195314e+00 -1.526107e-03 -1.832400e-03 9.999972e-01 1.400084e+00
9.989304e-01 -4.622179e-02 1.276857e-03 9.207077e+01 4.621982e-02 9.989302e-01 1.521703e-03 2.237097e+00 -1.345828e-03 -1.461060e-03 9.999980e-01 1.415538e+00
9.987750e-01 -4.940392e-02 2.775381e-03 9.293176e+01 4.939682e-02 9.987760e-01 2.569126e-03 2.286306e+00 -2.898909e-03 -2.428884e-03 9.999929e-01 1.439197e+00
9.986170e-01 -5.245110e-02 3.634699e-03 9.377029e+01 5.243810e-02 9.986178e-01 3.583404e-03 2.335231e+00 -3.817631e-03 -3.387851e-03 9.999870e-01 1.456904e+00
9.984509e-01 -5.540375e-02 5.135005e-03 9.458377e+01 5.538068e-02 9.984550e-01 4.529790e-03 2.388773e+00 -5.378043e-03 -4.238392e-03 9.999765e-01 1.474308e+00
9.982905e-01 -5.814846e-02 5.908772e-03 9.536906e+01 5.811287e-02 9.982919e-01 6.026076e-03 2.441629e+00 -6.249089e-03 -5.672397e-03 9.999644e-01 1.487152e+00
9.981423e-01 -6.059201e-02 6.379360e-03 9.612791e+01 6.053949e-02 9.981328e-01 8.127179e-03 2.499669e+00 -6.859894e-03 -7.725878e-03 9.999467e-01 1.504402e+00
9.979804e-01 -6.330258e-02 5.297819e-03 9.685397e+01 6.324734e-02 9.979476e-01 1.001716e-02 2.556901e+00 -5.921063e-03 -9.661862e-03 9.999359e-01 1.522253e+00
9.978290e-01 -6.583545e-02 1.767463e-03 9.755060e+01 6.581117e-02 9.977671e-01 1.139419e-02 2.612989e+00 -2.513661e-03 -1.125313e-02 9.999335e-01 1.539708e+00
9.976655e-01 -6.825230e-02 -2.294973e-03 9.821430e+01 6.827743e-02 9.975725e-01 1.368589e-02 2.668689e+00 1.355307e-03 -1.381063e-02 9.999038e-01 1.554264e+00
9.975050e-01 -7.040744e-02 -5.163868e-03 9.885028e+01 7.048053e-02 9.973897e-01 1.569451e-02 2.722044e+00 4.045378e-03 -1.601931e-02 9.998636e-01 1.572840e+00
9.974279e-01 -7.138139e-02 -6.507320e-03 9.945507e+01 7.148451e-02 9.972917e-01 1.730082e-02 2.772514e+00 5.254739e-03 -1.772149e-02 9.998291e-01 1.593776e+00
9.974874e-01 -7.058043e-02 -6.110964e-03 1.000379e+02 7.068882e-02 9.973010e-01 1.984421e-02 2.822821e+00 4.693856e-03 -2.022634e-02 9.997844e-01 1.615049e+00
9.976839e-01 -6.786861e-02 -4.560133e-03 1.006001e+02 6.795766e-02 9.974099e-01 2.355957e-02 2.871398e+00 2.949366e-03 -2.381490e-02 9.997121e-01 1.638554e+00
9.980364e-01 -6.256858e-02 -2.913706e-03 1.011381e+02 6.262384e-02 9.976870e-01 2.644073e-02 2.912366e+00 1.252605e-03 -2.657128e-02 9.996461e-01 1.659052e+00
9.984604e-01 -5.546353e-02 -9.392672e-04 1.016550e+02 5.546847e-02 9.980866e-01 2.732442e-02 2.943733e+00 -5.780421e-04 -2.733445e-02 9.996261e-01 1.676120e+00
9.989379e-01 -4.603828e-02 1.868971e-03 1.021496e+02 4.597044e-02 9.985716e-01 2.723353e-02 2.965966e+00 -3.120088e-03 -2.711870e-02 9.996272e-01 1.690052e+00
9.994000e-01 -3.444012e-02 3.688266e-03 1.026235e+02 3.432880e-02 9.990491e-01 2.688251e-02 2.983022e+00 -4.610599e-03 -2.673978e-02 9.996318e-01 1.709482e+00
9.997677e-01 -2.112449e-02 4.282179e-03 1.030742e+02 2.100524e-02 9.994360e-01 2.620473e-02 2.991687e+00 -4.833326e-03 -2.610870e-02 9.996474e-01 1.726643e+00
9.999728e-01 -6.167522e-03 4.081456e-03 1.035059e+02 6.059296e-03 9.996431e-01 2.601786e-02 2.991912e+00 -4.240469e-03 -2.599241e-02 9.996532e-01 1.746426e+00
9.999303e-01 1.166242e-02 1.845676e-03 1.039268e+02 -1.170452e-02 9.996256e-01 2.472937e-02 2.981322e+00 -1.556582e-03 -2.474925e-02 9.996926e-01 1.760878e+00
9.994636e-01 3.268840e-02 -2.017575e-03 1.043383e+02 -3.263015e-02 9.991750e-01 2.418403e-02 2.961537e+00 2.806448e-03 -2.410523e-02 9.997055e-01 1.779091e+00
9.983624e-01 5.686096e-02 -6.289152e-03 1.047386e+02 -5.670834e-02 9.981431e-01 2.224285e-02 2.927841e+00 7.542224e-03 -2.184978e-02 9.997329e-01 1.791493e+00
9.964349e-01 8.394023e-02 -8.451801e-03 1.051365e+02 -8.375731e-02 9.962842e-01 2.006683e-02 2.881465e+00 1.010481e-02 -1.928739e-02 9.997630e-01 1.810187e+00
9.934878e-01 1.135649e-01 -9.219632e-03 1.055197e+02 -1.133915e-01 9.933953e-01 1.755534e-02 2.822407e+00 1.115242e-02 -1.639559e-02 9.998034e-01 1.822459e+00
9.892711e-01 1.457182e-01 -1.043403e-02 1.059005e+02 -1.455517e-01 9.892329e-01 1.525798e-02 2.749607e+00 1.254506e-02 -1.357559e-02 9.998291e-01 1.838695e+00
9.834027e-01 1.810398e-01 -1.199482e-02 1.062652e+02 -1.808875e-01 9.834211e-01 1.275825e-02 2.662840e+00 1.410572e-02 -1.037679e-02 9.998467e-01 1.854157e+00
9.755980e-01 2.192083e-01 -1.250586e-02 1.066301e+02 -2.190999e-01 9.756564e-01 9.476349e-03 2.560020e+00 1.427871e-02 -6.505072e-03 9.998768e-01 1.872837e+00
9.657858e-01 2.589975e-01 -1.334461e-02 1.069750e+02 -2.589229e-01 9.658721e-01 7.072520e-03 2.443673e+00 1.472095e-02 -3.375314e-03 9.998860e-01 1.886286e+00
9.537424e-01 3.003086e-01 -1.379502e-02 1.073201e+02 -3.002286e-01 9.538370e-01 7.594652e-03 2.317621e+00 1.543895e-02 -3.101682e-03 9.998760e-01 1.902666e+00
9.387856e-01 3.442581e-01 -1.297023e-02 1.076564e+02 -3.441502e-01 9.388629e-01 9.851987e-03 2.179266e+00 1.556889e-02 -4.785194e-03 9.998673e-01 1.914942e+00
9.212560e-01 3.887877e-01 -1.147549e-02 1.079726e+02 -3.886916e-01 9.213163e-01 9.756172e-03 2.023377e+00 1.436564e-02 -4.527505e-03 9.998866e-01 1.926826e+00
9.014166e-01 4.328385e-01 -9.958337e-03 1.082869e+02 -4.327623e-01 9.014637e-01 8.945845e-03 1.849366e+00 1.284920e-02 -3.754337e-03 9.999104e-01 1.936747e+00
8.786598e-01 4.773336e-01 -1.047114e-02 1.085751e+02 -4.772767e-01 8.787208e-01 7.542410e-03 1.662129e+00 1.280146e-02 -1.629576e-03 9.999167e-01 1.946379e+00
8.538294e-01 5.204114e-01 -1.214619e-02 1.088622e+02 -5.203543e-01 8.539156e-01 7.715775e-03 1.462305e+00 1.438721e-02 -2.676301e-04 9.998965e-01 1.956382e+00
8.266496e-01 5.625357e-01 -1.429100e-02 1.091262e+02 -5.624577e-01 8.267730e-01 9.365591e-03 1.251846e+00 1.708390e-02 2.960226e-04 9.998541e-01 1.966525e+00
7.964419e-01 6.045060e-01 -1.590684e-02 1.093968e+02 -6.043501e-01 7.965996e-01 1.378948e-02 1.029631e+00 2.100720e-02 -1.369216e-03 9.997784e-01 1.974006e+00
7.631425e-01 6.460335e-01 -1.595046e-02 1.096464e+02 -6.457545e-01 7.632952e-01 1.953514e-02 7.934346e-01 2.479526e-02 -4.608011e-03 9.996820e-01 1.978203e+00
7.264087e-01 6.871106e-01 -1.447792e-02 1.099004e+02 -6.867240e-01 7.265121e-01 2.429813e-02 5.402836e-01 2.721389e-02 -7.708033e-03 9.995999e-01 1.980940e+00
6.873655e-01 7.261686e-01 -1.441362e-02 1.101378e+02 -7.257787e-01 6.874860e-01 2.466419e-02 2.685694e-01 2.781953e-02 -6.492211e-03 9.995919e-01 1.989926e+00
6.468725e-01 7.624446e-01 -1.531428e-02 1.103417e+02 -7.621387e-01 6.470492e-01 2.172428e-02 -2.256709e-02 2.647266e-02 -2.381236e-03 9.996467e-01 1.998252e+00
6.032059e-01 7.974876e-01 -1.249323e-02 1.105537e+02 -7.972550e-01 6.033329e-01 1.933253e-02 -3.303411e-01 2.295504e-02 -1.701211e-03 9.997350e-01 2.004875e+00
5.572248e-01 8.302975e-01 -1.033371e-02 1.107332e+02 -8.301151e-01 5.573194e-01 1.743914e-02 -6.507509e-01 2.023885e-02 -1.139349e-03 9.997946e-01 2.010616e+00
5.097930e-01 8.602539e-01 -8.623563e-03 1.109107e+02 -8.601256e-01 5.098661e-01 1.485255e-02 -9.859672e-01 1.717384e-02 -1.543733e-04 9.998525e-01 2.019955e+00
4.594914e-01 8.881502e-01 -7.560827e-03 1.110534e+02 -8.880965e-01 4.595487e-01 9.981425e-03 -1.336152e+00 1.233958e-02 2.128371e-03 9.999216e-01 2.028539e+00
4.080857e-01 9.129376e-01 -3.314405e-03 1.112016e+02 -9.128895e-01 4.080983e-01 9.412803e-03 -1.694468e+00 9.945911e-03 -8.155386e-04 9.999502e-01 2.038590e+00
3.571683e-01 9.340400e-01 2.464810e-04 1.113333e+02 -9.339586e-01 3.571336e-01 1.330669e-02 -2.062495e+00 1.234095e-02 -4.982922e-03 9.999114e-01 2.045141e+00
3.066357e-01 9.518270e-01 3.931809e-04 1.114318e+02 -9.516666e-01 3.065765e-01 1.848157e-02 -2.440863e+00 1.747072e-02 -6.041285e-03 9.998291e-01 2.047607e+00
2.597025e-01 9.656887e-01 -8.611765e-05 1.115273e+02 -9.654876e-01 2.596502e-01 2.038442e-02 -2.838033e+00 1.970737e-02 -5.210734e-03 9.997922e-01 2.053370e+00
2.176281e-01 9.760173e-01 -5.317364e-03 1.115929e+02 -9.758194e-01 2.176912e-01 1.967295e-02 -3.251095e+00 2.035870e-02 9.074012e-04 9.997923e-01 2.061420e+00
1.817918e-01 9.832584e-01 -1.244152e-02 1.116498e+02 -9.831136e-01 1.820056e-01 1.901902e-02 -3.682158e+00 2.096503e-02 8.773936e-03 9.997417e-01 2.068819e+00
1.507177e-01 9.884295e-01 -1.707247e-02 1.116970e+02 -9.883116e-01 1.510547e-01 2.055557e-02 -4.124043e+00 2.289661e-02 1.377484e-02 9.996430e-01 2.074831e+00
1.223392e-01 9.923851e-01 -1.432104e-02 1.117506e+02 -9.922797e-01 1.225966e-01 1.874139e-02 -4.586682e+00 2.035439e-02 1.191768e-02 9.997218e-01 2.088364e+00
9.665760e-02 9.952964e-01 -6.516836e-03 1.118015e+02 -9.951988e-01 9.674520e-02 1.482645e-02 -5.068991e+00 1.538719e-02 5.052471e-03 9.998689e-01 2.100556e+00
7.246942e-02 9.973705e-01 -5.756129e-04 1.118375e+02 -9.973080e-01 7.247131e-02 1.116821e-02 -5.568043e+00 1.118056e-02 -2.352852e-04 9.999375e-01 2.112117e+00
4.944532e-02 9.987713e-01 -3.382508e-03 1.118535e+02 -9.987447e-01 4.947058e-02 7.844194e-03 -6.088346e+00 8.001894e-03 2.990411e-03 9.999635e-01 2.125038e+00
2.884646e-02 9.995285e-01 -1.053115e-02 1.118501e+02 -9.995508e-01 2.892970e-02 7.839205e-03 -6.623837e+00 8.140175e-03 1.030029e-02 9.999139e-01 2.135793e+00
1.053497e-02 9.998231e-01 -1.558711e-02 1.118369e+02 -9.998949e-01 1.068844e-02 9.795114e-03 -7.177518e+00 9.959991e-03 1.548229e-02 9.998304e-01 2.144243e+00
-4.138341e-03 9.998481e-01 -1.692983e-02 1.118308e+02 -9.998744e-01 -3.878213e-03 1.536913e-02 -7.750196e+00 1.530115e-02 1.699131e-02 9.997386e-01 2.143124e+00
-1.584786e-02 9.997822e-01 -1.358743e-02 1.118256e+02 -9.996731e-01 -1.557055e-02 2.027787e-02 -8.342299e+00 2.006191e-02 1.390436e-02 9.997022e-01 2.144082e+00
-2.267224e-02 9.996212e-01 -1.560143e-02 1.118069e+02 -9.995321e-01 -2.234421e-02 2.088832e-02 -8.960448e+00 2.053181e-02 1.606773e-02 9.996601e-01 2.149503e+00
-2.564636e-02 9.994425e-01 -2.137524e-02 1.117770e+02 -9.995399e-01 -2.529070e-02 1.674625e-02 -9.603499e+00 1.619633e-02 2.179489e-02 9.996312e-01 2.159012e+00
-2.554994e-02 9.993841e-01 -2.406129e-02 1.117541e+02 -9.995597e-01 -2.517647e-02 1.569840e-02 -1.026051e+01 1.508295e-02 2.445179e-02 9.995873e-01 2.168060e+00
-2.385143e-02 9.994384e-01 -2.353686e-02 1.117385e+02 -9.996136e-01 -2.350624e-02 1.483503e-02 -1.093701e+01 1.427344e-02 2.388161e-02 9.996129e-01 2.176645e+00
-2.236762e-02 9.995674e-01 -1.909949e-02 1.117307e+02 -9.996478e-01 -2.208833e-02 1.471060e-02 -1.162586e+01 1.428237e-02 1.942183e-02 9.997093e-01 2.186968e+00
-2.132965e-02 9.995981e-01 -1.867680e-02 1.117145e+02 -9.996411e-01 -2.102013e-02 1.661471e-02 -1.233582e+01 1.621544e-02 1.902449e-02 9.996874e-01 2.191931e+00
-2.059970e-02 9.996235e-01 -1.812472e-02 1.116977e+02 -9.996468e-01 -2.028894e-02 1.716572e-02 -1.305881e+01 1.679153e-02 1.847193e-02 9.996884e-01 2.199388e+00
-2.005683e-02 9.996375e-01 -1.796064e-02 1.116802e+02 -9.996640e-01 -1.975582e-02 1.678329e-02 -1.379756e+01 1.642238e-02 1.829123e-02 9.996979e-01 2.210555e+00
-1.933463e-02 9.996752e-01 -1.660916e-02 1.116700e+02 -9.996998e-01 -1.907969e-02 1.537239e-02 -1.455386e+01 1.505050e-02 1.690141e-02 9.997439e-01 2.226640e+00
-1.877577e-02 9.996706e-01 -1.750087e-02 1.116561e+02 -9.997296e-01 -1.853096e-02 1.404706e-02 -1.531958e+01 1.371813e-02 1.775989e-02 9.997481e-01 2.243447e+00
-1.933297e-02 9.996439e-01 -1.839539e-02 1.116400e+02 -9.997469e-01 -1.911674e-02 1.185830e-02 -1.609694e+01 1.150243e-02 1.862000e-02 9.997605e-01 2.260906e+00
-2.060752e-02 9.996550e-01 -1.628760e-02 1.116245e+02 -9.997382e-01 -2.044165e-02 1.028514e-02 -1.687735e+01 9.948655e-03 1.649529e-02 9.998144e-01 2.278068e+00
-2.219718e-02 9.996457e-01 -1.468549e-02 1.116055e+02 -9.997137e-01 -2.206269e-02 9.257794e-03 -1.766402e+01 8.930525e-03 1.488679e-02 9.998493e-01 2.291827e+00
-2.359725e-02 9.995772e-01 -1.699152e-02 1.115804e+02 -9.997019e-01 -2.348687e-02 6.666728e-03 -1.846222e+01 6.264837e-03 1.714378e-02 9.998333e-01 2.302293e+00
-2.485740e-02 9.994935e-01 -1.986916e-02 1.115524e+02 -9.996780e-01 -2.475087e-02 5.589491e-03 -1.926848e+01 5.094887e-03 2.000171e-02 9.997870e-01 2.313570e+00
-2.680731e-02 9.995202e-01 -1.551721e-02 1.115335e+02 -9.996367e-01 -2.675966e-02 3.270618e-03 -2.008518e+01 2.853816e-03 1.559926e-02 9.998742e-01 2.328267e+00
-2.776433e-02 9.995328e-01 -1.278574e-02 1.115150e+02 -9.995838e-01 -2.766090e-02 8.196466e-03 -2.090266e+01 7.838977e-03 1.300800e-02 9.998847e-01 2.338373e+00
-2.852531e-02 9.994937e-01 -1.409436e-02 1.114933e+02 -9.995092e-01 -2.833751e-02 1.334898e-02 -2.172425e+01 1.294282e-02 1.446823e-02 9.998114e-01 2.348713e+00
-2.931033e-02 9.994616e-01 -1.475412e-02 1.114732e+02 -9.994615e-01 -2.908612e-02 1.518827e-02 -2.255511e+01 1.475095e-02 1.519135e-02 9.997758e-01 2.363886e+00
-3.025449e-02 9.994789e-01 -1.124839e-02 1.114601e+02 -9.994612e-01 -3.010675e-02 1.307827e-02 -2.339387e+01 1.273281e-02 1.163801e-02 9.998511e-01 2.382992e+00
-3.089456e-02 9.994887e-01 -8.234006e-03 1.114498e+02 -9.994850e-01 -3.082084e-02 8.935457e-03 -2.423577e+01 8.677110e-03 8.505823e-03 9.999262e-01 2.405741e+00
-3.073208e-02 9.995052e-01 -6.708234e-03 1.114314e+02 -9.995233e-01 -3.071151e-02 3.148589e-03 -2.508018e+01 2.941016e-03 6.801804e-03 9.999726e-01 2.425010e+00
-3.055906e-02 9.995263e-01 -3.672870e-03 1.114185e+02 -9.995300e-01 -3.056771e-02 -2.320081e-03 -2.592587e+01 -2.431249e-03 3.600246e-03 9.999906e-01 2.440084e+00
-3.041748e-02 9.995372e-01 -6.419675e-04 1.114045e+02 -9.995305e-01 -3.041963e-02 -3.660738e-03 -2.676430e+01 -3.678567e-03 5.303203e-04 9.999931e-01 2.455830e+00
-2.951221e-02 9.995603e-01 -2.889431e-03 1.113826e+02 -9.995632e-01 -2.950765e-02 1.606676e-03 -2.759505e+01 1.520714e-03 2.935588e-03 9.999946e-01 2.472788e+00
-2.852755e-02 9.995797e-01 -5.175291e-03 1.113559e+02 -9.995051e-01 -2.845602e-02 1.340584e-02 -2.841531e+01 1.325294e-02 5.555175e-03 9.998967e-01 2.484424e+00
-2.809530e-02 9.995789e-01 -7.250137e-03 1.113311e+02 -9.994037e-01 -2.794327e-02 2.028226e-02 -2.923769e+01 2.007113e-02 7.815655e-03 9.997680e-01 2.500694e+00
-2.674254e-02 9.996049e-01 -8.650320e-03 1.113068e+02 -9.995418e-01 -2.661613e-02 1.441298e-02 -3.006978e+01 1.417706e-02 9.031805e-03 9.998587e-01 2.526232e+00
-2.539493e-02 9.996108e-01 -1.154533e-02 1.112813e+02 -9.996606e-01 -2.532554e-02 6.116679e-03 -3.090166e+01 5.821912e-03 1.169676e-02 9.999147e-01 2.552393e+00
-2.476409e-02 9.996046e-01 -1.331293e-02 1.112564e+02 -9.996887e-01 -2.472181e-02 3.330579e-03 -3.172347e+01 3.000149e-03 1.339127e-02 9.999059e-01 2.572635e+00
-2.472909e-02 9.996170e-01 -1.242558e-02 1.112366e+02 -9.996877e-01 -2.468228e-02 3.906006e-03 -3.253646e+01 3.597823e-03 1.251831e-02 9.999151e-01 2.589638e+00
-2.543302e-02 9.996321e-01 -9.424319e-03 1.112195e+02 -9.996666e-01 -2.538951e-02 4.707290e-03 -3.334881e+01 4.466281e-03 9.540903e-03 9.999444e-01 2.606281e+00
-2.731682e-02 9.995991e-01 -7.459569e-03 1.111999e+02 -9.996150e-01 -2.727933e-02 5.081224e-03 -3.415496e+01 4.875699e-03 7.595506e-03 9.999592e-01 2.621896e+00
-2.925933e-02 9.995492e-01 -6.746141e-03 1.111770e+02 -9.995625e-01 -2.922932e-02 4.504714e-03 -3.495925e+01 4.305503e-03 6.875001e-03 9.999672e-01 2.639642e+00
-3.137231e-02 9.994899e-01 -5.990470e-03 1.111550e+02 -9.994949e-01 -3.134090e-02 5.267072e-03 -3.575921e+01 5.076644e-03 6.152695e-03 9.999682e-01 2.658708e+00
-3.339930e-02 9.994337e-01 -4.102597e-03 1.111347e+02 -9.994278e-01 -3.337663e-02 5.473863e-03 -3.655554e+01 5.333838e-03 4.283080e-03 9.999767e-01 2.675663e+00
-3.542008e-02 9.993705e-01 -2.031123e-03 1.111138e+02 -9.993616e-01 -3.541018e-02 4.720371e-03 -3.735032e+01 4.645482e-03 2.197031e-03 9.999868e-01 2.690581e+00
-3.744977e-02 9.992954e-01 -2.522471e-03 1.110890e+02 -9.992939e-01 -3.744177e-02 3.145363e-03 -3.814093e+01 3.048705e-03 2.638492e-03 9.999918e-01 2.711035e+00
-3.943256e-02 9.992198e-01 -2.241290e-03 1.110610e+02 -9.992183e-01 -3.942604e-02 2.881227e-03 -3.892402e+01 2.790619e-03 2.353163e-03 9.999934e-01 2.729970e+00
-4.126626e-02 9.991463e-01 -1.920777e-03 1.110309e+02 -9.991403e-01 -4.125825e-02 4.037181e-03 -3.970492e+01 3.954491e-03 2.085729e-03 9.999900e-01 2.748046e+00
-4.227338e-02 9.991032e-01 -2.446671e-03 1.109967e+02 -9.990947e-01 -4.226103e-02 4.895962e-03 -4.047613e+01 4.788177e-03 2.651429e-03 9.999850e-01 2.764170e+00
-4.350031e-02 9.990432e-01 -4.498842e-03 1.109598e+02 -9.990478e-01 -4.348442e-02 3.572330e-03 -4.124909e+01 3.373286e-03 4.649960e-03 9.999835e-01 2.782238e+00
-4.488887e-02 9.989812e-01 -4.662486e-03 1.109232e+02 -9.989890e-01 -4.487688e-02 2.641475e-03 -4.201689e+01 2.429550e-03 4.776353e-03 9.999856e-01 2.802232e+00
-4.625028e-02 9.989233e-01 -3.668278e-03 1.108900e+02 -9.989284e-01 -4.624363e-02 1.877418e-03 -4.277729e+01 1.705768e-03 3.751190e-03 9.999916e-01 2.821536e+00
-4.761802e-02 9.988639e-01 -1.879816e-03 1.108592e+02 -9.988655e-01 -4.761665e-02 7.678489e-04 -4.352708e+01 6.774697e-04 1.914260e-03 9.999980e-01 2.839118e+00
-4.851497e-02 9.988223e-01 -7.263754e-04 1.108279e+02 -9.988224e-01 -4.851504e-02 -8.068886e-05 -4.426061e+01 -1.158291e-04 7.216158e-04 9.999998e-01 2.852649e+00
-4.936737e-02 9.987804e-01 -8.716026e-04 1.107965e+02 -9.987804e-01 -4.936808e-02 -8.254098e-04 -4.497548e+01 -8.674301e-04 8.297893e-04 9.999992e-01 2.866972e+00
-4.972217e-02 9.987627e-01 -9.471216e-04 1.107652e+02 -9.987621e-01 -4.972072e-02 1.490181e-03 -4.568039e+01 1.441250e-03 1.020048e-03 9.999985e-01 2.881849e+00
-4.983731e-02 9.987569e-01 -1.078748e-03 1.107325e+02 -9.987472e-01 -4.983187e-02 4.587786e-03 -4.638074e+01 4.528331e-03 1.306036e-03 9.999889e-01 2.897434e+00
-5.001905e-02 9.987480e-01 8.913669e-04 1.107032e+02 -9.987292e-01 -5.002359e-02 6.148993e-03 -4.707806e+01 6.185885e-03 -5.826558e-04 9.999807e-01 2.912915e+00
-5.024911e-02 9.987366e-01 6.413824e-04 1.106715e+02 -9.987119e-01 -5.025237e-02 7.022552e-03 -4.777271e+01 7.045915e-03 -2.876792e-04 9.999751e-01 2.929772e+00
-5.033530e-02 9.987323e-01 -5.444210e-04 1.106365e+02 -9.987088e-01 -5.033034e-02 6.908240e-03 -4.846729e+01 6.872086e-03 8.914549e-04 9.999760e-01 2.945524e+00
-5.062185e-02 9.987167e-01 -1.606954e-03 1.106027e+02 -9.987007e-01 -5.061145e-02 5.959279e-03 -4.915583e+01 5.870306e-03 1.906540e-03 9.999810e-01 2.959809e+00
-5.096750e-02 9.986981e-01 2.170501e-03 1.105758e+02 -9.986783e-01 -5.098071e-02 6.542310e-03 -4.984140e+01 6.644451e-03 -1.834184e-03 9.999763e-01 2.973394e+00
-5.088244e-02 9.986920e-01 5.055529e-03 1.105487e+02 -9.986838e-01 -5.091356e-02 6.231226e-03 -5.052563e+01 6.480474e-03 -4.731805e-03 9.999678e-01 2.988676e+00
-5.076630e-02 9.987059e-01 3.106255e-03 1.105135e+02 -9.986982e-01 -5.078091e-02 4.823656e-03 -5.120100e+01 4.975155e-03 -2.857324e-03 9.999835e-01 3.001349e+00
-5.167390e-02 9.986611e-01 2.422014e-03 1.104781e+02 -9.986537e-01 -5.168427e-02 4.432689e-03 -5.187397e+01 4.551939e-03 -2.189703e-03 9.999872e-01 3.013212e+00
-5.491746e-02 9.984769e-01 5.307874e-03 1.104475e+02 -9.984823e-01 -5.493842e-02 3.886753e-03 -5.254354e+01 4.172443e-03 -5.086361e-03 9.999783e-01 3.027324e+00
-6.010740e-02 9.981470e-01 9.480640e-03 1.104167e+02 -9.981841e-01 -6.014194e-02 3.399924e-03 -5.320945e+01 3.963811e-03 -9.259059e-03 9.999493e-01 3.042413e+00
-6.597082e-02 9.977988e-01 6.742774e-03 1.103697e+02 -9.977966e-01 -6.601540e-02 6.619182e-03 -5.386902e+01 7.049744e-03 -6.291240e-03 9.999554e-01 3.053086e+00
-7.240098e-02 9.973663e-01 4.309475e-03 1.103155e+02 -9.973231e-01 -7.244081e-02 9.945599e-03 -5.453003e+01 1.023159e-02 -3.577858e-03 9.999412e-01 3.063477e+00
-7.983400e-02 9.967936e-01 5.415006e-03 1.102634e+02 -9.967377e-01 -7.989179e-02 1.146211e-02 -5.519944e+01 1.185798e-02 -4.482266e-03 9.999197e-01 3.076523e+00
-8.609913e-02 9.962463e-01 8.960714e-03 1.102115e+02 -9.962220e-01 -8.619250e-02 1.061582e-02 -5.587176e+01 1.134833e-02 -8.012841e-03 9.999034e-01 3.091614e+00
-9.149238e-02 9.957523e-01 1.032097e-02 1.101492e+02 -9.957513e-01 -9.159091e-02 9.514836e-03 -5.654846e+01 1.041973e-02 -9.406577e-03 9.999014e-01 3.110209e+00
-9.595729e-02 9.953124e-01 1.206237e-02 1.100821e+02 -9.953244e-01 -9.607854e-02 9.910515e-03 -5.722811e+01 1.102300e-02 -1.105498e-02 9.998781e-01 3.127242e+00
-9.989614e-02 9.948912e-01 1.457249e-02 1.100154e+02 -9.949431e-01 -1.000337e-01 9.032065e-03 -5.791625e+01 1.044366e-02 -1.359652e-02 9.998530e-01 3.140992e+00
-1.027191e-01 9.946134e-01 1.389296e-02 1.099427e+02 -9.946790e-01 -1.028169e-01 6.519158e-03 -5.861324e+01 7.912477e-03 -1.314939e-02 9.998822e-01 3.154938e+00
-1.044958e-01 9.944556e-01 1.178149e-02 1.098649e+02 -9.945158e-01 -1.045393e-01 3.138075e-03 -5.932291e+01 4.352309e-03 -1.138896e-02 9.999256e-01 3.169141e+00
-1.063127e-01 9.942562e-01 1.233688e-02 1.097917e+02 -9.943327e-01 -1.063071e-01 -1.116375e-03 -6.004709e+01 2.015377e-04 -1.238564e-02 9.999233e-01 3.181817e+00
-1.078099e-01 9.940900e-01 1.274026e-02 1.097178e+02 -9.941711e-01 -1.078125e-01 -4.909188e-04 -6.077271e+01 8.855462e-04 -1.271893e-02 9.999187e-01 3.190102e+00
-1.085409e-01 9.940236e-01 1.166599e-02 1.096381e+02 -9.940845e-01 -1.085779e-01 2.588403e-03 -6.150092e+01 3.839608e-03 -1.131603e-02 9.999286e-01 3.197217e+00
-1.087977e-01 9.940425e-01 6.530089e-03 1.095505e+02 -9.940354e-01 -1.088420e-01 6.847114e-03 -6.223344e+01 7.517075e-03 -5.746183e-03 9.999552e-01 3.206639e+00
-1.095161e-01 9.939849e-01 -6.408746e-04 1.094581e+02 -9.939249e-01 -1.095022e-01 1.107818e-02 -6.297369e+01 1.094136e-02 1.850225e-03 9.999384e-01 3.217938e+00
-1.102835e-01 9.938985e-01 -1.874429e-03 1.093738e+02 -9.938125e-01 -1.102485e-01 1.349510e-02 -6.371817e+01 1.320611e-02 3.351131e-03 9.999071e-01 3.230139e+00
-1.108054e-01 9.938421e-01 3.970403e-06 1.092955e+02 -9.937813e-01 -1.107987e-01 1.106648e-02 -6.446718e+01 1.099878e-02 1.222279e-03 9.999387e-01 3.245709e+00
-1.105641e-01 9.938691e-01 2.477727e-04 1.092149e+02 -9.938552e-01 -1.105638e-01 5.247094e-03 -6.521974e+01 5.242324e-03 3.338979e-04 9.999862e-01 3.264894e+00
-1.106880e-01 9.938517e-01 -2.679638e-03 1.091369e+02 -9.938489e-01 -1.106771e-01 3.876669e-03 -6.596442e+01 3.556263e-03 3.092264e-03 9.999889e-01 3.340166e+00
-1.116817e-01 9.937397e-01 -2.997038e-03 1.090699e+02 -9.937396e-01 -1.116717e-01 3.295718e-03 -6.671157e+01 2.940405e-03 3.346352e-03 9.999900e-01 3.463686e+00
-1.134388e-01 9.935440e-01 -1.473006e-03 1.089992e+02 -9.935383e-01 -1.134324e-01 3.865580e-03 -6.745245e+01 3.673540e-03 1.902005e-03 9.999915e-01 3.538824e+00
-1.157264e-01 9.932809e-01 -8.795650e-04 1.089269e+02 -9.932693e-01 -1.157207e-01 4.976926e-03 -6.819256e+01 4.841704e-03 1.449615e-03 9.999872e-01 3.627902e+00
-1.179023e-01 9.930241e-01 -1.594131e-03 1.088456e+02 -9.930150e-01 -1.178936e-01 4.721584e-03 -6.893212e+01 4.500712e-03 2.139683e-03 9.999875e-01 3.684557e+00
-1.197352e-01 9.928032e-01 -2.351248e-03 1.087611e+02 -9.927955e-01 -1.197228e-01 4.860539e-03 -6.967793e+01 4.544063e-03 2.916296e-03 9.999854e-01 3.752360e+00
-1.218137e-01 9.925511e-01 -1.959490e-03 1.086764e+02 -9.925437e-01 -1.218037e-01 4.566144e-03 -7.042755e+01 4.293462e-03 2.501109e-03 9.999877e-01 3.799627e+00
-1.235207e-01 9.923419e-01 4.901508e-04 1.085938e+02 -9.923303e-01 -1.235216e-01 4.790033e-03 -7.118256e+01 4.813900e-03 1.052766e-04 9.999884e-01 3.847192e+00
-1.247708e-01 9.921857e-01 3.156256e-04 1.085056e+02 -9.921667e-01 -1.247704e-01 6.138172e-03 -7.193635e+01 6.129592e-03 4.527246e-04 9.999811e-01 3.885145e+00
-1.254844e-01 9.920939e-01 1.934411e-03 1.084203e+02 -9.920753e-01 -1.254940e-01 6.162823e-03 -7.269579e+01 6.356859e-03 -1.145736e-03 9.999792e-01 3.924868e+00
-1.268993e-01 9.919136e-01 2.029586e-03 1.083320e+02 -9.918916e-01 -1.269102e-01 6.708741e-03 -7.346061e+01 6.912069e-03 -1.161782e-03 9.999753e-01 3.955063e+00
-1.279144e-01 9.917842e-01 1.418439e-03 1.082413e+02 -9.917714e-01 -1.279201e-01 5.096749e-03 -7.423228e+01 5.236325e-03 -7.548101e-04 9.999859e-01 3.987866e+00
-1.290036e-01 9.916386e-01 3.336460e-03 1.081483e+02 -9.916382e-01 -1.290137e-01 3.030055e-03 -7.500759e+01 3.435171e-03 -2.917665e-03 9.999899e-01 4.016298e+00
-1.306664e-01 9.914072e-01 6.189363e-03 1.080566e+02 -9.914252e-01 -1.306739e-01 8.325665e-04 -7.578875e+01 1.634204e-03 -6.027494e-03 9.999805e-01 4.041527e+00
-1.326931e-01 9.911429e-01 5.328046e-03 1.079577e+02 -9.911569e-01 -1.326951e-01 3.605150e-06 -7.657367e+01 7.105824e-04 -5.280444e-03 9.999859e-01 4.067086e+00
-1.345113e-01 9.909037e-01 4.062363e-03 1.078546e+02 -9.909117e-01 -1.345142e-01 4.563988e-04 -7.736439e+01 9.986991e-04 -3.964049e-03 9.999917e-01 4.085395e+00
-1.367316e-01 9.905967e-01 4.801444e-03 1.077544e+02 -9.906061e-01 -1.367396e-01 1.373302e-03 -7.815946e+01 2.016940e-03 -4.568553e-03 9.999875e-01 4.099132e+00
