1.000000e+00 0.000000e+00 -4.656613e-10 0.000000e+00 -1.164153e-10 1.000000e+00 1.091394e-11 4.656613e-10 -4.656613e-10 9.376890e-10 1.000000e+00 0.000000e+00
9.999999e-01 -6.905886e-04 -1.342879e-04 1.199166e+00 6.906840e-04 9.999995e-01 7.154535e-04 1.144884e-02 1.337905e-04 -7.155439e-04 9.999997e-01 2.047739e-02
9.999990e-01 -1.373034e-03 -2.679811e-04 2.384516e+00 1.373414e-03 9.999980e-01 1.422466e-03 2.276589e-02 2.660262e-04 -1.422832e-03 9.999990e-01 4.071855e-02
9.999978e-01 -2.058900e-03 -4.033498e-04 3.576130e+00 2.059755e-03 9.999956e-01 2.133019e-03 3.414292e-02 3.989553e-04 -2.133845e-03 9.999977e-01 6.106642e-02
9.999961e-01 -2.744699e-03 -5.397107e-04 4.767960e+00 2.746222e-03 9.999923e-01 2.843500e-03 4.552214e-02 5.319002e-04 -2.844969e-03 9.999958e-01 8.141768e-02
9.999940e-01 -3.432221e-03 -6.774249e-04 5.963120e+00 3.434608e-03 9.999877e-01 3.555762e-03 5.693329e-02 6.652111e-04 -3.558068e-03 9.999935e-01 1.018255e-01
9.999912e-01 -4.116960e-03 -8.155839e-04 7.153774e+00 4.120402e-03 9.999825e-01 4.265138e-03 6.830156e-02 7.980098e-04 -4.268461e-03 9.999906e-01 1.221560e-01
9.999881e-01 -4.802738e-03 -9.549600e-04 8.346572e+00 4.807431e-03 9.999760e-01 4.975587e-03 7.969046e-02 9.310390e-04 -4.980118e-03 9.999872e-01 1.425229e-01
9.999843e-01 -5.487591e-03 -1.095152e-03 9.538103e+00 5.493730e-03 9.999687e-01 5.685073e-03 9.106735e-02 1.063919e-03 -5.691001e-03 9.999833e-01 1.628676e-01
9.999802e-01 -6.172358e-03 -1.236333e-03 1.072983e+01 6.180142e-03 9.999605e-01 6.394468e-03 1.024463e-01 1.196815e-03 -6.401984e-03 9.999788e-01 1.832154e-01
9.999756e-01 -6.856902e-03 -1.378472e-03 1.192151e+01 6.866527e-03 9.999512e-01 7.103631e-03 1.138249e-01 1.329695e-03 -7.112924e-03 9.999739e-01 2.035620e-01
9.999704e-01 -7.541575e-03 -1.521645e-03 1.311376e+01 7.553239e-03 9.999409e-01 7.812922e-03 1.252092e-01 1.462631e-03 -7.824183e-03 9.999683e-01 2.239180e-01
9.999651e-01 -8.191825e-03 -1.639822e-03 1.430549e+01 8.205297e-03 9.999312e-01 8.385499e-03 1.364989e-01 1.571015e-03 -8.398662e-03 9.999635e-01 2.441353e-01
9.999563e-01 -9.141508e-03 -1.987901e-03 1.549876e+01 9.161248e-03 9.999064e-01 1.015883e-02 1.485980e-01 1.894846e-03 -1.017660e-02 9.999464e-01 2.655122e-01
9.999521e-01 -9.590099e-03 -1.936402e-03 1.668993e+01 9.608787e-03 9.999050e-01 9.883620e-03 1.593184e-01 1.841433e-03 -9.901754e-03 9.999493e-01 2.849206e-01
9.999468e-01 -1.018534e-02 -1.613308e-03 1.788358e+01 1.019993e-02 9.999046e-01 9.310347e-03 1.698108e-01 1.518323e-03 -9.326309e-03 9.999554e-01 3.040894e-01
9.999424e-01 -1.067723e-02 -1.216850e-03 1.907937e+01 1.068773e-02 9.999027e-01 8.969559e-03 1.811470e-01 1.120960e-03 -8.982047e-03 9.999591e-01 3.224974e-01
9.999332e-01 -1.135745e-02 -2.151112e-03 2.027303e+01 1.137679e-02 9.998930e-01 9.199820e-03 1.937926e-01 2.046394e-03 -9.223679e-03 9.999553e-01 3.409876e-01
9.999249e-01 -1.183306e-02 -3.196992e-03 2.146762e+01 1.186121e-02 9.998897e-01 8.935507e-03 2.071031e-01 3.090904e-03 -8.972756e-03 9.999549e-01 3.592743e-01
9.999165e-01 -1.265711e-02 -2.616021e-03 2.266199e+01 1.268152e-02 9.998741e-01 9.535216e-03 2.221089e-01 2.495003e-03 -9.567599e-03 9.999512e-01 3.788150e-01
9.999074e-01 -1.338220e-02 -2.498104e-03 2.385632e+01 1.340600e-02 9.998625e-01 9.766516e-03 2.375298e-01 2.367061e-03 -9.799103e-03 9.999493e-01 3.992285e-01
9.998927e-01 -1.428247e-02 -3.279539e-03 2.505033e+01 1.431388e-02 9.998499e-01 9.764715e-03 2.531649e-01 3.139582e-03 -9.810611e-03 9.999470e-01 4.198633e-01
9.998814e-01 -1.511959e-02 -2.958791e-03 2.624679e+01 1.514854e-02 9.998351e-01 1.002117e-02 2.707745e-01 2.806784e-03 -1.006481e-02 9.999453e-01 4.381144e-01
9.998740e-01 -1.585661e-02 -7.908205e-04 2.744571e+01 1.586319e-02 9.998323e-01 9.152563e-03 2.879943e-01 6.455579e-04 -9.163955e-03 9.999578e-01 4.571721e-01
9.998595e-01 -1.675328e-02 -5.898387e-04 2.864133e+01 1.675769e-02 9.998235e-01 8.502533e-03 3.058473e-01 4.472872e-04 -8.511223e-03 9.999638e-01 4.732609e-01
9.998443e-01 -1.754172e-02 -1.969947e-03 2.983259e+01 1.755671e-02 9.998149e-01 7.873404e-03 3.245886e-01 1.831467e-03 -7.906762e-03 9.999670e-01 4.910970e-01
9.998246e-01 -1.851778e-02 -2.776556e-03 3.103236e+01 1.853774e-02 9.998012e-01 7.344706e-03 3.439055e-01 2.639996e-03 -7.394890e-03 9.999691e-01 5.095069e-01
9.998105e-01 -1.926821e-02 -2.797385e-03 3.223653e+01 1.928939e-02 9.997839e-01 7.750988e-03 3.657339e-01 2.647432e-03 -7.803480e-03 9.999661e-01 5.288032e-01
9.997988e-01 -1.993217e-02 -2.244011e-03 3.342508e+01 1.994802e-02 9.997746e-01 7.277043e-03 3.870470e-01 2.098458e-03 -7.320342e-03 9.999711e-01 5.490663e-01
9.997863e-01 -2.058036e-02 -1.987975e-03 3.461987e+01 2.059386e-02 9.997633e-01 7.027771e-03 4.094716e-01 1.842869e-03 -7.067208e-03 9.999734e-01 5.699339e-01
9.997762e-01 -2.107045e-02 -1.904998e-03 3.581783e+01 2.108200e-02 9.997581e-01 6.267583e-03 4.319939e-01 1.772474e-03 -6.306342e-03 9.999785e-01 5.890588e-01
9.997634e-01 -2.166515e-02 -1.916043e-03 3.701475e+01 2.167688e-02 9.997450e-01 6.330277e-03 4.563038e-01 1.778407e-03 -6.370314e-03 9.999782e-01 6.090075e-01
9.997599e-01 -2.186869e-02 -1.403398e-03 3.821261e+01 2.187604e-02 9.997458e-01 5.454332e-03 4.798206e-01 1.283763e-03 -5.483723e-03 9.999842e-01 6.292897e-01
9.997626e-01 -2.179355e-02 -1.995815e-04 3.941148e+01 2.179432e-02 9.997470e-01 5.587093e-03 5.051990e-01 7.776683e-05 -5.590116e-03 9.999844e-01 6.487706e-01
9.997652e-01 -2.165869e-02 7.362259e-04 4.060870e+01 2.165385e-02 9.997472e-01 6.057070e-03 5.306124e-01 -8.672304e-04 -6.039704e-03 9.999813e-01 6.682758e-01
9.997665e-01 -2.160597e-02 3.053867e-04 4.180513e+01 2.160337e-02 9.997432e-01 6.851565e-03 5.567785e-01 -4.533455e-04 -6.843368e-03 9.999764e-01 6.868603e-01
9.997687e-01 -2.150555e-02 1.955102e-04 4.300252e+01 2.150342e-02 9.997392e-01 7.680663e-03 5.835506e-01 -3.606374e-04 -7.674685e-03 9.999705e-01 7.037823e-01
9.997765e-01 -2.108073e-02 1.648554e-03 4.420252e+01 2.106198e-02 9.997214e-01 1.065685e-02 6.139201e-01 -1.872750e-03 -1.061975e-02 9.999419e-01 7.195165e-01
9.997978e-01 -1.953250e-02 4.791834e-03 4.540292e+01 1.947915e-02 9.997504e-01 1.093727e-02 6.399863e-01 -5.004274e-03 -1.084172e-02 9.999287e-01 7.329392e-01
9.998125e-01 -1.783126e-02 7.546264e-03 4.660375e+01 1.774376e-02 9.997764e-01 1.150751e-02 6.641687e-01 -7.749772e-03 -1.137145e-02 9.999053e-01 7.433378e-01
9.998111e-01 -1.611596e-02 1.086800e-02 4.780948e+01 1.598759e-02 9.998026e-01 1.179595e-02 6.852078e-01 -1.105597e-02 -1.161997e-02 9.998714e-01 7.505512e-01
9.998054e-01 -1.484362e-02 1.300233e-02 4.901279e+01 1.469452e-02 9.998261e-01 1.148823e-02 7.039127e-01 -1.317060e-02 -1.129493e-02 9.998495e-01 7.564909e-01
9.998472e-01 -1.332345e-02 1.132029e-02 5.021167e+01 1.321253e-02 9.998645e-01 9.816906e-03 7.190185e-01 -1.144956e-02 -9.665839e-03 9.998878e-01 7.580331e-01
9.998845e-01 -1.223219e-02 9.019949e-03 5.141266e+01 1.213910e-02 9.998733e-01 1.030331e-02 7.354400e-01 -9.144841e-03 -1.019262e-02 9.999062e-01 7.610723e-01
9.998956e-01 -1.143225e-02 8.840764e-03 5.261400e+01 1.133065e-02 9.998702e-01 1.145791e-02 7.526956e-01 -8.970609e-03 -1.135655e-02 9.998953e-01 7.663286e-01
9.999003e-01 -1.136849e-02 8.385211e-03 5.381948e+01 1.128035e-02 9.998813e-01 1.048506e-02 7.662618e-01 -8.503420e-03 -1.038943e-02 9.999099e-01 7.728240e-01
9.998977e-01 -1.208639e-02 7.665344e-03 5.502347e+01 1.201094e-02 9.998797e-01 9.812920e-03 7.811649e-01 -7.783029e-03 -9.719848e-03 9.999224e-01 7.801546e-01
9.998784e-01 -1.362298e-02 7.589673e-03 5.622864e+01 1.354704e-02 9.998586e-01 9.969995e-03 7.973521e-01 -7.724423e-03 -9.865968e-03 9.999216e-01 7.877269e-01
9.998435e-01 -1.517538e-02 9.086676e-03 5.743639e+01 1.508455e-02 9.998364e-01 9.982340e-03 8.158888e-01 -9.236676e-03 -9.843711e-03 9.999089e-01 7.980920e-01
9.998250e-01 -1.614636e-02 9.454197e-03 5.864138e+01 1.605201e-02 9.998214e-01 9.972259e-03 8.362527e-01 -9.613529e-03 -9.818762e-03 9.999057e-01 8.055426e-01
9.998136e-01 -1.699279e-02 9.170095e-03 5.984742e+01 1.689230e-02 9.997976e-01 1.092582e-02 8.589696e-01 -9.353900e-03 -1.076888e-02 9.998983e-01 8.124419e-01
9.998025e-01 -1.770896e-02 9.033158e-03 6.105106e+01 1.760635e-02 9.997810e-01 1.131404e-02 8.817425e-01 -9.231541e-03 -1.115277e-02 9.998952e-01 8.201051e-01
9.998045e-01 -1.786335e-02 8.488234e-03 6.225467e+01 1.777242e-02 9.997851e-01 1.066957e-02 9.037489e-01 -8.677008e-03 -1.051663e-02 9.999071e-01 8.280210e-01
9.998089e-01 -1.804515e-02 7.523432e-03 6.345655e+01 1.797432e-02 9.997945e-01 9.377694e-03 9.240202e-01 -7.691110e-03 -9.240673e-03 9.999277e-01 8.362375e-01
9.997948e-01 -1.840525e-02 8.457629e-03 6.465682e+01 1.832945e-02 9.997919e-01 8.953236e-03 9.461974e-01 -8.620657e-03 -8.796376e-03 9.999242e-01 8.431685e-01
9.997691e-01 -1.866966e-02 1.064198e-02 6.585996e+01 1.857482e-02 9.997874e-01 8.942472e-03 9.685382e-01 -1.080667e-02 -8.742737e-03 9.999034e-01 8.516802e-01
9.997783e-01 -1.895225e-02 9.185513e-03 6.705716e+01 1.886603e-02 9.997780e-01 9.383956e-03 9.925442e-01 -9.361325e-03 -9.208580e-03 9.999138e-01 8.576415e-01
9.997912e-01 -1.901757e-02 7.474864e-03 6.825060e+01 1.893554e-02 9.997614e-01 1.089608e-02 1.018518e+00 -7.680302e-03 -1.075225e-02 9.999127e-01 8.623559e-01
9.997882e-01 -1.912837e-02 7.601588e-03 6.944493e+01 1.902805e-02 9.997337e-01 1.305769e-02 1.045619e+00 -7.849339e-03 -1.291028e-02 9.998858e-01 8.703715e-01
9.997872e-01 -1.909277e-02 7.830003e-03 7.063597e+01 1.897485e-02 9.997094e-01 1.486611e-02 1.071885e+00 -8.111565e-03 -1.471438e-02 9.998589e-01 8.782004e-01
9.997869e-01 -1.891354e-02 8.283398e-03 7.182597e+01 1.877479e-02 9.996873e-01 1.651948e-02 1.097718e+00 -8.593252e-03 -1.636044e-02 9.998292e-01 8.856230e-01
9.997961e-01 -1.796880e-02 9.224415e-03 7.301236e+01 1.781082e-02 9.996981e-01 1.693255e-02 1.121138e+00 -9.525888e-03 -1.676480e-02 9.998142e-01 8.947152e-01
9.998247e-01 -1.593977e-02 9.828918e-03 7.419782e+01 1.575486e-02 9.997027e-01 1.861124e-02 1.143954e+00 -1.012266e-02 -1.845312e-02 9.997785e-01 9.031247e-01
9.998704e-01 -1.327213e-02 9.121874e-03 7.537595e+01 1.310594e-02 9.997513e-01 1.804177e-02 1.159931e+00 -9.359060e-03 -1.791988e-02 9.997956e-01 9.140151e-01
9.999349e-01 -1.080523e-02 3.665189e-03 7.655087e+01 1.075079e-02 9.998362e-01 1.456179e-02 1.168078e+00 -3.821934e-03 -1.452145e-02 9.998873e-01 9.220256e-01
9.999633e-01 -8.332656e-03 2.005710e-03 7.772638e+01 8.301361e-03 9.998510e-01 1.513566e-02 1.177439e+00 -2.131532e-03 -1.511846e-02 9.998835e-01 9.334781e-01
9.999674e-01 -5.486242e-03 5.939458e-03 7.890512e+01 5.399899e-03 9.998810e-01 1.445698e-02 1.183084e+00 -6.018069e-03 -1.442443e-02 9.998779e-01 9.488900e-01
9.999660e-01 -2.208276e-03 7.942243e-03 8.007922e+01 2.092424e-03 9.998918e-01 1.456569e-02 1.184908e+00 -7.973550e-03 -1.454857e-02 9.998623e-01 9.616749e-01
9.999816e-01 1.821375e-03 5.785167e-03 8.124527e+01 -1.908136e-03 9.998852e-01 1.502712e-02 1.185381e+00 -5.757136e-03 -1.503788e-02 9.998704e-01 9.706606e-01
9.999803e-01 5.340081e-03 3.285310e-03 8.240979e+01 -5.386102e-03 9.998853e-01 1.416305e-02 1.177571e+00 -3.209305e-03 -1.418047e-02 9.998943e-01 9.824669e-01
9.999613e-01 8.793795e-03 -5.324143e-04 8.356850e+01 -8.786269e-03 9.998797e-01 1.278718e-02 1.164528e+00 6.447975e-04 -1.278201e-02 9.999181e-01 9.977816e-01
9.999256e-01 1.210156e-02 -1.569593e-03 8.472800e+01 -1.208194e-02 9.998556e-01 1.195477e-02 1.148671e+00 1.714037e-03 -1.193491e-02 9.999274e-01 1.014939e+00
9.998767e-01 1.570099e-02 3.980692e-04 8.588780e+01 -1.570459e-02 9.998074e-01 1.177700e-02 1.131296e+00 -2.130824e-04 -1.178179e-02 9.999306e-01 1.033033e+00
9.998087e-01 1.951196e-02 1.392791e-03 8.704220e+01 -1.952832e-02 9.997262e-01 1.289417e-02 1.110503e+00 -1.140822e-03 -1.291891e-02 9.999160e-01 1.050164e+00
9.997300e-01 2.322576e-02 -8.562575e-04 8.819485e+01 -2.321315e-02 9.996511e-01 1.259468e-02 1.083432e+00 1.148478e-03 -1.257141e-02 9.999203e-01 1.067303e+00
9.996417e-01 2.655500e-02 -3.376632e-03 8.934431e+01 -2.651162e-02 9.995728e-01 1.230064e-02 1.051770e+00 3.701832e-03 -1.220671e-02 9.999186e-01 1.084230e+00
9.995483e-01 2.982021e-02 -3.709046e-03 9.049451e+01 -2.977211e-02 9.994797e-01 1.240959e-02 1.016646e+00 4.077174e-03 -1.229356e-02 9.999161e-01 1.103359e+00
9.994630e-01 3.267512e-02 -2.468551e-03 9.164783e+01 -3.264590e-02 9.994056e-01 1.107690e-02 9.765864e-01 2.829022e-03 -1.099037e-02 9.999356e-01 1.123236e+00
9.993708e-01 3.545049e-02 -1.121695e-03 9.280278e+01 -3.543703e-02 9.993184e-01 1.033591e-02 9.327927e-01 1.487344e-03 -1.028966e-02 9.999461e-01 1.141511e+00
9.992707e-01 3.817581e-02 7.541189e-04 9.395885e+01 -3.818127e-02 9.992254e-01 9.528862e-03 8.856285e-01 -3.897622e-04 -9.550707e-03 9.999544e-01 1.158827e+00
9.991731e-01 4.061391e-02 1.913548e-03 9.511452e+01 -4.062862e-02 9.991390e-01 8.411586e-03 8.341826e-01 -1.570274e-03 -8.482376e-03 9.999627e-01 1.175739e+00
9.990783e-01 4.292546e-02 -2.607475e-04 9.626719e+01 -4.292250e-02 9.990529e-01 7.135235e-03 7.804211e-01 5.667824e-04 -7.117467e-03 9.999745e-01 1.191597e+00
9.989716e-01 4.517518e-02 -3.863122e-03 9.742478e+01 -4.515282e-02 9.989640e-01 5.690795e-03 7.223366e-01 4.116201e-03 -5.510511e-03 9.999763e-01 1.207772e+00
9.988577e-01 4.727163e-02 -6.973444e-03 9.858369e+01 -4.722971e-02 9.988657e-01 6.059488e-03 6.642115e-01 7.251976e-03 -5.723211e-03 9.999573e-01 1.225784e+00
9.987714e-01 4.890798e-02 -7.974123e-03 9.975116e+01 -4.885907e-02 9.987864e-01 6.217459e-03 6.034634e-01 8.268528e-03 -5.820211e-03 9.999489e-01 1.247111e+00
9.987469e-01 4.950553e-02 -7.346460e-03 1.009257e+02 -4.945982e-02 9.987563e-01 6.279420e-03 5.426133e-01 7.648190e-03 -5.908196e-03 9.999532e-01 1.270029e+00
9.987977e-01 4.873147e-02 -5.335773e-03 1.021065e+02 -4.869666e-02 9.987927e-01 6.468146e-03 4.821724e-01 5.644533e-03 -6.200534e-03 9.999648e-01 1.293133e+00
9.988714e-01 4.734633e-02 -3.754284e-03 1.032908e+02 -4.732423e-02 9.988629e-01 5.773387e-03 4.214708e-01 4.023364e-03 -5.589203e-03 9.999763e-01 1.315583e+00
9.989668e-01 4.533806e-02 -3.120294e-03 1.044820e+02 -4.531862e-02 9.989544e-01 6.040379e-03 3.612872e-01 3.390890e-03 -5.892731e-03 9.999768e-01 1.337375e+00
9.990773e-01 4.287185e-02 -2.549945e-03 1.056800e+02 -4.285545e-02 9.990623e-01 6.171393e-03 3.052645e-01 2.812133e-03 -6.056421e-03 9.999777e-01 1.357602e+00
9.992057e-01 3.976656e-02 -2.584730e-03 1.068793e+02 -3.974868e-02 9.991878e-01 6.633873e-03 2.524487e-01 2.846435e-03 -6.525863e-03 9.999746e-01 1.378020e+00
9.993474e-01 3.600718e-02 -2.891894e-03 1.080840e+02 -3.598285e-02 9.993197e-01 8.069218e-03 2.059483e-01 3.180476e-03 -7.959893e-03 9.999633e-01 1.398270e+00
9.994810e-01 3.209574e-02 -2.738296e-03 1.092907e+02 -3.207238e-02 9.994521e-01 8.184790e-03 1.619754e-01 2.999492e-03 -8.092716e-03 9.999627e-01 1.418884e+00
9.996056e-01 2.803441e-02 -1.655765e-03 1.105038e+02 -2.801878e-02 9.995686e-01 8.804320e-03 1.222093e-01 1.901874e-03 -8.754456e-03 9.999599e-01 1.440928e+00
9.997188e-01 2.369945e-02 -8.817264e-04 1.117196e+02 -2.369061e-02 9.996791e-01 8.962434e-03 8.780544e-02 1.093846e-03 -8.939025e-03 9.999595e-01 1.461864e+00
9.998149e-01 1.923881e-02 -1.838035e-04 1.129361e+02 -1.923634e-02 9.997737e-01 9.088045e-03 5.805466e-02 3.586039e-04 -9.082829e-03 9.999586e-01 1.481734e+00
9.998958e-01 1.444432e-02 -4.132465e-05 1.141550e+02 -1.444329e-02 9.998512e-01 9.440721e-03 3.517530e-02 1.776819e-04 -9.439139e-03 9.999555e-01 1.500465e+00
9.999549e-01 9.500302e-03 -7.915683e-05 1.153754e+02 -9.498993e-03 9.999025e-01 1.024001e-02 1.893452e-02 1.764325e-04 -1.023880e-02 9.999476e-01 1.520093e+00
9.999896e-01 4.543090e-03 -4.205569e-04 1.165987e+02 -4.538320e-03 9.999322e-01 1.072413e-02 7.394277e-03 4.692487e-04 -1.072212e-02 9.999424e-01 1.541010e+00
9.999995e-01 -1.033376e-04 -1.064043e-03 1.178244e+02 1.156532e-04 9.999329e-01 1.158096e-02 1.945950e-03 1.062774e-03 -1.158108e-02 9.999323e-01 1.563577e+00
9.999918e-01 -3.798317e-03 -1.412613e-03 1.190528e+02 3.816898e-03 9.999031e-01 1.339314e-02 3.107491e-03 1.361604e-03 -1.339843e-02 9.999093e-01 1.585950e+00
9.999816e-01 -5.932352e-03 -1.248685e-03 1.202845e+02 5.951257e-03 9.998587e-01 1.572401e-02 9.255972e-03 1.155226e-03 -1.573115e-02 9.998756e-01 1.608224e+00
9.999750e-01 -6.900360e-03 -1.548511e-03 1.215145e+02 6.925220e-03 9.998370e-01 1.666912e-02 1.633361e-02 1.433235e-03 -1.667942e-02 9.998599e-01 1.629489e+00
9.999674e-01 -8.001011e-03 -1.158625e-03 1.227558e+02 8.021376e-03 9.997912e-01 1.879239e-02 2.711498e-02 1.008023e-03 -1.880107e-02 9.998227e-01 1.648873e+00
9.999593e-01 -9.032875e-03 -1.215981e-05 1.239966e+02 9.031276e-03 9.997552e-01 2.019785e-02 3.832047e-02 -1.702905e-04 -2.019714e-02 9.997959e-01 1.668174e+00
9.999521e-01 -9.787558e-03 -5.710311e-05 1.252380e+02 9.786708e-03 9.997473e-01 2.023117e-02 4.905257e-02 -1.409268e-04 -2.023077e-02 9.997953e-01 1.687627e+00
9.999415e-01 -1.070097e-02 1.603203e-03 1.264844e+02 1.066036e-02 9.996671e-01 2.349615e-02 6.637397e-02 -1.854105e-03 -2.347770e-02 9.997226e-01 1.702936e+00
9.999251e-01 -1.138379e-02 4.504497e-03 1.277347e+02 1.126716e-02 9.996210e-01 2.512044e-02 8.312286e-02 -4.788758e-03 -2.506781e-02 9.996743e-01 1.717611e+00
9.999136e-01 -1.216450e-02 5.005225e-03 1.289846e+02 1.204054e-02 9.996374e-01 2.408959e-02 9.751353e-02 -5.296449e-03 -2.402724e-02 9.996973e-01 1.727812e+00
9.999154e-01 -1.264387e-02 3.088239e-03 1.302347e+02 1.256688e-02 9.996380e-01 2.379381e-02 1.121603e-01 -3.387969e-03 -2.375298e-02 9.997120e-01 1.736023e+00
9.999035e-01 -1.336949e-02 3.800551e-03 1.314904e+02 1.328654e-02 9.996898e-01 2.107022e-02 1.234047e-01 -4.081072e-03 -2.101769e-02 9.997707e-01 1.746274e+00
9.998796e-01 -1.441878e-02 5.740655e-03 1.327486e+02 1.430906e-02 9.997226e-01 1.871412e-02 1.335417e-01 -6.008898e-03 -1.862972e-02 9.998084e-01 1.757502e+00
9.998624e-01 -1.473657e-02 7.621324e-03 1.340112e+02 1.461377e-02 9.997665e-01 1.592427e-02 1.465669e-01 -7.854218e-03 -1.581069e-02 9.998442e-01 1.766607e+00
9.998416e-01 -1.507089e-02 9.473825e-03 1.352749e+02 1.493590e-02 9.997882e-01 1.416214e-02 1.604646e-01 -9.685257e-03 -1.401840e-02 9.998549e-01 1.773935e+00
9.998604e-01 -1.490950e-02 7.545196e-03 1.365381e+02 1.483539e-02 9.998421e-01 9.784752e-03 1.717487e-01 -7.689892e-03 -9.671451e-03 9.999237e-01 1.779117e+00
9.998720e-01 -1.489127e-02 5.867394e-03 1.378050e+02 1.484936e-02 9.998643e-01 7.123860e-03 1.822958e-01 -5.972683e-03 -7.035821e-03 9.999574e-01 1.786370e+00
9.998749e-01 -1.469376e-02 5.851989e-03 1.390724e+02 1.466138e-02 9.998773e-01 5.538187e-03 1.948128e-01 -5.932648e-03 -5.451698e-03 9.999676e-01 1.795473e+00
9.998763e-01 -1.442769e-02 6.272027e-03 1.403463e+02 1.439330e-02 9.998813e-01 5.492882e-03 2.112105e-01 -6.350535e-03 -5.401927e-03 9.999653e-01 1.805591e+00
9.998730e-01 -1.375383e-02 8.053042e-03 1.416220e+02 1.370679e-02 9.998890e-01 5.867213e-03 2.281648e-01 -8.132847e-03 -5.756085e-03 9.999503e-01 1.814868e+00
9.998662e-01 -1.311198e-02 9.787451e-03 1.428965e+02 1.302905e-02 9.998791e-01 8.489560e-03 2.478653e-01 -9.897584e-03 -8.360904e-03 9.999161e-01 1.823337e+00
9.998811e-01 -1.252510e-02 8.992193e-03 1.441693e+02 1.244815e-02 9.998859e-01 8.563395e-03 2.641307e-01 -9.098425e-03 -8.450441e-03 9.999229e-01 1.830346e+00
9.999068e-01 -1.207867e-02 6.385048e-03 1.454403e+02 1.202184e-02 9.998885e-01 8.864452e-03 2.798337e-01 -6.491410e-03 -8.786864e-03 9.999404e-01 1.837187e+00
9.999231e-01 -1.162823e-02 4.318644e-03 1.467102e+02 1.158890e-02 9.998921e-01 9.021776e-03 2.956565e-01 -4.423087e-03 -8.971036e-03 9.999500e-01 1.847868e+00
9.999360e-01 -1.131349e-02 2.082488e-04 1.479771e+02 1.131154e-02 9.999061e-01 7.738306e-03 3.085152e-01 -2.957778e-04 -7.735454e-03 9.999701e-01 1.862424e+00
9.999369e-01 -1.075929e-02 -3.276672e-03 1.492429e+02 1.078467e-02 9.999113e-01 7.826807e-03 3.230366e-01 3.192168e-03 -7.861649e-03 9.999640e-01 1.878853e+00
9.999345e-01 -1.057253e-02 -4.396216e-03 1.505084e+02 1.060566e-02 9.999151e-01 7.582360e-03 3.365889e-01 4.315675e-03 -7.628487e-03 9.999616e-01 1.900896e+00
9.999350e-01 -1.066888e-02 -4.010051e-03 1.517725e+02 1.069838e-02 9.999155e-01 7.408175e-03 3.488339e-01 3.930673e-03 -7.450593e-03 9.999645e-01 1.926633e+00
9.999367e-01 -1.064159e-02 -3.665772e-03 1.530413e+02 1.067084e-02 9.999107e-01 8.054315e-03 3.639705e-01 3.579733e-03 -8.092920e-03 9.999609e-01 1.949606e+00
9.999375e-01 -1.090735e-02 -2.456158e-03 1.543051e+02 1.092873e-02 9.999009e-01 8.865453e-03 3.786906e-01 2.359214e-03 -8.891740e-03 9.999577e-01 1.972135e+00
9.999359e-01 -1.117120e-02 -1.894667e-03 1.555703e+02 1.118841e-02 9.998939e-01 9.333813e-03 3.954321e-01 1.790194e-03 -9.354413e-03 9.999546e-01 1.991964e+00
9.999291e-01 -1.170981e-02 -2.154469e-03 1.568341e+02 1.172998e-02 9.998852e-01 9.598712e-03 4.105257e-01 2.041820e-03 -9.623303e-03 9.999517e-01 2.011077e+00
9.999218e-01 -1.235300e-02 -1.989255e-03 1.580952e+02 1.237213e-02 9.998744e-01 9.914925e-03 4.267452e-01 1.866523e-03 -9.938762e-03 9.999489e-01 2.029915e+00
9.999144e-01 -1.305212e-02 -8.910624e-04 1.593598e+02 1.305988e-02 9.998710e-01 9.353397e-03 4.419733e-01 7.688641e-04 -9.364237e-03 9.999559e-01 2.049848e+00
9.999058e-01 -1.372248e-02 -5.962793e-04 1.606216e+02 1.372785e-02 9.998536e-01 1.021903e-02 4.596892e-01 4.559592e-04 -1.022625e-02 9.999475e-01 2.069904e+00
9.998963e-01 -1.431929e-02 -1.543060e-03 1.618821e+02 1.433472e-02 9.998422e-01 1.050155e-02 4.774565e-01 1.392440e-03 -1.052259e-02 9.999436e-01 2.089497e+00
9.998821e-01 -1.512444e-02 -2.655505e-03 1.631443e+02 1.515264e-02 9.998254e-01 1.094207e-02 4.967671e-01 2.489548e-03 -1.098102e-02 9.999366e-01 2.108183e+00
9.998726e-01 -1.574283e-02 -2.657808e-03 1.644086e+02 1.577309e-02 9.998062e-01 1.177645e-02 5.179417e-01 2.471898e-03 -1.181687e-02 9.999271e-01 2.129047e+00
9.998602e-01 -1.638836e-02 -3.343844e-03 1.656703e+02 1.642567e-02 9.997994e-01 1.145494e-02 5.379332e-01 3.155444e-03 -1.150827e-02 9.999288e-01 2.151427e+00
9.998421e-01 -1.717835e-02 -4.558865e-03 1.669329e+02 1.723071e-02 9.997830e-01 1.170692e-02 5.591424e-01 4.356768e-03 -1.178362e-02 9.999210e-01 2.173499e+00
9.998320e-01 -1.779955e-02 -4.409278e-03 1.681953e+02 1.785082e-02 9.997701e-01 1.187803e-02 5.807585e-01 4.196839e-03 -1.195474e-02 9.999197e-01 2.195925e+00
9.998235e-01 -1.854675e-02 -2.999828e-03 1.694605e+02 1.858209e-02 9.997526e-01 1.221987e-02 6.038818e-01 2.772448e-03 -1.227346e-02 9.999208e-01 2.219632e+00
9.998107e-01 -1.929687e-02 -2.543218e-03 1.707241e+02 1.932671e-02 9.997377e-01 1.228759e-02 6.275614e-01 2.305437e-03 -1.233441e-02 9.999213e-01 2.242440e+00
9.997985e-01 -1.994478e-02 -2.255442e-03 1.719903e+02 1.997176e-02 9.997206e-01 1.264599e-02 6.523657e-01 2.002591e-03 -1.268848e-02 9.999175e-01 2.263782e+00
9.997845e-01 -2.067428e-02 -1.912715e-03 1.732542e+02 2.069755e-02 9.997002e-01 1.307811e-02 6.781929e-01 1.641759e-03 -1.311488e-02 9.999126e-01 2.284518e+00
9.997703e-01 -2.126265e-02 -2.702377e-03 1.745183e+02 2.129674e-02 9.996849e-01 1.328499e-02 7.048159e-01 2.419052e-03 -1.333949e-02 9.999082e-01 2.305759e+00
9.997589e-01 -2.169416e-02 -3.397112e-03 1.757792e+02 2.174069e-02 9.996611e-01 1.431461e-02 7.317513e-01 3.085417e-03 -1.438502e-02 9.998918e-01 2.326890e+00
9.997513e-01 -2.211257e-02 -2.892812e-03 1.770469e+02 2.215231e-02 9.996494e-01 1.451253e-02 7.578915e-01 2.570889e-03 -1.457301e-02 9.998905e-01 2.349751e+00
9.997412e-01 -2.243291e-02 -3.797475e-03 1.783097e+02 2.248553e-02 9.996429e-01 1.443287e-02 7.842140e-01 3.472346e-03 -1.451452e-02 9.998886e-01 2.373080e+00
9.997316e-01 -2.247093e-02 -5.662081e-03 1.795699e+02 2.254363e-02 9.996597e-01 1.312029e-02 8.081206e-01 5.365328e-03 -1.324441e-02 9.998978e-01 2.396397e+00
9.997273e-01 -2.275093e-02 -5.272433e-03 1.808316e+02 2.280365e-02 9.996882e-01 1.016605e-02 8.311633e-01 5.039501e-03 -1.028350e-02 9.999344e-01 2.420168e+00
9.997312e-01 -2.310151e-02 -2.037439e-03 1.820936e+02 2.312095e-02 9.996817e-01 1.010041e-02 8.560593e-01 1.803453e-03 -1.014480e-02 9.999469e-01 2.443408e+00
9.997240e-01 -2.328707e-02 3.121936e-03 1.833587e+02 2.325524e-02 9.996809e-01 9.870577e-03 8.823990e-01 -3.350797e-03 -9.795251e-03 9.999465e-01 2.464613e+00
9.997217e-01 -2.347391e-02 2.347843e-03 1.846155e+02 2.344880e-02 9.996729e-01 1.020430e-02 9.103407e-01 -2.586612e-03 -1.014640e-02 9.999452e-01 2.480882e+00
9.997310e-01 -2.318193e-02 -7.627518e-04 1.858652e+02 2.318936e-02 9.996607e-01 1.186807e-02 9.397455e-01 4.873667e-04 -1.188256e-02 9.999293e-01 2.497060e+00
9.997208e-01 -2.344070e-02 -2.987855e-03 1.871144e+02 2.347538e-02 9.996506e-01 1.215547e-02 9.680376e-01 2.701877e-03 -1.222222e-02 9.999217e-01 2.516600e+00
9.997171e-01 -2.361341e-02 -2.896686e-03 1.883612e+02 2.364586e-02 9.996516e-01 1.173309e-02 9.941602e-01 2.618617e-03 -1.179827e-02 9.999270e-01 2.539068e+00
9.997215e-01 -2.356449e-02 -1.250654e-03 1.896083e+02 2.357761e-02 9.996527e-01 1.177468e-02 1.021096e+00 9.727548e-04 -1.180090e-02 9.999300e-01 2.560949e+00
9.997250e-01 -2.344049e-02 7.439191e-04 1.908539e+02 2.343000e-02 9.996550e-01 1.187366e-02 1.047709e+00 -1.021988e-03 -1.185297e-02 9.999292e-01 2.582939e+00
9.997377e-01 -2.284047e-02 1.716787e-03 1.920930e+02 2.281968e-02 9.996760e-01 1.128212e-02 1.072406e+00 -1.973922e-03 -1.123998e-02 9.999349e-01 2.604137e+00
9.997681e-01 -2.149796e-02 1.267134e-03 1.933270e+02 2.148225e-02 9.997051e-01 1.132614e-02 1.095820e+00 -1.510251e-03 -1.129630e-02 9.999350e-01 2.625278e+00
9.997982e-01 -2.008364e-02 -3.869259e-04 1.945580e+02 2.008650e-02 9.997487e-01 9.948567e-03 1.115767e+00 1.870235e-04 -9.954338e-03 9.999505e-01 2.645606e+00
9.998215e-01 -1.880960e-02 -1.794338e-03 1.957847e+02 1.882648e-02 9.997737e-01 9.907771e-03 1.134755e+00 1.607570e-03 -9.939780e-03 9.999493e-01 2.669070e+00
9.998447e-01 -1.743819e-02 -2.576440e-03 1.970055e+02 1.746078e-02 9.998069e-01 9.020280e-03 1.150586e+00 2.418645e-03 -9.063867e-03 9.999560e-01 2.693827e+00
9.998672e-01 -1.620951e-02 -1.693303e-03 1.982228e+02 1.622436e-02 9.998264e-01 9.162227e-03 1.166526e+00 1.544493e-03 -9.188484e-03 9.999565e-01 2.718761e+00
9.998897e-01 -1.485006e-02 3.443100e-04 1.994360e+02 1.484643e-02 9.998506e-01 8.857004e-03 1.180546e+00 -4.757862e-04 -8.850916e-03 9.999607e-01 2.742542e+00
9.999059e-01 -1.370004e-02 7.729894e-04 2.006439e+02 1.369203e-02 9.998606e-01 9.563941e-03 1.194447e+00 -9.039100e-04 -9.552456e-03 9.999540e-01 2.765300e+00
9.999203e-01 -1.260823e-02 6.017261e-04 2.018456e+02 1.260204e-02 9.998768e-01 9.362372e-03 1.206220e+00 -7.196963e-04 -9.354045e-03 9.999560e-01 2.786335e+00
9.999321e-01 -1.162242e-02 9.159818e-04 2.030406e+02 1.161294e-02 9.998850e-01 9.752426e-03 1.216713e+00 -1.029225e-03 -9.741127e-03 9.999520e-01 2.806875e+00
9.999440e-01 -1.051147e-02 1.351792e-03 2.042286e+02 1.049740e-02 9.998947e-01 1.001909e-02 1.225008e+00 -1.456969e-03 -1.000434e-02 9.999489e-01 2.828937e+00
9.999521e-01 -9.737959e-03 1.023299e-03 2.054075e+02 9.727230e-03 9.999026e-01 1.001256e-02 1.232763e+00 -1.120703e-03 -1.000213e-02 9.999493e-01 2.848073e+00
9.999604e-01 -8.842359e-03 1.146091e-03 2.065781e+02 8.830382e-03 9.999104e-01 1.006415e-02 1.240109e+00 -1.234981e-03 -1.005364e-02 9.999487e-01 2.867805e+00
9.999650e-01 -8.273443e-03 1.326634e-03 2.077352e+02 8.261335e-03 9.999264e-01 8.886314e-03 1.244801e+00 -1.400060e-03 -8.875040e-03 9.999596e-01 2.887718e+00
9.999657e-01 -8.062625e-03 1.916742e-03 2.088782e+02 8.045619e-03 9.999297e-01 8.720254e-03 1.249770e+00 -1.986918e-03 -8.704534e-03 9.999602e-01 2.907246e+00
9.999594e-01 -8.391283e-03 3.297329e-03 2.100081e+02 8.363873e-03 9.999312e-01 8.240550e-03 1.254727e+00 -3.366253e-03 -8.212635e-03 9.999606e-01 2.927246e+00
9.999534e-01 -9.082685e-03 3.253021e-03 2.111201e+02 9.054825e-03 9.999231e-01 8.478818e-03 1.262706e+00 -3.329783e-03 -8.448967e-03 9.999587e-01 2.944856e+00
9.999529e-01 -9.442805e-03 2.262534e-03 2.122172e+02 9.422652e-03 9.999173e-01 8.757776e-03 1.272115e+00 -2.345046e-03 -8.736043e-03 9.999592e-01 2.962540e+00
9.999504e-01 -9.868895e-03 1.361815e-03 2.133015e+02 9.856157e-03 9.999104e-01 9.062945e-03 1.282613e+00 -1.451136e-03 -9.049074e-03 9.999580e-01 2.980055e+00
9.999450e-01 -1.042461e-02 1.161335e-03 2.143721e+02 1.041375e-02 9.999053e-01 8.994713e-03 1.292559e+00 -1.254993e-03 -8.982125e-03 9.999589e-01 2.998320e+00
9.999328e-01 -1.153748e-02 1.223844e-03 2.154315e+02 1.152676e-02 9.998980e-01 8.433050e-03 1.303010e+00 -1.321018e-03 -8.418377e-03 9.999637e-01 3.016845e+00
9.999119e-01 -1.313258e-02 1.958391e-03 2.164753e+02 1.311645e-02 9.998816e-01 8.039991e-03 1.313902e+00 -2.063748e-03 -8.013594e-03 9.999657e-01 3.035213e+00
9.998801e-01 -1.511021e-02 3.400008e-03 2.175128e+02 1.508623e-02 9.998620e-01 6.971145e-03 1.325021e+00 -3.504877e-03 -6.919016e-03 9.999700e-01 3.052652e+00
9.998342e-01 -1.734748e-02 5.532289e-03 2.185354e+02 1.730756e-02 9.998245e-01 7.181932e-03 1.340134e+00 -5.655909e-03 -7.084992e-03 9.999589e-01 3.068928e+00
9.997922e-01 -1.959233e-02 5.626925e-03 2.195393e+02 1.955060e-02 9.997817e-01 7.377450e-03 1.358003e+00 -5.770240e-03 -7.265908e-03 9.999570e-01 3.084337e+00
9.997397e-01 -2.227064e-02 4.957605e-03 2.205230e+02 2.223193e-02 9.997230e-01 7.733344e-03 1.378847e+00 -5.128460e-03 -7.621112e-03 9.999577e-01 3.096809e+00
9.996750e-01 -2.500427e-02 4.968536e-03 2.214893e+02 2.496511e-02 9.996580e-01 7.793204e-03 1.400376e+00 -5.161700e-03 -7.666634e-03 9.999573e-01 3.110065e+00
9.995959e-01 -2.787260e-02 5.588094e-03 2.224310e+02 2.782545e-02 9.995779e-01 8.344078e-03 1.424669e+00 -5.818311e-03 -8.185214e-03 9.999495e-01 3.125227e+00
9.995084e-01 -3.086204e-02 5.528990e-03 2.233513e+02 3.081336e-02 9.994875e-01 8.681220e-03 1.450769e+00 -5.794080e-03 -8.506585e-03 9.999470e-01 3.140521e+00
9.994133e-01 -3.391336e-02 4.812075e-03 2.242479e+02 3.387110e-02 9.993891e-01 8.607068e-03 1.478540e+00 -5.101034e-03 -8.439029e-03 9.999514e-01 3.154556e+00
9.993010e-01 -3.713352e-02 4.317436e-03 2.251220e+02 3.709641e-02 9.992766e-01 8.378581e-03 1.507854e+00 -4.625441e-03 -8.212565e-03 9.999556e-01 3.168661e+00
9.991814e-01 -4.025088e-02 4.039289e-03 2.259752e+02 4.021080e-02 9.991454e-01 9.555267e-03 1.541293e+00 -4.420449e-03 -9.385024e-03 9.999461e-01 3.183796e+00
9.990599e-01 -4.323771e-02 3.126606e-03 2.268049e+02 4.320516e-02 9.990180e-01 9.820741e-03 1.575433e+00 -3.548163e-03 -9.676427e-03 9.999469e-01 3.199563e+00
9.989541e-01 -4.561634e-02 3.137641e-03 2.276178e+02 4.557661e-02 9.988919e-01 1.173972e-02 1.613121e+00 -3.669689e-03 -1.158444e-02 9.999261e-01 3.213287e+00
9.989153e-01 -4.644759e-02 3.278305e-03 2.284116e+02 4.640313e-02 9.988441e-01 1.253858e-02 1.649214e+00 -3.856905e-03 -1.237286e-02 9.999160e-01 3.226635e+00
9.989200e-01 -4.625105e-02 4.444078e-03 2.291888e+02 4.619189e-02 9.988531e-01 1.260207e-02 1.683215e+00 -5.021841e-03 -1.238318e-02 9.999108e-01 3.240543e+00
9.989384e-01 -4.576226e-02 5.285443e-03 2.299466e+02 4.569216e-02 9.988748e-01 1.269840e-02 1.715279e+00 -5.860606e-03 -1.244342e-02 9.999054e-01 3.254551e+00
9.989559e-01 -4.543880e-02 4.734922e-03 2.306878e+02 4.537663e-02 9.988918e-01 1.249865e-02 1.746225e+00 -5.297600e-03 -1.227074e-02 9.999107e-01 3.267416e+00
9.989792e-01 -4.508560e-02 2.792690e-03 2.314183e+02 4.504580e-02 9.989008e-01 1.297175e-02 1.777661e+00 -3.374462e-03 -1.283272e-02 9.999119e-01 3.278187e+00
9.990218e-01 -4.421652e-02 6.240108e-04 2.321457e+02 4.420469e-02 9.989380e-01 1.299532e-02 1.807399e+00 -1.197957e-03 -1.295503e-02 9.999154e-01 3.289448e+00
9.990720e-01 -4.306503e-02 -7.166290e-04 2.328684e+02 4.307071e-02 9.989871e-01 1.302739e-02 1.836666e+00 1.548780e-04 -1.304617e-02 9.999150e-01 3.301279e+00
9.991341e-01 -4.158629e-02 -1.192128e-03 2.335902e+02 4.159878e-02 9.990396e-01 1.376289e-02 1.865181e+00 6.186338e-04 -1.380055e-02 9.999046e-01 3.314190e+00
9.992034e-01 -3.988246e-02 -1.394645e-03 2.343080e+02 3.989742e-02 9.991165e-01 1.320733e-02 1.890518e+00 8.666702e-04 -1.325245e-02 9.999118e-01 3.327012e+00
9.992756e-01 -3.803363e-02 -1.356296e-03 2.350220e+02 3.804810e-02 9.991909e-01 1.303618e-02 1.914469e+00 8.593840e-04 -1.307834e-02 9.999142e-01 3.340004e+00
9.993513e-01 -3.598895e-02 -1.389403e-03 2.357327e+02 3.600412e-02 9.992654e-01 1.312799e-02 1.938867e+00 9.159185e-04 -1.316951e-02 9.999129e-01 3.352476e+00
9.994247e-01 -3.387925e-02 -1.624171e-03 2.364392e+02 3.389740e-02 9.993421e-01 1.288883e-02 1.960596e+00 1.186436e-03 -1.293647e-02 9.999156e-01 3.364691e+00
9.995183e-01 -3.100708e-02 -1.325019e-03 2.371424e+02 3.102172e-02 9.994339e-01 1.302213e-02 1.981280e+00 9.204899e-04 -1.305696e-02 9.999143e-01 3.375721e+00
9.996134e-01 -2.779645e-02 -7.155156e-04 2.378424e+02 2.780308e-02 9.995399e-01 1.212806e-02 1.997849e+00 3.780671e-04 -1.214327e-02 9.999263e-01 3.386709e+00
9.996899e-01 -2.490468e-02 -1.700581e-04 2.385387e+02 2.490504e-02 9.996282e-01 1.110444e-02 2.011365e+00 -1.065591e-04 -1.110523e-02 9.999383e-01 3.399981e+00
9.997600e-01 -2.190604e-02 8.713547e-05 2.392312e+02 2.190380e-02 9.997013e-01 1.084580e-02 2.023252e+00 -3.246977e-04 -1.084129e-02 9.999412e-01 3.413563e+00
9.998206e-01 -1.894028e-02 -1.591453e-04 2.399192e+02 1.894091e-02 9.997658e-01 1.047547e-02 2.033231e+00 -3.930088e-05 -1.047660e-02 9.999451e-01 3.427091e+00
9.998710e-01 -1.605515e-02 -5.726768e-04 2.406067e+02 1.606019e-02 9.998182e-01 1.027768e-02 2.041149e+00 4.075612e-04 -1.028555e-02 9.999470e-01 3.438722e+00
9.999132e-01 -1.309615e-02 -1.466251e-03 2.412954e+02 1.311183e-02 9.998506e-01 1.125880e-02 2.048740e+00 1.318582e-03 -1.127705e-02 9.999356e-01 3.450472e+00
9.999456e-01 -1.022034e-02 -2.102267e-03 2.419888e+02 1.024327e-02 9.998849e-01 1.119872e-02 2.054449e+00 1.987569e-03 -1.121964e-02 9.999351e-01 3.463243e+00
9.999721e-01 -7.388281e-03 -1.155628e-03 2.426852e+02 7.400821e-03 9.999093e-01 1.125268e-02 2.058008e+00 1.072383e-03 -1.126093e-02 9.999360e-01 3.475440e+00
9.999883e-01 -4.830875e-03 -4.551937e-04 2.433878e+02 4.835904e-03 9.999189e-01 1.178557e-02 2.062551e+00 3.982205e-04 -1.178764e-02 9.999305e-01 3.487265e+00
9.999966e-01 -2.522984e-03 -5.868082e-04 2.440910e+02 2.529586e-03 9.999302e-01 1.153857e-02 2.064105e+00 5.576559e-04 -1.154001e-02 9.999333e-01 3.498775e+00
9.999985e-01 -2.108697e-04 -1.764975e-03 2.447954e+02 2.309674e-04 9.999351e-01 1.139450e-02 2.064716e+00 1.762457e-03 -1.139489e-02 9.999335e-01 3.509820e+00
9.999895e-01 1.552702e-03 -4.332058e-03 2.455034e+02 -1.502387e-03 9.999317e-01 1.159391e-02 2.063681e+00 4.349764e-03 -1.158729e-02 9.999234e-01 3.518841e+00
9.999797e-01 2.531614e-03 -5.867767e-03 2.462181e+02 -2.467705e-03 9.999379e-01 1.087318e-02 2.061500e+00 5.894927e-03 -1.085848e-02 9.999236e-01 3.527931e+00
9.999739e-01 2.729721e-03 -6.696561e-03 2.469400e+02 -2.657288e-03 9.999382e-01 1.080169e-02 2.058275e+00 6.725634e-03 -1.078361e-02 9.999193e-01 3.540055e+00
9.999719e-01 2.909382e-03 -6.921471e-03 2.476678e+02 -2.839782e-03 9.999456e-01 1.004427e-02 2.055133e+00 6.950316e-03 -1.002433e-02 9.999256e-01 3.554290e+00
9.999701e-01 3.086344e-03 -7.091926e-03 2.484016e+02 -3.008523e-03 9.999355e-01 1.095777e-02 2.053618e+00 7.125288e-03 -1.093612e-02 9.999148e-01 3.568852e+00
9.999641e-01 3.399590e-03 -7.777298e-03 2.491435e+02 -3.307707e-03 9.999250e-01 1.179696e-02 2.052582e+00 7.816818e-03 -1.177080e-02 9.999002e-01 3.584595e+00
9.999457e-01 3.643321e-03 -9.769698e-03 2.498894e+02 -3.534548e-03 9.999319e-01 1.112803e-02 2.049835e+00 9.809575e-03 -1.109290e-02 9.998904e-01 3.599673e+00
9.999247e-01 4.041443e-03 -1.158986e-02 2.506421e+02 -3.956185e-03 9.999651e-01 7.369800e-03 2.042619e+00 1.161924e-02 -7.323394e-03 9.999058e-01 3.615545e+00
9.999117e-01 4.373393e-03 -1.255941e-02 2.514029e+02 -4.322519e-03 9.999824e-01 4.075066e-03 2.034822e+00 1.257701e-02 -4.020419e-03 9.999128e-01 3.629184e+00
9.999431e-01 4.935390e-03 -9.464281e-03 2.521774e+02 -4.881753e-03 9.999720e-01 5.682224e-03 2.033807e+00 9.492057e-03 -5.635698e-03 9.999390e-01 3.642745e+00
9.999793e-01 5.511414e-03 -3.343788e-03 2.529619e+02 -5.477556e-03 9.999346e-01 1.005179e-02 2.037704e+00 3.398968e-03 -1.003326e-02 9.999439e-01 3.658787e+00
9.999792e-01 6.299773e-03 1.370936e-03 2.537495e+02 -6.312902e-03 9.999321e-01 9.792405e-03 2.033721e+00 -1.309153e-03 -9.800859e-03 9.999512e-01 3.672489e+00
9.999661e-01 8.221189e-03 -5.331882e-04 2.545441e+02 -8.216459e-03 9.999315e-01 8.337232e-03 2.023780e+00 6.016931e-04 -8.332571e-03 9.999651e-01 3.682557e+00
9.999016e-01 1.225218e-02 -6.842287e-03 2.553386e+02 -1.218690e-02 9.998806e-01 9.503637e-03 2.017723e+00 6.957911e-03 -9.419316e-03 9.999315e-01 3.687854e+00
9.998035e-01 1.625962e-02 -1.134517e-02 2.561447e+02 -1.612706e-02 9.998017e-01 1.167816e-02 2.009626e+00 1.153280e-02 -1.149290e-02 9.998674e-01 3.697514e+00
9.997486e-01 1.946711e-02 -1.113495e-02 2.569625e+02 -1.932008e-02 9.997267e-01 1.316298e-02 1.996119e+00 1.138816e-02 -1.294455e-02 9.998513e-01 3.711249e+00
9.997065e-01 2.267678e-02 -8.527489e-03 2.577910e+02 -2.257513e-02 9.996752e-01 1.183375e-02 1.976020e+00 8.793071e-03 -1.163778e-02 9.998937e-01 3.727955e+00
9.996588e-01 2.555627e-02 -5.396714e-03 2.586264e+02 -2.550814e-02 9.996359e-01 8.805413e-03 1.950563e+00 5.619781e-03 -8.664749e-03 9.999467e-01 3.744505e+00
9.995949e-01 2.823374e-02 -3.633757e-03 2.594633e+02 -2.821033e-02 9.995819e-01 6.337100e-03 1.923987e+00 3.811158e-03 -6.232024e-03 9.999734e-01 3.757656e+00
9.995021e-01 3.140460e-02 -3.047264e-03 2.603024e+02 -3.138547e-02 9.994886e-01 6.135805e-03 1.898910e+00 3.238396e-03 -6.037109e-03 9.999765e-01 3.772440e+00
9.994105e-01 3.397504e-02 -4.945131e-03 2.611367e+02 -3.393276e-02 9.993889e-01 8.396348e-03 1.873868e+00 5.227375e-03 -8.223594e-03 9.999526e-01 3.788309e+00
9.993126e-01 3.635981e-02 -7.231939e-03 2.619736e+02 -3.629518e-02 9.993017e-01 8.875609e-03 1.843468e+00 7.549605e-03 -8.607025e-03 9.999344e-01 3.802919e+00
9.992119e-01 3.895895e-02 -7.599501e-03 2.628126e+02 -3.888842e-02 9.992010e-01 9.217690e-03 1.810352e+00 7.952542e-03 -8.914894e-03 9.999287e-01 3.818134e+00
9.991084e-01 4.184644e-02 -5.599996e-03 2.636554e+02 -4.178824e-02 9.990751e-01 1.013558e-02 1.776834e+00 6.018954e-03 -9.892526e-03 9.999330e-01 3.836760e+00
9.989756e-01 4.511140e-02 -3.547410e-03 2.644976e+02 -4.506724e-02 9.989158e-01 1.167303e-02 1.742878e+00 4.070151e-03 -1.150120e-02 9.999255e-01 3.855938e+00
9.988476e-01 4.787079e-02 -3.439201e-03 2.653372e+02 -4.782546e-02 9.987808e-01 1.223558e-02 1.704522e+00 4.020734e-03 -1.205700e-02 9.999192e-01 3.872788e+00
9.987136e-01 5.053746e-02 -4.170769e-03 2.661802e+02 -5.048368e-02 9.986513e-01 1.212272e-02 1.661067e+00 4.777795e-03 -1.189657e-02 9.999178e-01 3.888103e+00
9.985766e-01 5.314124e-02 -4.577779e-03 2.670233e+02 -5.309066e-02 9.985341e-01 1.053858e-02 1.611695e+00 5.131101e-03 -1.028054e-02 9.999340e-01 3.903323e+00
9.984803e-01 5.495377e-02 -4.155617e-03 2.678693e+02 -5.492138e-02 9.984623e-01 7.540735e-03 1.560723e+00 4.563620e-03 -7.301045e-03 9.999630e-01 3.917269e+00
9.984298e-01 5.586736e-02 -4.106819e-03 2.687169e+02 -5.584186e-02 9.984212e-01 6.078613e-03 1.508453e+00 4.439930e-03 -5.839735e-03 9.999731e-01 3.931328e+00
9.983971e-01 5.644726e-02 -4.152196e-03 2.695641e+02 -5.642485e-02 9.983926e-01 5.329990e-03 1.459073e+00 4.446384e-03 -5.087158e-03 9.999771e-01 3.947077e+00
9.983684e-01 5.695759e-02 -4.072743e-03 2.704165e+02 -5.693609e-02 9.983643e-01 5.213161e-03 1.409010e+00 4.363009e-03 -4.972769e-03 9.999782e-01 3.963150e+00
9.983717e-01 5.692899e-02 -3.640005e-03 2.712691e+02 -5.690974e-02 9.983659e-01 5.187797e-03 1.359154e+00 3.929392e-03 -4.972199e-03 9.999800e-01 3.978434e+00
9.984050e-01 5.637903e-02 -3.011592e-03 2.721242e+02 -5.636111e-02 9.983941e-01 5.733502e-03 1.311048e+00 3.330004e-03 -5.554620e-03 9.999791e-01 3.995871e+00
9.984644e-01 5.526894e-02 -3.774509e-03 2.729782e+02 -5.524833e-02 9.984583e-01 5.361252e-03 1.262809e+00 4.065000e-03 -5.144484e-03 9.999785e-01 4.012661e+00
