1.000000e+00 0.000000e+00 -4.656613e-10 0.000000e+00 -1.164153e-10 1.000000e+00 1.091394e-11 4.656613e-10 -4.656613e-10 9.376890e-10 1.000000e+00 0.000000e+00
9.999797e-01 -6.385930e-03 2.609403e-04 9.155807e-02 6.385809e-03 9.999795e-01 4.604045e-04 2.320159e-03 -2.638763e-04 -4.587281e-04 9.999999e-01 1.529485e-03
9.999101e-01 -1.341397e-02 9.293249e-05 1.857526e-01 1.341387e-02 9.999096e-01 9.735088e-04 5.239914e-03 -1.059840e-04 -9.721740e-04 9.999995e-01 3.264017e-03
9.997807e-01 -2.093315e-02 -5.971738e-04 2.834654e-01 2.093389e-02 9.997801e-01 1.250111e-03 1.007795e-02 5.708728e-04 -1.262338e-03 9.999990e-01 4.962295e-03
9.995455e-01 -3.007544e-02 -2.086639e-03 3.872476e-01 3.007926e-02 9.995459e-01 1.830096e-03 1.798205e-02 2.030650e-03 -1.892028e-03 9.999961e-01 3.753856e-03
9.991360e-01 -4.137263e-02 -3.955061e-03 5.010457e-01 4.138062e-02 9.991415e-01 1.962247e-03 2.811545e-02 3.870481e-03 -2.124214e-03 9.999903e-01 3.088973e-03
9.984810e-01 -5.487140e-02 -5.017903e-03 6.279496e-01 5.488096e-02 9.984913e-01 1.786186e-03 4.062405e-02 4.912321e-03 -2.058860e-03 9.999858e-01 2.819002e-03
9.974670e-01 -7.094426e-02 -5.166465e-03 7.672482e-01 7.095411e-02 9.974781e-01 1.751338e-03 5.775368e-02 5.029188e-03 -2.113484e-03 9.999852e-01 2.989173e-03
9.959698e-01 -8.953456e-02 -5.274388e-03 9.199452e-01 8.953784e-02 9.959833e-01 3.869089e-04 7.745181e-02 5.218558e-03 -8.576065e-04 9.999860e-01 3.499255e-03
9.939736e-01 -1.094881e-01 -5.362668e-03 1.083308e+00 1.094837e-01 9.939880e-01 -1.106296e-03 1.028532e-01 5.451552e-03 5.125069e-04 9.999850e-01 4.243053e-03
9.912872e-01 -1.315937e-01 -5.727800e-03 1.253633e+00 1.315881e-01 9.913037e-01 -1.365521e-03 1.351808e-01 5.857681e-03 5.999161e-04 9.999827e-01 7.423192e-03
9.877736e-01 -1.557083e-01 -7.645838e-03 1.428942e+00 1.557264e-01 9.877986e-01 1.832186e-03 1.779444e-01 7.267260e-03 -3.000444e-03 9.999691e-01 1.282057e-02
9.834151e-01 -1.810684e-01 -1.043767e-02 1.608725e+00 1.811366e-01 9.834397e-01 5.991584e-03 2.302653e-01 9.179934e-03 -7.782861e-03 9.999276e-01 1.999686e-02
9.780872e-01 -2.078363e-01 -1.222594e-02 1.794913e+00 2.079540e-01 9.780944e-01 9.298136e-03 2.893368e-01 1.002563e-02 -1.163683e-02 9.998820e-01 2.721144e-02
9.713615e-01 -2.372343e-01 -1.329815e-02 1.987685e+00 2.373709e-01 9.713694e-01 9.836965e-03 3.541304e-01 1.058375e-02 -1.271184e-02 9.998633e-01 3.018469e-02
9.633213e-01 -2.679973e-01 -1.376895e-02 2.184144e+00 2.681568e-01 9.633074e-01 1.143510e-02 4.294391e-01 1.019915e-02 -1.470791e-02 9.998398e-01 3.233426e-02
9.538844e-01 -2.998485e-01 -1.398322e-02 2.383041e+00 3.000302e-01 9.538345e-01 1.347886e-02 5.161372e-01 9.296066e-03 -1.705267e-02 9.998112e-01 3.542108e-02
9.426289e-01 -3.335360e-01 -1.431235e-02 2.583763e+00 3.337362e-01 9.425449e-01 1.513925e-02 6.093402e-01 8.440545e-03 -1.904724e-02 9.997829e-01 3.764246e-02
9.301298e-01 -3.668892e-01 -1.583824e-02 2.780477e+00 3.671365e-01 9.300034e-01 1.745002e-02 7.125914e-01 8.327390e-03 -2.204558e-02 9.997222e-01 3.990218e-02
9.162640e-01 -4.001943e-01 -1.746714e-02 2.977166e+00 4.004975e-01 9.160739e-01 2.025706e-02 8.305491e-01 7.894428e-03 -2.555636e-02 9.996422e-01 3.684714e-02
9.002138e-01 -4.350619e-01 -1.833950e-02 3.174174e+00 4.353839e-01 9.000061e-01 2.073275e-02 9.534305e-01 7.485629e-03 -2.664864e-02 9.996168e-01 3.256816e-02
8.817378e-01 -4.713736e-01 -1.858805e-02 3.371392e+00 4.716615e-01 8.816248e-01 1.652793e-02 1.079738e+00 8.596858e-03 -2.334058e-02 9.996907e-01 2.826132e-02
8.605154e-01 -5.091245e-01 -1.748537e-02 3.568565e+00 5.093383e-01 8.604948e-01 1.111285e-02 1.216029e+00 9.388230e-03 -1.846875e-02 9.997853e-01 2.746074e-02
8.358475e-01 -5.487255e-01 -1.610835e-02 3.760277e+00 5.489188e-01 8.357897e-01 1.199252e-02 1.374391e+00 6.882581e-03 -1.886609e-02 9.997983e-01 3.101779e-02
8.071948e-01 -5.900483e-01 -1.672559e-02 3.944412e+00 5.902792e-01 8.069906e-01 1.834806e-02 1.557707e+00 2.671149e-03 -2.468323e-02 9.996918e-01 3.691214e-02
7.750986e-01 -6.315700e-01 -1.847989e-02 4.123978e+00 6.318394e-01 7.748155e-01 2.097530e-02 1.751352e+00 1.071129e-03 -2.793424e-02 9.996091e-01 4.041520e-02
7.394148e-01 -6.729617e-01 -1.970981e-02 4.302389e+00 6.732498e-01 7.391279e-01 2.060517e-02 1.955491e+00 7.015713e-04 -2.850539e-02 9.995933e-01 4.338608e-02
7.000836e-01 -7.138749e-01 -1.630488e-02 4.482491e+00 7.140609e-01 6.999010e-01 1.598839e-02 2.168730e+00 -1.907349e-06 -2.283590e-02 9.997392e-01 4.400961e-02
6.576086e-01 -7.532411e-01 -1.337833e-02 4.655526e+00 7.533597e-01 6.574998e-01 1.196684e-02 2.402444e+00 -2.176724e-04 -1.794818e-02 9.998388e-01 4.475574e-02
6.132703e-01 -7.897967e-01 -1.099181e-02 4.817715e+00 7.898706e-01 6.131732e-01 1.108986e-02 2.655684e+00 -2.018849e-03 -1.548319e-02 9.998781e-01 4.652279e-02
5.655645e-01 -8.246585e-01 -8.671395e-03 4.970906e+00 8.246915e-01 5.654666e-01 1.145703e-02 2.930022e+00 -4.544759e-03 -1.363092e-02 9.998968e-01 4.734120e-02
5.147805e-01 -8.572911e-01 -7.292663e-03 5.112077e+00 8.573008e-01 5.146889e-01 1.144342e-02 3.221016e+00 -6.056894e-03 -1.214285e-02 9.999079e-01 4.686667e-02
4.622897e-01 -8.867046e-01 -6.583325e-03 5.239155e+00 8.866917e-01 4.621894e-01 1.260223e-02 3.529988e+00 -8.131721e-03 -1.166325e-02 9.998989e-01 4.569853e-02
4.081589e-01 -9.128941e-01 -5.544691e-03 5.353947e+00 9.128487e-01 4.080527e-01 1.415108e-02 3.861162e+00 -1.065592e-02 -1.083735e-02 9.998845e-01 4.238549e-02
3.528631e-01 -9.356576e-01 -5.718860e-03 5.453218e+00 9.355907e-01 3.527426e-01 1.558314e-02 4.210513e+00 -1.256321e-02 -1.084922e-02 9.998622e-01 3.983249e-02
2.977389e-01 -9.546411e-01 -3.490099e-03 5.541010e+00 9.545083e-01 2.976312e-01 1.815310e-02 4.580767e+00 -1.629094e-02 -8.736209e-03 9.998291e-01 3.987019e-02
2.438250e-01 -9.698194e-01 -1.346228e-04 5.618367e+00 9.696280e-01 2.437742e-01 1.989143e-02 4.963753e+00 -1.925828e-02 -4.980558e-03 9.998021e-01 4.114063e-02
1.926273e-01 -9.812708e-01 1.550138e-03 5.676985e+00 9.810748e-01 1.926200e-01 1.974487e-02 5.361651e+00 -1.967367e-02 -2.282594e-03 9.998037e-01 4.031334e-02
1.449775e-01 -9.894340e-01 -1.467600e-03 5.712942e+00 9.892348e-01 1.449182e-01 2.033042e-02 5.779486e+00 -1.990293e-02 -4.399248e-03 9.997923e-01 3.664638e-02
1.020128e-01 -9.947714e-01 -4.823517e-03 5.734120e+00 9.945889e-01 1.018959e-01 2.025558e-02 6.214448e+00 -1.965818e-02 -6.863743e-03 9.997833e-01 2.973842e-02
6.378347e-02 -9.979377e-01 -7.228001e-03 5.743775e+00 9.978011e-01 6.364058e-02 1.852339e-02 6.663247e+00 -1.802520e-02 -8.393587e-03 9.998023e-01 2.088244e-02
2.903977e-02 -9.995512e-01 -7.354957e-03 5.742822e+00 9.994596e-01 2.892211e-02 1.562855e-02 7.126733e+00 -1.540882e-02 -7.804826e-03 9.998508e-01 1.377711e-02
-2.737654e-03 -9.999697e-01 -7.295391e-03 5.732851e+00 9.999152e-01 -2.830290e-03 1.271782e-02 7.603271e+00 -1.273809e-02 -7.259948e-03 9.998925e-01 1.005349e-02
-2.964680e-02 -9.995251e-01 -8.413288e-03 5.706974e+00 9.994999e-01 -2.973657e-02 1.075363e-02 8.097441e+00 -1.099871e-02 -8.090264e-03 9.999068e-01 6.075807e-03
-5.090502e-02 -9.986613e-01 -9.195237e-03 5.671975e+00 9.986660e-01 -5.098087e-02 8.211347e-03 8.605961e+00 -8.669146e-03 -8.764965e-03 9.999241e-01 -2.468005e-04
-6.732500e-02 -9.976903e-01 -9.032229e-03 5.631511e+00 9.977044e-01 -6.738658e-02 6.694823e-03 9.133620e+00 -7.288022e-03 -8.560761e-03 9.999368e-01 -8.075520e-03
-8.061620e-02 -9.967121e-01 -8.135663e-03 5.584326e+00 9.967158e-01 -8.067387e-02 7.027425e-03 9.676703e+00 -7.660668e-03 -7.542414e-03 9.999422e-01 -1.216806e-02
-9.044017e-02 -9.958568e-01 -9.485415e-03 5.530358e+00 9.958572e-01 -9.052229e-02 8.618359e-03 1.023337e+01 -9.441298e-03 -8.666667e-03 9.999179e-01 -1.127634e-02
-9.720003e-02 -9.951933e-01 -1.193744e-02 5.468760e+00 9.952013e-01 -9.732243e-02 1.013973e-02 1.080733e+01 -1.125278e-02 -1.089457e-02 9.998774e-01 -9.056278e-03
-1.017484e-01 -9.947362e-01 -1.213990e-02 5.408815e+00 9.947360e-01 -1.018823e-01 1.096400e-02 1.139436e+01 -1.214313e-02 -1.096042e-02 9.998662e-01 -1.282798e-02
-1.034865e-01 -9.945835e-01 -9.714507e-03 5.349583e+00 9.945570e-01 -1.035929e-01 1.117237e-02 1.199933e+01 -1.211822e-02 -8.505437e-03 9.998904e-01 -2.023939e-02
-1.028590e-01 -9.946663e-01 -7.692735e-03 5.287577e+00 9.945990e-01 -1.029538e-01 1.316025e-02 1.261981e+01 -1.388206e-02 -6.297533e-03 9.998838e-01 -2.568603e-02
-1.013731e-01 -9.948112e-01 -8.620717e-03 5.222017e+00 9.947072e-01 -1.015009e-01 1.597157e-02 1.325602e+01 -1.676372e-02 -6.955996e-03 9.998353e-01 -2.603418e-02
-9.945843e-02 -9.949803e-01 -1.107000e-02 5.153894e+00 9.948897e-01 -9.963154e-02 1.637327e-02 1.390766e+01 -1.739401e-02 -9.384964e-03 9.998046e-01 -2.846272e-02
-9.778716e-02 -9.951290e-01 -1.249780e-02 5.084521e+00 9.950988e-01 -9.795430e-02 1.354282e-02 1.456935e+01 -1.470107e-02 -1.111224e-02 9.998302e-01 -3.538281e-02
-9.654887e-02 -9.952455e-01 -1.283970e-02 5.017883e+00 9.952226e-01 -9.671860e-02 1.332868e-02 1.524983e+01 -1.450715e-02 -1.149148e-02 9.998288e-01 -4.500621e-02
-9.500178e-02 -9.953982e-01 -1.254070e-02 4.951878e+00 9.953360e-01 -9.519290e-02 1.564127e-02 1.594747e+01 -1.676309e-02 -1.099626e-02 9.997990e-01 -5.535916e-02
-9.312095e-02 -9.955602e-01 -1.372983e-02 4.883719e+00 9.954479e-01 -9.337384e-02 1.909823e-02 1.666172e+01 -2.029545e-02 -1.188887e-02 9.997233e-01 -6.279866e-02
-9.125553e-02 -9.957134e-01 -1.508159e-02 4.816164e+00 9.955484e-01 -9.157800e-02 2.228751e-02 1.739059e+01 -2.357313e-02 -1.298059e-02 9.996378e-01 -6.895809e-02
-8.942465e-02 -9.958631e-01 -1.612487e-02 4.749443e+00 9.957394e-01 -8.975590e-02 2.114318e-02 1.812930e+01 -2.250302e-02 -1.416544e-02 9.996464e-01 -8.165943e-02
-8.752441e-02 -9.959983e-01 -1.808774e-02 4.681657e+00 9.959661e-01 -8.785316e-02 1.825739e-02 1.888173e+01 -1.977340e-02 -1.641681e-02 9.996698e-01 -9.736484e-02
-8.592907e-02 -9.961137e-01 -1.932794e-02 4.614461e+00 9.961207e-01 -8.626658e-02 1.736255e-02 1.964593e+01 -1.896245e-02 -1.776102e-02 9.996623e-01 -1.108207e-01
-8.429300e-02 -9.962988e-01 -1.683161e-02 4.554240e+00 9.962182e-01 -8.461929e-02 1.971755e-02 2.043110e+01 -2.106887e-02 -1.510590e-02 9.996639e-01 -1.234300e-01
-8.315188e-02 -9.964303e-01 -1.458712e-02 4.493673e+00 9.962703e-01 -8.345928e-02 2.190855e-02 2.122286e+01 -2.304778e-02 -1.271098e-02 9.996536e-01 -1.336681e-01
-8.180443e-02 -9.965506e-01 -1.396402e-02 4.430384e+00 9.963269e-01 -8.212584e-02 2.424815e-02 2.202297e+01 -2.531132e-02 -1.192911e-02 9.996084e-01 -1.442635e-01
-8.111937e-02 -9.966105e-01 -1.368511e-02 4.366622e+00 9.964795e-01 -8.138508e-02 2.012662e-02 2.282279e+01 -2.117217e-02 -1.200427e-02 9.997039e-01 -1.541743e-01
-8.068264e-02 -9.966705e-01 -1.176060e-02 4.305988e+00 9.966469e-01 -8.083061e-02 1.270246e-02 2.362771e+01 -1.361078e-02 -1.069630e-02 9.998502e-01 -1.623906e-01
-8.069750e-02 -9.967074e-01 -7.902379e-03 4.247793e+00 9.967012e-01 -8.076063e-02 8.025035e-03 2.444751e+01 -8.636824e-03 -7.228705e-03 9.999366e-01 -1.720915e-01
-8.121277e-02 -9.966768e-01 -6.320402e-03 4.186575e+00 9.966646e-01 -8.125953e-02 7.530197e-03 2.527705e+01 -8.018770e-03 -5.687768e-03 9.999517e-01 -1.774670e-01
-8.101141e-02 -9.966811e-01 -8.005228e-03 4.118145e+00 9.965734e-01 -8.113188e-02 1.609016e-02 2.612041e+01 -1.668625e-02 -6.674306e-03 9.998385e-01 -1.776226e-01
-8.131204e-02 -9.966414e-01 -9.713418e-03 4.048010e+00 9.964085e-01 -8.151639e-02 2.291598e-02 2.696738e+01 -2.363082e-02 -7.815184e-03 9.996902e-01 -1.817834e-01
-8.156047e-02 -9.965944e-01 -1.214897e-02 3.974157e+00 9.962275e-01 -8.188085e-02 2.874308e-02 2.781345e+01 -2.963997e-02 -9.758831e-03 9.995130e-01 -1.898986e-01
-8.187687e-02 -9.965438e-01 -1.402240e-02 3.898942e+00 9.961734e-01 -8.226183e-02 2.952089e-02 2.865852e+01 -3.057237e-02 -1.155165e-02 9.994658e-01 -1.988450e-01
-8.228962e-02 -9.965092e-01 -1.407381e-02 3.826085e+00 9.962354e-01 -8.263696e-02 2.619311e-02 2.949808e+01 -2.726469e-02 -1.186540e-02 9.995579e-01 -2.102971e-01
-8.276392e-02 -9.964759e-01 -1.364042e-02 3.755291e+00 9.962810e-01 -8.306132e-02 2.290679e-02 3.033511e+01 -2.395906e-02 -1.169383e-02 9.996446e-01 -2.238449e-01
-8.269342e-02 -9.964579e-01 -1.528370e-02 3.682525e+00 9.962548e-01 -8.304585e-02 2.407587e-02 3.117709e+01 -2.525985e-02 -1.323554e-02 9.995933e-01 -2.358988e-01
-8.244235e-02 -9.964578e-01 -1.659105e-02 3.610634e+00 9.962000e-01 -8.286736e-02 2.680690e-02 3.201610e+01 -2.808681e-02 -1.431798e-02 9.995030e-01 -2.430899e-01
-8.243999e-02 -9.964444e-01 -1.738861e-02 3.536838e+00 9.962293e-01 -8.287039e-02 2.568393e-02 3.285699e+01 -2.703361e-02 -1.520566e-02 9.995189e-01 -2.521151e-01
-8.206033e-02 -9.964702e-01 -1.769824e-02 3.465761e+00 9.963865e-01 -8.241800e-02 2.052665e-02 3.368787e+01 -2.191287e-02 -1.594985e-02 9.996327e-01 -2.632094e-01
-8.171261e-02 -9.964834e-01 -1.854628e-02 3.396135e+00 9.965043e-01 -8.201061e-02 1.591988e-02 3.452148e+01 -1.738489e-02 -1.718060e-02 9.997012e-01 -2.720356e-01
-8.126914e-02 -9.965186e-01 -1.860524e-02 3.327727e+00 9.965312e-01 -8.157723e-02 1.644610e-02 3.535806e+01 -1.790662e-02 -1.720414e-02 9.996917e-01 -2.760464e-01
-8.049928e-02 -9.965945e-01 -1.786538e-02 3.261547e+00 9.965402e-01 -8.084074e-02 1.929218e-02 3.619549e+01 -2.067074e-02 -1.625057e-02 9.996543e-01 -2.758768e-01
-8.000664e-02 -9.966375e-01 -1.768518e-02 3.194809e+00 9.964768e-01 -8.041629e-02 2.381174e-02 3.703635e+01 -2.515387e-02 -1.571777e-02 9.995601e-01 -2.800103e-01
-7.935102e-02 -9.966968e-01 -1.728838e-02 3.127988e+00 9.963769e-01 -7.983407e-02 2.931633e-02 3.787805e+01 -3.059970e-02 -1.489946e-02 9.994207e-01 -2.880796e-01
-7.946625e-02 -9.966805e-01 -1.770373e-02 3.061302e+00 9.962385e-01 -8.002153e-02 3.324405e-02 3.871305e+01 -3.455038e-02 -1.499536e-02 9.992905e-01 -2.973231e-01
-7.920819e-02 -9.967076e-01 -1.732638e-02 2.996071e+00 9.962806e-01 -7.974190e-02 3.265409e-02 3.954573e+01 -3.392823e-02 -1.467545e-02 9.993165e-01 -3.094853e-01
-7.906801e-02 -9.967256e-01 -1.693063e-02 2.930005e+00 9.964056e-01 -7.953770e-02 2.914434e-02 4.037573e+01 -3.039553e-02 -1.456540e-02 9.994318e-01 -3.253776e-01
-7.870402e-02 -9.967482e-01 -1.728735e-02 2.862628e+00 9.965649e-01 -7.911416e-02 2.448183e-02 4.120225e+01 -2.576990e-02 -1.530115e-02 9.995509e-01 -3.373524e-01
-7.825780e-02 -9.967113e-01 -2.103527e-02 2.790544e+00 9.966605e-01 -7.871249e-02 2.173350e-02 4.202905e+01 -2.331777e-02 -1.926420e-02 9.995424e-01 -3.477725e-01
-7.869005e-02 -9.966060e-01 -2.417806e-02 2.719010e+00 9.966694e-01 -7.916947e-02 1.955518e-02 4.285535e+01 -2.140298e-02 -2.255873e-02 9.995164e-01 -3.583374e-01
-7.939152e-02 -9.965832e-01 -2.278100e-02 2.654285e+00 9.966473e-01 -7.980856e-02 1.801904e-02 4.367919e+01 -1.977560e-02 -2.127406e-02 9.995781e-01 -3.633440e-01
-8.076131e-02 -9.965565e-01 -1.878892e-02 2.593726e+00 9.966033e-01 -8.104105e-02 1.463497e-02 4.450275e+01 -1.610726e-02 -1.754316e-02 9.997164e-01 -3.689286e-01
-8.156326e-02 -9.965640e-01 -1.441566e-02 2.531483e+00 9.965751e-01 -8.174482e-02 1.248725e-02 4.532517e+01 -1.362276e-02 -1.334778e-02 9.998180e-01 -3.751965e-01
-8.319222e-02 -9.964379e-01 -1.380873e-02 2.465169e+00 9.963916e-01 -8.340628e-02 1.572615e-02 4.614778e+01 -1.682187e-02 -1.245060e-02 9.997810e-01 -3.773224e-01
-8.496460e-02 -9.963049e-01 -1.255393e-02 2.398193e+00 9.961085e-01 -8.523054e-02 2.243389e-02 4.697264e+01 -2.342099e-02 -1.059899e-02 9.996694e-01 -3.780152e-01
-8.678067e-02 -9.961684e-01 -1.085155e-02 2.331743e+00 9.958535e-01 -8.704140e-02 2.645362e-02 4.778910e+01 -2.729680e-02 -8.510890e-03 9.995911e-01 -3.809901e-01
-8.853934e-02 -9.960243e-01 -9.830557e-03 2.263637e+00 9.957317e-01 -8.876293e-02 2.529084e-02 4.859904e+01 -2.606290e-02 -7.549356e-03 9.996318e-01 -3.864551e-01
-8.946119e-02 -9.958993e-01 -1.347284e-02 2.185493e+00 9.957215e-01 -8.974317e-02 2.202285e-02 4.940139e+01 -2.314165e-02 -1.144499e-02 9.996668e-01 -3.911749e-01
-9.066235e-02 -9.957316e-01 -1.730078e-02 2.105684e+00 9.956935e-01 -9.096930e-02 1.786561e-02 5.019829e+01 -1.936320e-02 -1.560653e-02 9.996908e-01 -3.970904e-01
-9.170998e-02 -9.955528e-01 -2.153718e-02 2.023045e+00 9.956217e-01 -9.206612e-02 1.617004e-02 5.099460e+01 -1.808099e-02 -1.995993e-02 9.996373e-01 -4.042449e-01
-9.261581e-02 -9.954140e-01 -2.394555e-02 1.943030e+00 9.955086e-01 -9.304504e-02 1.747771e-02 5.178898e+01 -1.962559e-02 -2.221929e-02 9.995605e-01 -4.061383e-01
-9.355278e-02 -9.953333e-01 -2.365459e-02 1.867831e+00 9.953883e-01 -9.401148e-02 1.908384e-02 5.258247e+01 -2.121859e-02 -2.176016e-02 9.995380e-01 -4.085492e-01
-9.443612e-02 -9.952059e-01 -2.544060e-02 1.790059e+00 9.953107e-01 -9.492197e-02 1.861618e-02 5.336871e+01 -2.094181e-02 -2.356326e-02 9.995030e-01 -4.120013e-01
-9.499257e-02 -9.951248e-01 -2.651823e-02 1.713085e+00 9.952590e-01 -9.549674e-02 1.843897e-02 5.415093e+01 -2.088148e-02 -2.464093e-02 9.994783e-01 -4.127696e-01
-9.553817e-02 -9.951062e-01 -2.522688e-02 1.640452e+00 9.951745e-01 -9.605277e-02 2.004053e-02 5.493030e+01 -2.236557e-02 -2.319052e-02 9.994808e-01 -4.161638e-01
-9.584130e-02 -9.951012e-01 -2.425497e-02 1.568061e+00 9.950860e-01 -9.639161e-02 2.263747e-02 5.570576e+01 -2.486455e-02 -2.196617e-02 9.994495e-01 -4.181525e-01
-9.574940e-02 -9.950854e-01 -2.524466e-02 1.491193e+00 9.949721e-01 -9.642522e-02 2.706793e-02 5.647900e+01 -2.936912e-02 -2.252599e-02 9.993148e-01 -4.222927e-01
-9.618161e-02 -9.950388e-01 -2.543774e-02 1.416557e+00 9.948537e-01 -9.691900e-02 2.954376e-02 5.724331e+01 -3.186261e-02 -2.246525e-02 9.992398e-01 -4.285068e-01
-9.692101e-02 -9.949778e-01 -2.500970e-02 1.344669e+00 9.947878e-01 -9.764115e-02 2.938609e-02 5.799934e+01 -3.168049e-02 -2.203121e-02 9.992552e-01 -4.369636e-01
-9.741853e-02 -9.949497e-01 -2.418422e-02 1.273149e+00 9.947963e-01 -9.807441e-02 2.760088e-02 5.874660e+01 -2.983335e-02 -2.136954e-02 9.993265e-01 -4.438893e-01
-9.756544e-02 -9.949492e-01 -2.360451e-02 1.200499e+00 9.948825e-01 -9.812994e-02 2.407017e-02 5.947931e+01 -2.626492e-02 -2.113529e-02 9.994317e-01 -4.490217e-01
-9.756273e-02 -9.949504e-01 -2.356924e-02 1.128188e+00 9.949490e-01 -9.807003e-02 2.142124e-02 6.020545e+01 -2.362452e-02 -2.136028e-02 9.994927e-01 -4.530195e-01
-9.634331e-02 -9.950630e-01 -2.382860e-02 1.058612e+00 9.951237e-01 -9.680244e-02 1.892778e-02 6.091428e+01 -2.114099e-02 -2.188884e-02 9.995369e-01 -4.552732e-01
-9.401011e-02 -9.952375e-01 -2.578044e-02 9.907531e-01 9.953602e-01 -9.449184e-02 1.814929e-02 6.160914e+01 -2.049890e-02 -2.395461e-02 9.995029e-01 -4.551798e-01
-9.015057e-02 -9.955683e-01 -2.677407e-02 9.285845e-01 9.956931e-01 -9.068070e-02 1.929155e-02 6.228915e+01 -2.163396e-02 -2.491961e-02 9.994553e-01 -4.531577e-01
-8.429214e-02 -9.961063e-01 -2.582634e-02 8.750288e-01 9.961846e-01 -8.483003e-02 2.049000e-02 6.295451e+01 -2.260108e-02 -2.400065e-02 9.994565e-01 -4.518838e-01
-7.719446e-02 -9.967043e-01 -2.493243e-02 8.273621e-01 9.967234e-01 -7.775348e-02 2.228902e-02 6.360455e+01 -2.415415e-02 -2.313014e-02 9.994407e-01 -4.500324e-01
-6.853312e-02 -9.973159e-01 -2.577709e-02 7.834505e-01 9.973233e-01 -6.914790e-02 2.376540e-02 6.423959e+01 -2.548404e-02 -2.407937e-02 9.993852e-01 -4.487588e-01
-5.650166e-02 -9.980170e-01 -2.774478e-02 7.461693e-01 9.980342e-01 -5.721370e-02 2.557801e-02 6.485907e+01 -2.711468e-02 -2.624503e-02 9.992878e-01 -4.489996e-01
-4.192905e-02 -9.986585e-01 -3.038632e-02 7.189808e-01 9.987120e-01 -4.276226e-02 2.731005e-02 6.546059e+01 -2.857282e-02 -2.920210e-02 9.991652e-01 -4.516121e-01
-2.344081e-02 -9.992304e-01 -3.145205e-02 7.065626e-01 9.992884e-01 -2.434883e-02 2.880474e-02 6.604494e+01 -2.954841e-02 -3.075447e-02 9.990901e-01 -4.549625e-01
-1.616984e-03 -9.994909e-01 -3.186762e-02 7.093014e-01 9.995534e-01 -2.566510e-03 2.977759e-02 6.660643e+01 -2.984423e-02 -3.180524e-02 9.990484e-01 -4.574766e-01
2.377412e-02 -9.992455e-01 -3.071371e-02 7.314384e-01 9.992670e-01 2.283010e-02 3.072935e-02 6.714640e+01 -3.000499e-02 -3.142176e-02 9.990557e-01 -4.587741e-01
5.244536e-02 -9.982296e-01 -2.805874e-02 7.743953e-01 9.982072e-01 5.159125e-02 3.034494e-02 6.766058e+01 -2.884364e-02 -2.959988e-02 9.991456e-01 -4.599487e-01
8.608455e-02 -9.959540e-01 -2.578743e-02 8.351744e-01 9.958832e-01 8.528313e-02 3.071591e-02 6.815305e+01 -2.839241e-02 -2.832543e-02 9.991954e-01 -4.592612e-01
1.234312e-01 -9.920688e-01 -2.375966e-02 9.121448e-01 9.919586e-01 1.226716e-01 3.114498e-02 6.862639e+01 -2.798333e-02 -2.741285e-02 9.992325e-01 -4.595169e-01
1.636163e-01 -9.862745e-01 -2.218731e-02 1.005919e+00 9.861507e-01 1.628942e-01 3.118315e-02 6.907797e+01 -2.714097e-02 -2.698210e-02 9.992673e-01 -4.585868e-01
2.083823e-01 -9.778550e-01 -1.940420e-02 1.122925e+00 9.776536e-01 2.076943e-01 3.250730e-02 6.952558e+01 -2.775730e-02 -2.574452e-02 9.992831e-01 -4.580339e-01
2.560008e-01 -9.665567e-01 -1.522213e-02 1.261801e+00 9.662994e-01 2.554293e-01 3.195842e-02 6.995129e+01 -2.700146e-02 -2.289052e-02 9.993733e-01 -4.562793e-01
3.054299e-01 -9.521893e-01 -6.961864e-03 1.431941e+00 9.519069e-01 3.051372e-01 2.765162e-02 7.036689e+01 -2.420525e-02 -1.507268e-02 9.995934e-01 -4.546053e-01
3.560939e-01 -9.344496e-01 -1.080761e-03 1.621277e+00 9.342142e-01 3.559778e-01 2.288248e-02 7.075921e+01 -2.099780e-02 -9.157973e-03 9.997376e-01 -4.558566e-01
4.078051e-01 -9.130579e-01 4.528598e-03 1.833035e+00 9.128823e-01 4.078169e-01 1.820321e-02 7.114867e+01 -1.846744e-02 -3.289280e-03 9.998240e-01 -4.615416e-01
4.587935e-01 -8.885236e-01 5.867668e-03 2.057136e+00 8.883513e-01 4.588217e-01 1.773871e-02 7.151944e+01 -1.845348e-02 -2.925847e-03 9.998254e-01 -4.681172e-01
5.066811e-01 -8.620944e-01 8.220482e-03 2.301910e+00 8.619288e-01 5.067457e-01 1.696299e-02 7.188453e+01 -1.878940e-02 -1.509351e-03 9.998223e-01 -4.720775e-01
5.516213e-01 -8.339412e-01 1.600659e-02 2.571538e+00 8.338511e-01 5.518224e-01 1.358020e-02 7.223003e+01 -2.015788e-02 5.855995e-03 9.997796e-01 -4.743573e-01
5.950713e-01 -8.032115e-01 2.723040e-02 2.863408e+00 8.033687e-01 5.954366e-01 7.339955e-03 7.254268e+01 -2.210953e-02 1.750826e-02 9.996023e-01 -4.762086e-01
6.376197e-01 -7.698497e-01 2.779553e-02 3.156859e+00 7.700992e-01 6.379191e-01 2.568211e-03 7.285091e+01 -1.970844e-02 1.976779e-02 9.996103e-01 -4.766240e-01
6.790885e-01 -7.337412e-01 2.151024e-02 3.455394e+00 7.339279e-01 6.792263e-01 -1.199164e-03 7.313900e+01 -1.373046e-02 1.660131e-02 9.997679e-01 -4.782012e-01
7.198538e-01 -6.940327e-01 1.137336e-02 3.775260e+00 6.941207e-01 7.198150e-01 -7.935686e-03 7.342546e+01 -2.679085e-03 1.360701e-02 9.999039e-01 -4.859441e-01
7.594135e-01 -6.506066e-01 1.520240e-03 4.118862e+00 6.505803e-01 7.593569e-01 -1.106601e-02 7.369331e+01 6.045208e-03 9.392714e-03 9.999377e-01 -4.918193e-01
7.967722e-01 -6.042768e-01 -1.920333e-03 4.496111e+00 6.042193e-01 7.967337e-01 -1.160054e-02 7.396074e+01 8.539926e-03 8.082690e-03 9.999309e-01 -4.922585e-01
8.311028e-01 -5.561072e-01 -3.594448e-03 4.903160e+00 5.560247e-01 8.310636e-01 -1.302293e-02 7.421194e+01 1.022936e-02 8.824795e-03 9.999087e-01 -4.928601e-01
8.621221e-01 -5.066434e-01 -7.626832e-03 5.330473e+00 5.065457e-01 8.621330e-01 -1.175983e-02 7.444130e+01 1.253338e-02 6.275072e-03 9.999017e-01 -4.911473e-01
8.886551e-01 -4.585287e-01 -6.605197e-03 5.789697e+00 4.584644e-01 8.886642e-01 -9.294233e-03 7.466718e+01 1.013147e-02 5.231123e-03 9.999350e-01 -4.830801e-01
9.103763e-01 -4.137049e-01 -7.959375e-03 6.270048e+00 4.136921e-01 9.104109e-01 -3.268642e-03 7.487428e+01 8.598554e-03 -3.170371e-04 9.999630e-01 -4.774848e-01
9.282727e-01 -3.717248e-01 -1.142618e-02 6.772219e+00 3.717640e-01 9.283262e-01 1.447902e-03 7.507518e+01 1.006900e-02 -5.591891e-03 9.999337e-01 -4.775121e-01
9.422215e-01 -3.347893e-01 -1.162110e-02 7.301957e+00 3.348734e-01 9.422427e-01 6.207705e-03 7.526121e+01 8.871620e-03 -9.740626e-03 9.999132e-01 -4.736472e-01
9.526415e-01 -3.039602e-01 -9.080473e-03 7.853291e+00 3.040322e-01 9.526283e-01 7.982798e-03 7.543001e+01 6.223862e-03 -1.036550e-02 9.999269e-01 -4.649366e-01
9.601543e-01 -2.793853e-01 -6.906963e-03 8.426396e+00 2.794317e-01 9.601399e-01 7.037463e-03 7.558971e+01 4.665485e-03 -8.687074e-03 9.999515e-01 -4.572335e-01
9.661690e-01 -2.578722e-01 -4.430097e-03 9.018288e+00 2.578984e-01 9.661465e-01 7.022495e-03 7.574082e+01 2.469213e-03 -7.927431e-03 9.999655e-01 -4.534209e-01
9.709178e-01 -2.394064e-01 -1.812975e-03 9.629308e+00 2.394124e-01 9.708679e-01 9.861167e-03 7.588976e+01 -6.006714e-04 -1.000843e-02 9.999496e-01 -4.471745e-01
9.746225e-01 -2.238497e-01 -1.568640e-03 1.025425e+01 2.238496e-01 9.745245e-01 1.390988e-02 7.603564e+01 -1.585047e-03 -1.390802e-02 9.999021e-01 -4.421107e-01
9.776710e-01 -2.101409e-01 -1.174132e-04 1.089671e+01 2.101067e-01 9.775019e-01 1.859099e-02 7.617516e+01 -3.791957e-03 -1.820054e-02 9.998271e-01 -4.368132e-01
9.804347e-01 -1.968451e-01 2.061371e-04 1.155589e+01 1.968132e-01 9.802938e-01 1.698945e-02 7.629923e+01 -3.546369e-03 -1.661648e-02 9.998556e-01 -4.357338e-01
9.830983e-01 -1.830784e-01 2.714219e-04 1.223180e+01 1.830475e-01 9.829574e-01 1.697912e-02 7.641650e+01 -3.375309e-03 -1.664246e-02 9.998558e-01 -4.359095e-01
9.857149e-01 -1.684196e-01 1.033864e-03 1.292398e+01 1.683763e-01 9.855688e-01 1.742318e-02 7.652924e+01 -3.953352e-03 -1.700022e-02 9.998476e-01 -4.364899e-01
9.880697e-01 -1.539990e-01 1.631745e-03 1.363337e+01 1.539418e-01 9.879019e-01 1.875573e-02 7.663354e+01 -4.500369e-03 -1.828077e-02 9.998227e-01 -4.346060e-01
9.899988e-01 -1.410755e-01 -5.536475e-04 1.435127e+01 1.410607e-01 9.898213e-01 1.886953e-02 7.673032e+01 -2.114022e-03 -1.875891e-02 9.998218e-01 -4.288807e-01
9.915504e-01 -1.296314e-01 -4.857732e-03 1.508365e+01 1.297039e-01 9.913453e-01 2.028417e-02 7.682085e+01 2.186225e-03 -2.074284e-02 9.997825e-01 -4.234633e-01
9.927432e-01 -1.197167e-01 -1.135848e-02 1.582540e+01 1.199048e-01 9.926287e-01 1.763748e-02 7.690252e+01 9.163247e-03 -1.887142e-02 9.997799e-01 -4.214583e-01
9.936956e-01 -1.114286e-01 -1.236224e-02 1.658422e+01 1.116313e-01 9.936020e-01 1.713584e-02 7.698009e+01 1.037372e-02 -1.840782e-02 9.997767e-01 -4.177056e-01
9.944905e-01 -1.046628e-01 -5.878120e-03 1.735641e+01 1.047569e-01 9.943162e-01 1.900728e-02 7.705884e+01 3.855353e-03 -1.951833e-02 9.998022e-01 -4.064791e-01
9.950227e-01 -9.962662e-02 2.125157e-03 1.813212e+01 9.954914e-02 9.947525e-01 2.361289e-02 7.713948e+01 -4.466480e-03 -2.328381e-02 9.997189e-01 -3.923445e-01
9.954099e-01 -9.541617e-02 7.416466e-03 1.890656e+01 9.520631e-02 9.951486e-01 2.480320e-02 7.721273e+01 -9.747112e-03 -2.398325e-02 9.996648e-01 -3.834390e-01
9.957507e-01 -9.191515e-02 5.695082e-03 1.967296e+01 9.176346e-02 9.955199e-01 2.279643e-02 7.727747e+01 -7.764908e-03 -2.217696e-02 9.997239e-01 -3.791583e-01
9.960546e-01 -8.861385e-02 4.775836e-03 2.044047e+01 8.848165e-02 9.958112e-01 2.305094e-02 7.734235e+01 -6.798467e-03 -2.253743e-02 9.997228e-01 -3.747554e-01
9.962932e-01 -8.574947e-02 6.856434e-03 2.121166e+01 8.558483e-02 9.960991e-01 2.149467e-02 7.740303e+01 -8.672848e-03 -2.082819e-02 9.997454e-01 -3.707872e-01
9.964723e-01 -8.332632e-02 9.983243e-03 2.198249e+01 8.311922e-02 9.963465e-01 1.962073e-02 7.745966e+01 -1.158169e-02 -1.872172e-02 9.997576e-01 -3.662488e-01
9.967009e-01 -8.021739e-02 1.234280e-02 2.275414e+01 7.999916e-02 9.966455e-01 1.726152e-02 7.751131e+01 -1.368607e-02 -1.621716e-02 9.997748e-01 -3.595207e-01
9.969555e-01 -7.737833e-02 9.615937e-03 2.351734e+01 7.721286e-02 9.968777e-01 1.652860e-02 7.755940e+01 -1.086487e-02 -1.573581e-02 9.998171e-01 -3.521185e-01
9.971631e-01 -7.525104e-02 1.767770e-03 2.427744e+01 7.520394e-02 9.969863e-01 1.904158e-02 7.761346e+01 -3.195343e-03 -1.885462e-02 9.998171e-01 -3.504096e-01
9.972796e-01 -7.347316e-02 -5.931471e-03 2.503685e+01 7.357611e-02 9.970978e-01 1.956267e-02 7.767000e+01 4.476926e-03 -1.994586e-02 9.997911e-01 -3.429955e-01
9.973344e-01 -7.216372e-02 -1.079884e-02 2.579332e+01 7.237045e-02 9.971740e-01 2.016399e-02 7.772438e+01 9.313204e-03 -2.089175e-02 9.997383e-01 -3.347312e-01
9.974887e-01 -7.025840e-02 -8.940252e-03 2.656074e+01 7.044061e-02 9.972728e-01 2.202615e-02 7.778017e+01 7.368346e-03 -2.260060e-02 9.997174e-01 -3.222479e-01
9.976713e-01 -6.799635e-02 -5.364371e-03 2.731997e+01 6.810984e-02 9.973648e-01 2.499144e-02 7.784225e+01 3.650906e-03 -2.529861e-02 9.996734e-01 -3.023595e-01
9.978244e-01 -6.592936e-02 -2.060458e-05 2.807912e+01 6.590252e-02 9.974093e-01 2.883562e-02 7.790193e+01 -1.880566e-03 -2.877424e-02 9.995841e-01 -2.835068e-01
9.979676e-01 -6.369580e-02 1.908586e-03 2.883218e+01 6.362189e-02 9.976134e-01 2.682795e-02 7.795216e+01 -3.612863e-03 -2.665200e-02 9.996383e-01 -2.717278e-01
9.980395e-01 -6.256212e-02 1.803667e-03 2.958100e+01 6.250191e-02 9.977629e-01 2.371970e-02 7.799543e+01 -3.283589e-03 -2.356048e-02 9.997170e-01 -2.595857e-01
9.980903e-01 -6.172282e-02 2.490039e-03 3.033332e+01 6.165409e-02 9.978591e-01 2.182020e-02 7.803909e+01 -3.831514e-03 -2.162500e-02 9.997587e-01 -2.468230e-01
9.981706e-01 -6.045517e-02 9.130305e-04 3.108626e+01 6.042083e-02 9.979337e-01 2.185675e-02 7.808379e+01 -2.232499e-03 -2.176159e-02 9.997607e-01 -2.367466e-01
9.982088e-01 -5.981664e-02 -1.092428e-03 3.184188e+01 5.982655e-02 9.980140e-01 1.971591e-02 7.812494e+01 -8.908287e-05 -1.974596e-02 9.998050e-01 -2.249490e-01
9.982482e-01 -5.916411e-02 -4.340638e-04 3.260493e+01 5.916225e-02 9.980836e-01 1.814164e-02 7.816776e+01 -6.401045e-04 -1.813554e-02 9.998353e-01 -2.118426e-01
9.982983e-01 -5.831461e-02 -3.482029e-05 3.337178e+01 5.830226e-02 9.980742e-01 2.118384e-02 7.821942e+01 -1.200576e-03 -2.114983e-02 9.997756e-01 -2.009786e-01
9.983002e-01 -5.827560e-02 -9.835558e-04 3.414204e+01 5.828338e-02 9.980778e-01 2.106588e-02 7.826915e+01 -2.459637e-04 -2.108739e-02 9.997776e-01 -1.900318e-01
9.981963e-01 -6.002783e-02 -1.067339e-03 3.491819e+01 6.003696e-02 9.979712e-01 2.119066e-02 7.832005e+01 -2.068584e-04 -2.121651e-02 9.997748e-01 -1.746062e-01
9.980679e-01 -6.213418e-02 -4.093512e-04 3.570311e+01 6.213095e-02 9.978927e-01 1.870408e-02 7.836808e+01 -7.536775e-04 -1.869337e-02 9.998249e-01 -1.642568e-01
9.978716e-01 -6.520092e-02 -1.090491e-03 3.648933e+01 6.520973e-02 9.976774e-01 1.967921e-02 7.842302e+01 -1.951461e-04 -1.970844e-02 9.998057e-01 -1.523043e-01
9.976693e-01 -6.822870e-02 -1.061252e-03 3.728554e+01 6.823475e-02 9.973909e-01 2.356212e-02 7.848505e+01 -5.491329e-04 -2.357962e-02 9.997218e-01 -1.380303e-01
9.974812e-01 -7.072908e-02 -5.372581e-03 3.807952e+01 7.084220e-02 9.971727e-01 2.506438e-02 7.854736e+01 3.584607e-03 -2.538187e-02 9.996713e-01 -1.265485e-01
9.972601e-01 -7.324317e-02 -1.038533e-02 3.887712e+01 7.348235e-02 9.969856e-01 2.490481e-02 7.860912e+01 8.529912e-03 -2.559971e-02 9.996358e-01 -1.159346e-01
9.971096e-01 -7.513412e-02 -1.128618e-02 3.968806e+01 7.538467e-02 9.968726e-01 2.371428e-02 7.866914e+01 9.469133e-03 -2.449655e-02 9.996551e-01 -1.094942e-01
9.969537e-01 -7.732663e-02 -1.019409e-02 4.050693e+01 7.755803e-02 9.966822e-01 2.469121e-02 7.873278e+01 8.250978e-03 -2.540663e-02 9.996431e-01 -9.593002e-02
9.967943e-01 -7.952077e-02 -8.820586e-03 4.133744e+01 7.971198e-02 9.965290e-01 2.399856e-02 7.879767e+01 6.881586e-03 -2.462473e-02 9.996731e-01 -8.184992e-02
9.966460e-01 -8.147946e-02 -7.608374e-03 4.217371e+01 8.162945e-02 9.964179e-01 2.208986e-02 7.885924e+01 5.781248e-03 -2.263685e-02 9.997270e-01 -7.414057e-02
9.965726e-01 -8.263377e-02 -3.859809e-03 4.301786e+01 8.269833e-02 9.963392e-01 2.166247e-02 7.892629e+01 2.055626e-03 -2.190742e-02 9.997579e-01 -6.469756e-02
9.964964e-01 -8.363197e-02 8.204179e-04 4.386890e+01 8.359572e-02 9.962729e-01 2.126094e-02 7.899566e+01 -2.595456e-03 -2.111788e-02 9.997737e-01 -5.130310e-02
9.965239e-01 -8.322928e-02 3.626938e-03 4.472352e+01 8.313417e-02 9.963115e-01 2.126203e-02 7.906511e+01 -5.383187e-03 -2.088659e-02 9.997673e-01 -4.025711e-02
9.966975e-01 -8.113624e-02 3.283418e-03 4.558334e+01 8.103053e-02 9.964030e-01 2.480505e-02 7.913979e+01 -5.284194e-03 -2.445708e-02 9.996869e-01 -3.205410e-02
9.968514e-01 -7.926494e-02 2.130742e-03 4.644397e+01 7.918788e-02 9.965500e-01 2.484719e-02 7.921071e+01 -4.092904e-03 -2.460022e-02 9.996889e-01 -2.573486e-02
9.969807e-01 -7.765054e-02 5.226908e-05 4.730774e+01 7.762964e-02 9.967279e-01 2.252243e-02 7.927567e+01 -1.800979e-03 -2.245037e-02 9.997464e-01 -1.753072e-02
9.971039e-01 -7.603668e-02 -1.489757e-03 4.817648e+01 7.605122e-02 9.969338e-01 1.842144e-02 7.933455e+01 8.447981e-05 -1.848140e-02 9.998291e-01 -7.835031e-03
9.972482e-01 -7.412169e-02 -1.431445e-03 4.904704e+01 7.413532e-02 9.971035e-01 1.699486e-02 7.939674e+01 1.676097e-04 -1.705421e-02 9.998545e-01 4.423484e-04
9.973268e-01 -7.306268e-02 1.041821e-03 4.992430e+01 7.303823e-02 9.972116e-01 1.531829e-02 7.946040e+01 -2.158114e-03 -1.520124e-02 9.998820e-01 1.425913e-02
9.973640e-01 -7.244934e-02 4.016552e-03 5.080206e+01 7.239562e-02 9.973013e-01 1.220696e-02 7.951882e+01 -4.890100e-03 -1.188400e-02 9.999175e-01 2.601356e-02
9.974248e-01 -7.158260e-02 4.451445e-03 5.167542e+01 7.152924e-02 9.973759e-01 1.117072e-02 7.958083e+01 -5.239396e-03 -1.082354e-02 9.999276e-01 3.568134e-02
9.975094e-01 -7.051042e-02 1.859644e-03 5.254260e+01 7.048081e-02 9.974300e-01 1.288019e-02 7.964689e+01 -2.763055e-03 -1.271704e-02 9.999154e-01 4.435404e-02
9.975570e-01 -6.973658e-02 -4.135015e-03 5.340051e+01 6.979277e-02 9.974409e-01 1.551520e-02 7.971453e+01 3.042454e-03 -1.576590e-02 9.998711e-01 5.395859e-02
9.975968e-01 -6.862921e-02 -9.529423e-03 5.425903e+01 6.878585e-02 9.974828e-01 1.721960e-02 7.978009e+01 8.323669e-03 -1.783370e-02 9.998063e-01 6.790029e-02
9.975668e-01 -6.777580e-02 -1.634366e-02 5.511094e+01 6.812404e-02 9.974390e-01 2.178490e-02 7.984814e+01 1.482531e-02 -2.284529e-02 9.996291e-01 8.851487e-02
9.976241e-01 -6.671293e-02 -1.720025e-02 5.596458e+01 6.709134e-02 9.974942e-01 2.245180e-02 7.990972e+01 1.565932e-02 -2.355246e-02 9.995999e-01 1.105570e-01
9.977040e-01 -6.665196e-02 -1.201585e-02 5.681676e+01 6.687182e-02 9.975820e-01 1.893262e-02 7.996793e+01 1.072489e-02 -1.969267e-02 9.997485e-01 1.313097e-01
9.977329e-01 -6.728841e-02 -1.164277e-03 5.767408e+01 6.729841e-02 9.975596e-01 1.860065e-02 8.002887e+01 -9.017484e-05 -1.863684e-02 9.998263e-01 1.545646e-01
9.976139e-01 -6.860813e-02 7.712137e-03 5.852591e+01 6.844294e-02 9.974553e-01 1.995812e-02 8.009372e+01 -9.061806e-03 -1.938266e-02 9.997711e-01 1.763350e-01
9.974579e-01 -7.114330e-02 4.060029e-03 5.936122e+01 7.107057e-02 9.973449e-01 1.588259e-02 8.014931e+01 -5.179191e-03 -1.555367e-02 9.998655e-01 1.873422e-01
9.973079e-01 -7.332053e-02 1.104319e-03 6.019077e+01 7.330631e-02 9.972616e-01 9.770873e-03 8.020432e+01 -1.817703e-03 -9.663616e-03 9.999517e-01 1.972881e-01
9.971113e-01 -7.595581e-02 2.920665e-04 6.102058e+01 7.594979e-02 9.970682e-01 9.322952e-03 8.026608e+01 -9.993454e-04 -9.273839e-03 9.999565e-01 2.112814e-01
9.969152e-01 -7.844528e-02 -2.566259e-03 6.184411e+01 7.846835e-02 9.968598e-01 1.064985e-02 8.033463e+01 1.722767e-03 -1.081837e-02 9.999400e-01 2.273241e-01
9.966230e-01 -8.189579e-02 -5.990170e-03 6.266217e+01 8.196540e-02 9.965571e-01 1.248018e-02 8.040767e+01 4.947469e-03 -1.292903e-02 9.999041e-01 2.435395e-01
9.962577e-01 -8.587828e-02 -9.772621e-03 6.347647e+01 8.600161e-02 9.962103e-01 1.299185e-02 8.047587e+01 8.619868e-03 -1.378370e-02 9.998678e-01 2.601699e-01
9.959259e-01 -8.902418e-02 -1.436472e-02 6.428495e+01 8.922642e-02 9.959114e-01 1.411288e-02 8.054834e+01 1.304960e-02 -1.533710e-02 9.997973e-01 2.822360e-01
9.956583e-01 -9.200528e-02 -1.413098e-02 6.509415e+01 9.227228e-02 9.955415e-01 1.957389e-02 8.062810e+01 1.226708e-02 -2.079280e-02 9.997085e-01 3.071401e-01
9.953356e-01 -9.557091e-02 -1.316473e-02 6.590232e+01 9.584845e-02 9.951446e-01 2.237132e-02 8.070702e+01 1.096277e-02 -2.352880e-02 9.996630e-01 3.282433e-01
9.949944e-01 -9.958822e-02 -8.265496e-03 6.670960e+01 9.977052e-02 9.946766e-01 2.577225e-02 8.078979e+01 5.654884e-03 -2.646790e-02 9.996336e-01 3.524138e-01
9.946118e-01 -1.036589e-01 -1.497911e-03 6.751471e+01 1.036618e-01 9.942520e-01 2.678181e-02 8.087585e+01 -1.286873e-03 -2.679279e-02 9.996402e-01 3.715535e-01
9.940807e-01 -1.086313e-01 1.694388e-03 6.831187e+01 1.085506e-01 9.937483e-01 2.609857e-02 8.096191e+01 -4.518921e-03 -2.576016e-02 9.996579e-01 3.863793e-01
9.933489e-01 -1.151254e-01 2.084451e-03 6.910118e+01 1.150349e-01 9.930315e-01 2.560593e-02 8.105390e+01 -5.017823e-03 -2.519584e-02 9.996699e-01 3.979686e-01
9.926074e-01 -1.212316e-01 5.806107e-03 6.989267e+01 1.210688e-01 9.923769e-01 2.303110e-02 8.114784e+01 -8.553947e-03 -2.215791e-02 9.997180e-01 4.076744e-01
9.917992e-01 -1.276801e-01 5.682693e-03 7.067392e+01 1.275172e-01 9.915656e-01 2.317580e-02 8.124897e+01 -8.593857e-03 -2.226111e-02 9.997151e-01 4.167214e-01
9.910264e-01 -1.335934e-01 4.405017e-03 7.144595e+01 1.334213e-01 9.906682e-01 2.783976e-02 8.136646e+01 -8.083120e-03 -2.700222e-02 9.996027e-01 4.255513e-01
9.902717e-01 -1.391476e-01 2.412084e-04 7.221368e+01 1.390795e-01 9.898381e-01 2.962246e-02 8.148465e+01 -4.360655e-03 -2.930074e-02 9.995611e-01 4.323597e-01
9.894005e-01 -1.451845e-01 -2.851579e-03 7.297649e+01 1.452063e-01 9.889860e-01 2.866703e-02 8.160080e+01 -1.341838e-03 -2.877724e-02 9.995849e-01 4.398075e-01
9.886050e-01 -1.504835e-01 -3.857755e-03 7.373977e+01 1.505309e-01 9.881355e-01 3.047793e-02 8.172512e+01 -7.744445e-04 -3.071136e-02 9.995279e-01 4.497779e-01
9.878904e-01 -1.551531e-01 -5.459478e-04 7.449918e+01 1.550902e-01 9.873767e-01 3.215820e-02 8.186044e+01 -4.450392e-03 -3.185344e-02 9.994826e-01 4.616522e-01
9.869068e-01 -1.612443e-01 3.930458e-03 7.525803e+01 1.610286e-01 9.863941e-01 3.311546e-02 8.199451e+01 -9.216661e-03 -3.204895e-02 9.994439e-01 4.733566e-01
9.858236e-01 -1.676596e-01 6.500362e-03 7.600967e+01 1.673627e-01 9.853498e-01 3.279458e-02 8.213127e+01 -1.190346e-02 -3.124177e-02 9.994410e-01 4.889639e-01
9.846580e-01 -1.744634e-01 3.372481e-03 7.675282e+01 1.742809e-01 9.842200e-01 3.061601e-02 8.226746e+01 -8.660641e-03 -2.955854e-02 9.995255e-01 4.955311e-01
9.831694e-01 -1.826439e-01 -4.350351e-03 7.748994e+01 1.826942e-01 9.827821e-01 2.760894e-02 8.241006e+01 -7.671607e-04 -2.793906e-02 9.996092e-01 5.000235e-01
9.814452e-01 -1.916277e-01 -6.656352e-03 7.822828e+01 1.917352e-01 9.811298e-01 2.494188e-02 8.255687e+01 1.751188e-03 -2.575534e-02 9.996668e-01 5.117732e-01
9.793098e-01 -2.023438e-01 -3.081628e-03 7.896817e+01 2.023555e-01 9.789749e-01 2.570078e-02 8.271656e+01 -2.183559e-03 -2.579261e-02 9.996650e-01 5.307640e-01
9.768891e-01 -2.137424e-01 1.474956e-03 7.970598e+01 2.136429e-01 9.766036e-01 2.453398e-02 8.288212e+01 -6.684403e-03 -2.365187e-02 9.996979e-01 5.401011e-01
9.741696e-01 -2.256355e-01 9.072760e-03 8.044467e+01 2.253283e-01 9.739169e-01 2.670088e-02 8.305982e+01 -1.486079e-02 -2.396685e-02 9.996023e-01 5.523638e-01
9.714494e-01 -2.368596e-01 1.355253e-02 8.117587e+01 2.364255e-01 9.712546e-01 2.770486e-02 8.323797e+01 -1.972513e-02 -2.370971e-02 9.995242e-01 5.596113e-01
9.686627e-01 -2.482556e-01 7.867919e-03 8.189180e+01 2.479113e-01 9.682943e-01 3.075818e-02 8.342361e+01 -1.525436e-02 -2.784376e-02 9.994959e-01 5.644170e-01
9.655941e-01 -2.600415e-01 -2.592773e-03 8.259741e+01 2.600044e-01 9.651644e-01 2.924836e-02 8.361665e+01 -5.103340e-03 -2.891617e-02 9.995688e-01 5.661200e-01
9.621971e-01 -2.722525e-01 -7.453502e-03 8.330816e+01 2.723542e-01 9.618123e-01 2.720609e-02 8.381204e+01 -2.380554e-04 -2.820762e-02 9.996020e-01 5.631081e-01
9.586276e-01 -2.846440e-01 -3.331071e-03 8.403198e+01 2.846360e-01 9.583067e-01 2.511114e-02 8.401485e+01 -3.955550e-03 -2.502038e-02 9.996791e-01 5.627342e-01
9.550946e-01 -2.962660e-01 4.534949e-03 8.475594e+01 2.960434e-01 9.547909e-01 2.706525e-02 8.423676e+01 -1.234845e-02 -2.450734e-02 9.996234e-01 5.707426e-01
9.513184e-01 -3.080526e-01 9.849612e-03 8.547683e+01 3.076792e-01 9.510697e-01 2.828402e-02 8.446633e+01 -1.808064e-02 -2.387658e-02 9.995514e-01 5.753596e-01
