1.000000e+00 0.000000e+00 -4.656613e-10 0.000000e+00 -1.164153e-10 1.000000e+00 1.091394e-11 4.656613e-10 -4.656613e-10 9.376890e-10 1.000000e+00 0.000000e+00
9.999974e-01 6.413664e-04 2.202799e-03 8.098575e-01 -6.476933e-04 9.999956e-01 2.872532e-03 -6.395829e-03 -2.200949e-03 -2.873950e-03 9.999933e-01 1.804170e-01
9.999937e-01 1.482727e-03 3.221374e-03 1.633007e+00 -1.500724e-03 9.999833e-01 5.591750e-03 -1.217787e-02 -3.213033e-03 -5.596548e-03 9.999791e-01 3.586103e-01
9.999927e-01 2.264064e-03 3.097422e-03 2.393622e+00 -2.285487e-03 9.999734e-01 6.930642e-03 -2.793033e-02 -3.081651e-03 -6.937671e-03 9.999712e-01 5.375927e-01
9.999919e-01 2.686589e-03 3.041273e-03 3.178793e+00 -2.713575e-03 9.999567e-01 8.903795e-03 -3.965120e-02 -3.017223e-03 -8.911974e-03 9.999557e-01 7.143917e-01
9.999891e-01 3.497649e-03 3.114329e-03 3.904645e+00 -3.525767e-03 9.999527e-01 9.069242e-03 -4.592212e-02 -3.082464e-03 -9.080124e-03 9.999540e-01 8.936474e-01
9.999812e-01 4.256341e-03 4.442031e-03 4.638098e+00 -4.297792e-03 9.999470e-01 9.364342e-03 -5.326227e-02 -4.401939e-03 -9.383257e-03 9.999463e-01 1.073365e+00
9.999596e-01 5.214186e-03 7.331914e-03 5.330304e+00 -5.287717e-03 9.999355e-01 1.004548e-02 -6.802479e-02 -7.279066e-03 -1.008384e-02 9.999226e-01 1.252425e+00
9.999107e-01 6.815622e-03 1.150210e-02 5.979514e+00 -6.929399e-03 9.999272e-01 9.881143e-03 -7.126772e-02 -1.143393e-02 -9.959963e-03 9.998850e-01 1.435078e+00
9.998497e-01 8.224985e-03 1.526755e-02 6.596285e+00 -8.363997e-03 9.999240e-01 9.063657e-03 -8.421884e-02 -1.519184e-02 -9.189991e-03 9.998424e-01 1.617391e+00
9.997962e-01 9.435628e-03 1.785358e-02 7.192511e+00 -9.583507e-03 9.999204e-01 8.215472e-03 -1.014284e-01 -1.777465e-02 -8.384897e-03 9.998068e-01 1.798368e+00
9.997753e-01 1.095884e-02 1.815019e-02 7.777593e+00 -1.111653e-02 9.999011e-01 8.609893e-03 -1.175442e-01 -1.805405e-02 -8.809725e-03 9.997981e-01 1.978079e+00
9.997919e-01 1.246867e-02 1.614472e-02 8.309822e+00 -1.262780e-02 9.998723e-01 9.792682e-03 -1.058546e-01 -1.602056e-02 -9.994517e-03 9.998217e-01 2.157604e+00
9.998218e-01 1.374378e-02 1.294788e-02 8.787375e+00 -1.387080e-02 9.998561e-01 9.772276e-03 -8.244886e-02 -1.281172e-02 -9.950130e-03 9.998684e-01 2.341598e+00
9.998096e-01 1.561482e-02 1.170477e-02 9.236613e+00 -1.571449e-02 9.998406e-01 8.472313e-03 -7.693521e-02 -1.157062e-02 -8.654635e-03 9.998956e-01 2.523228e+00
9.997978e-01 1.771130e-02 9.526333e-03 9.665655e+00 -1.775789e-02 9.998307e-01 4.828261e-03 -6.971766e-02 -9.439208e-03 -4.996451e-03 9.999429e-01 2.707963e+00
9.997724e-01 1.970274e-02 8.179357e-03 1.006682e+01 -1.972365e-02 9.998025e-01 2.483863e-03 -8.241076e-02 -8.128805e-03 -2.644622e-03 9.999634e-01 2.890464e+00
9.997346e-01 2.202596e-02 6.761347e-03 1.045606e+01 -2.207192e-02 9.997333e-01 6.800565e-03 -7.828481e-02 -6.609758e-03 -6.947993e-03 9.999540e-01 3.076423e+00
9.996652e-01 2.513373e-02 6.161121e-03 1.077768e+01 -2.520310e-02 9.996167e-01 1.145389e-02 -7.467946e-02 -5.870882e-03 -1.160534e-02 9.999155e-01 3.264812e+00
9.995657e-01 2.858693e-02 7.149321e-03 1.107160e+01 -2.867372e-02 9.995126e-01 1.234698e-02 -6.958654e-02 -6.792876e-03 -1.254661e-02 9.998983e-01 3.453209e+00
9.994635e-01 3.182038e-02 7.763485e-03 1.134861e+01 -3.188440e-02 9.994573e-01 8.266868e-03 -8.975647e-02 -7.496219e-03 -8.509967e-03 9.999357e-01 3.634941e+00
9.993830e-01 3.443322e-02 6.929370e-03 1.159773e+01 -3.445555e-02 9.994013e-01 3.128161e-03 -1.108752e-01 -6.817513e-03 -3.364985e-03 9.999710e-01 3.815150e+00
9.992806e-01 3.697797e-02 8.420540e-03 1.182224e+01 -3.697585e-02 9.993160e-01 -4.072947e-04 -1.370738e-01 -8.429844e-03 9.564610e-05 9.999644e-01 3.996434e+00
9.991656e-01 3.965387e-02 9.776933e-03 1.192445e+01 -3.964799e-02 9.992134e-01 -7.948026e-04 -1.329638e-01 -9.800760e-03 4.065054e-04 9.999520e-01 4.193110e+00
9.990927e-01 4.169721e-02 8.670565e-03 1.203760e+01 -4.169913e-02 9.991303e-01 4.001884e-05 -1.403531e-01 -8.661356e-03 -4.015362e-04 9.999624e-01 4.381337e+00
9.990076e-01 4.397224e-02 7.079251e-03 1.213507e+01 -4.397960e-02 9.990321e-01 8.866978e-04 -1.510076e-01 -7.033411e-03 -1.197159e-03 9.999745e-01 4.567212e+00
9.988967e-01 4.655929e-02 6.140000e-03 1.222337e+01 -4.657894e-02 9.989100e-01 3.096353e-03 -1.575085e-01 -5.989145e-03 -3.378929e-03 9.999763e-01 4.755330e+00
9.988157e-01 4.828974e-02 5.948813e-03 1.231408e+01 -4.832558e-02 9.988135e-01 6.037486e-03 -1.704406e-01 -5.650208e-03 -6.317815e-03 9.999641e-01 4.942487e+00
9.987596e-01 4.956913e-02 4.729056e-03 1.232760e+01 -4.960470e-02 9.987391e-01 7.726892e-03 -1.527079e-01 -4.340079e-03 -7.951890e-03 9.999589e-01 5.141176e+00
9.986666e-01 5.154856e-02 2.823359e-03 1.237092e+01 -5.156712e-02 9.986454e-01 6.954839e-03 -1.555129e-01 -2.461025e-03 -7.091156e-03 9.999718e-01 5.330054e+00
9.985915e-01 5.304570e-02 1.163653e-03 1.240359e+01 -5.305149e-02 9.985756e-01 5.691436e-03 -1.553532e-01 -8.600899e-04 -5.745153e-03 9.999832e-01 5.518520e+00
9.985332e-01 5.414454e-02 -2.207467e-05 1.246155e+01 -5.414379e-02 9.985213e-01 4.888547e-03 -1.711140e-01 2.867277e-04 -4.880181e-03 9.999881e-01 5.700692e+00
9.984509e-01 5.562712e-02 -1.327148e-03 1.248417e+01 -5.561884e-02 9.984362e-01 5.621942e-03 -1.691591e-01 1.637804e-03 -5.539419e-03 9.999834e-01 5.890613e+00
9.983719e-01 5.693866e-02 -3.416098e-03 1.252069e+01 -5.691499e-02 9.983568e-01 6.665648e-03 -1.779326e-01 3.790020e-03 -6.460368e-03 9.999720e-01 6.076872e+00
9.983151e-01 5.775248e-02 -5.645302e-03 1.254165e+01 -5.771363e-02 9.983099e-01 6.815191e-03 -1.809763e-01 6.029355e-03 -6.477898e-03 9.999608e-01 6.265712e+00
9.982565e-01 5.848588e-02 -7.973601e-03 1.258720e+01 -5.843845e-02 9.982727e-01 6.057673e-03 -1.978640e-01 8.314115e-03 -5.581146e-03 9.999499e-01 6.449034e+00
9.982592e-01 5.812312e-02 -1.002416e-02 1.263319e+01 -5.807360e-02 9.982989e-01 5.162597e-03 -2.140246e-01 1.030717e-02 -4.571470e-03 9.999365e-01 6.632342e+00
9.983623e-01 5.607297e-02 -1.134364e-02 1.267372e+01 -5.602327e-02 9.984187e-01 4.652628e-03 -2.195415e-01 1.158659e-02 -4.009497e-03 9.999248e-01 6.816330e+00
9.985141e-01 5.307529e-02 -1.236250e-02 1.270172e+01 -5.301948e-02 9.985821e-01 4.799510e-03 -2.123279e-01 1.259970e-02 -4.136924e-03 9.999121e-01 7.003498e+00
9.987044e-01 4.905233e-02 -1.354733e-02 1.274911e+01 -4.898288e-02 9.987851e-01 5.411421e-03 -2.162804e-01 1.379632e-02 -4.740820e-03 9.998935e-01 7.186655e+00
9.989490e-01 4.339616e-02 -1.476242e-02 1.280214e+01 -4.331593e-02 9.990452e-01 5.711784e-03 -2.233796e-01 1.499620e-02 -5.066332e-03 9.998748e-01 7.368063e+00
9.992020e-01 3.675181e-02 -1.564660e-02 1.285468e+01 -3.666822e-02 9.993118e-01 5.595859e-03 -2.287553e-01 1.584149e-02 -5.017660e-03 9.998618e-01 7.549474e+00
9.994264e-01 2.953476e-02 -1.657252e-02 1.288582e+01 -2.944438e-02 9.995503e-01 5.671346e-03 -2.220664e-01 1.673257e-02 -5.180124e-03 9.998465e-01 7.732671e+00
9.996136e-01 2.140782e-02 -1.772495e-02 1.291694e+01 -2.130745e-02 9.997559e-01 5.832543e-03 -2.115246e-01 1.784549e-02 -5.452619e-03 9.998259e-01 7.915695e+00
9.997512e-01 1.141138e-02 -1.917371e-02 1.297552e+01 -1.132354e-02 9.999250e-01 4.683144e-03 -2.132477e-01 1.922571e-02 -4.464864e-03 9.998053e-01 8.095552e+00
9.997775e-01 -1.509513e-03 -2.103839e-02 1.303881e+01 1.577935e-03 9.999936e-01 3.236064e-03 -2.092137e-01 2.103337e-02 -3.268540e-03 9.997734e-01 8.276075e+00
9.995797e-01 -1.734607e-02 -2.322745e-02 1.313167e+01 1.740479e-02 9.998459e-01 2.328086e-03 -2.114811e-01 2.318349e-02 -2.731374e-03 9.997275e-01 8.453309e+00
9.990256e-01 -3.672469e-02 -2.447945e-02 1.320151e+01 3.680182e-02 9.993190e-01 2.707121e-03 -1.839682e-01 2.436337e-02 -3.605369e-03 9.996967e-01 8.638204e+00
9.979877e-01 -5.849558e-02 -2.447188e-02 1.330777e+01 5.859654e-02 9.982759e-01 3.428099e-03 -1.610189e-01 2.422916e-02 -4.855169e-03 9.996946e-01 8.821056e+00
9.963489e-01 -8.205791e-02 -2.356455e-02 1.341989e+01 8.217344e-02 9.966102e-01 3.975751e-03 -1.268882e-01 2.315843e-02 -5.897614e-03 9.997144e-01 9.003747e+00
9.938162e-01 -1.087491e-01 -2.243103e-02 1.357441e+01 1.088824e-01 9.940429e-01 4.807759e-03 -9.676404e-02 2.177457e-02 -7.220375e-03 9.997369e-01 9.186146e+00
9.901126e-01 -1.386975e-01 -2.098652e-02 1.372472e+01 1.388483e-01 9.902961e-01 5.897422e-03 -4.404087e-02 1.996491e-02 -8.753054e-03 9.997624e-01 9.369149e+00
9.849489e-01 -1.718977e-01 -1.808285e-02 1.391207e+01 1.720268e-01 9.850750e-01 5.837907e-03 1.872323e-02 1.680944e-02 -8.860777e-03 9.998194e-01 9.552449e+00
9.778784e-01 -2.086433e-01 -1.489089e-02 1.411827e+01 2.087583e-01 9.779449e-01 6.624314e-03 8.980402e-02 1.318035e-02 -9.586371e-03 9.998673e-01 9.735021e+00
9.685933e-01 -2.484402e-01 -1.022211e-02 1.431093e+01 2.485229e-01 9.685946e-01 7.800625e-03 1.886556e-01 7.963094e-03 -1.009606e-02 9.999173e-01 9.914022e+00
9.570224e-01 -2.899238e-01 -7.226443e-03 1.454494e+01 2.899916e-01 9.569605e-01 1.146486e-02 2.870892e-01 3.591482e-03 -1.306773e-02 9.999081e-01 1.009344e+01
9.432549e-01 -3.320360e-01 -4.736679e-03 1.478315e+01 3.320695e-01 9.431401e-01 1.471840e-02 4.173737e-01 -4.196893e-04 -1.545611e-02 9.998804e-01 1.027387e+01
9.269432e-01 -3.752005e-01 -9.807972e-04 1.501006e+01 3.751611e-01 9.268010e-01 1.714660e-02 5.677383e-01 -5.524411e-03 -1.626188e-02 9.998524e-01 1.045059e+01
9.079648e-01 -4.190174e-01 4.943701e-03 1.526903e+01 4.188466e-01 9.078327e-01 2.018856e-02 7.324895e-01 -1.294742e-02 -1.625986e-02 9.997839e-01 1.063073e+01
8.864872e-01 -4.626620e-01 9.194328e-03 1.551784e+01 4.623462e-01 8.863657e-01 2.432986e-02 9.034280e-01 -1.940604e-02 -1.731715e-02 9.996616e-01 1.080782e+01
8.621615e-01 -5.065281e-01 1.034312e-02 1.571778e+01 5.060837e-01 8.619970e-01 2.899434e-02 1.108971e+00 -2.360219e-02 -1.976332e-02 9.995260e-01 1.098050e+01
8.346970e-01 -5.506018e-01 1.088921e-02 1.596603e+01 5.500607e-01 8.345103e-01 3.202745e-02 1.327359e+00 -2.672154e-02 -2.074350e-02 9.994277e-01 1.115171e+01
8.044072e-01 -5.940185e-01 8.432113e-03 1.617109e+01 5.934331e-01 8.041142e-01 3.517853e-02 1.592403e+00 -2.767708e-02 -2.329398e-02 9.993455e-01 1.131924e+01
7.713124e-01 -6.364063e-01 8.025032e-03 1.641035e+01 6.357501e-01 7.709886e-01 3.739625e-02 1.850823e+00 -2.998643e-02 -2.374228e-02 9.992685e-01 1.148254e+01
7.349211e-01 -6.781113e-01 7.496809e-03 1.664725e+01 6.773497e-01 7.345439e-01 4.053406e-02 2.129099e+00 -3.299334e-02 -2.471138e-02 9.991500e-01 1.164318e+01
6.964778e-01 -7.175299e-01 8.355172e-03 1.683795e+01 7.166857e-01 6.961448e-01 4.176356e-02 2.449732e+00 -3.578302e-02 -2.309936e-02 9.990926e-01 1.180249e+01
6.561198e-01 -7.546063e-01 8.737920e-03 1.708686e+01 7.537549e-01 6.558575e-01 4.128510e-02 2.791203e+00 -3.688484e-02 -2.050172e-02 9.991091e-01 1.196352e+01
6.137538e-01 -7.894180e-01 1.119956e-02 1.732460e+01 7.885609e-01 6.136548e-01 3.999441e-02 3.167491e+00 -3.844499e-02 -1.571519e-02 9.991371e-01 1.212387e+01
5.692649e-01 -8.220341e-01 1.405463e-02 1.752045e+01 8.211504e-01 5.693313e-01 3.966996e-02 3.571670e+00 -4.061181e-02 -1.104176e-02 9.991140e-01 1.228085e+01
5.230109e-01 -8.522098e-01 1.407768e-02 1.773684e+01 8.512845e-01 5.231168e-01 4.078625e-02 3.995037e+00 -4.212271e-02 -9.347534e-03 9.990687e-01 1.243464e+01
4.740913e-01 -8.803965e-01 1.181941e-02 1.788790e+01 8.795351e-01 4.741624e-01 3.985067e-02 4.441841e+00 -4.068872e-02 -8.497268e-03 9.991357e-01 1.258595e+01
4.218805e-01 -9.065459e-01 1.383683e-02 1.808201e+01 9.057431e-01 4.220916e-01 3.831375e-02 4.934953e+00 -4.057360e-02 -3.631203e-03 9.991700e-01 1.273674e+01
3.683992e-01 -9.295246e-01 1.631917e-02 1.825971e+01 9.287638e-01 3.687583e-01 3.762113e-02 5.440485e+00 -4.098760e-02 1.297068e-03 9.991587e-01 1.288748e+01
3.145635e-01 -9.490931e-01 1.649944e-02 1.837068e+01 9.484494e-01 3.149629e-01 3.524311e-02 5.989405e+00 -3.864571e-02 4.562686e-03 9.992425e-01 1.303471e+01
2.613240e-01 -9.651186e-01 1.599598e-02 1.849704e+01 9.643081e-01 2.617652e-01 3.986214e-02 6.549457e+00 -4.265891e-02 5.008124e-03 9.990771e-01 1.318257e+01
2.097706e-01 -9.776027e-01 1.700757e-02 1.860238e+01 9.765778e-01 2.103390e-01 4.531595e-02 7.136510e+00 -4.787836e-02 7.103266e-03 9.988280e-01 1.333127e+01
1.606514e-01 -9.867960e-01 2.061153e-02 1.866552e+01 9.858024e-01 1.614529e-01 4.611858e-02 7.781582e+00 -4.883743e-02 1.290988e-02 9.987233e-01 1.347634e+01
1.158882e-01 -9.930400e-01 2.101479e-02 1.872774e+01 9.920136e-01 1.167772e-01 4.766816e-02 8.427947e+00 -4.979046e-02 1.532278e-02 9.986421e-01 1.362520e+01
7.513197e-02 -9.970054e-01 1.831891e-02 1.874540e+01 9.960326e-01 7.591190e-02 4.643753e-02 9.116174e+00 -4.768909e-02 1.475730e-02 9.987532e-01 1.376844e+01
3.956253e-02 -9.991091e-01 1.469296e-02 1.875378e+01 9.983268e-01 4.014361e-02 4.161852e-02 9.797661e+00 -4.217128e-02 1.302184e-02 9.990255e-01 1.390184e+01
1.035926e-02 -9.998882e-01 1.079486e-02 1.873413e+01 9.991225e-01 1.078825e-02 4.046996e-02 1.051095e+01 -4.058190e-02 1.036615e-02 9.991224e-01 1.403786e+01
-1.112713e-02 -9.999049e-01 8.154780e-03 1.870879e+01 9.989363e-01 -1.075065e-02 4.484097e-02 1.125571e+01 -4.474904e-02 8.645065e-03 9.989609e-01 1.417792e+01
-2.470667e-02 -9.996606e-01 8.276037e-03 1.867839e+01 9.984123e-01 -2.425493e-02 5.083872e-02 1.205879e+01 -5.062074e-02 9.518961e-03 9.986726e-01 1.431475e+01
-3.303616e-02 -9.994231e-01 7.869439e-03 1.863804e+01 9.980089e-01 -3.256407e-02 5.401803e-02 1.283292e+01 -5.373062e-02 9.638324e-03 9.985090e-01 1.445222e+01
-3.715028e-02 -9.992706e-01 8.845334e-03 1.859928e+01 9.979971e-01 -3.664649e-02 5.156495e-02 1.363908e+01 -5.120321e-02 1.074328e-02 9.986306e-01 1.458695e+01
-3.704602e-02 -9.992042e-01 1.479287e-02 1.856290e+01 9.981967e-01 -3.630090e-02 4.780725e-02 1.444456e+01 -4.723222e-02 1.653728e-02 9.987471e-01 1.471636e+01
-3.360487e-02 -9.990402e-01 2.809710e-02 1.854455e+01 9.984522e-01 -3.231207e-02 4.526482e-02 1.531422e+01 -4.431351e-02 2.957474e-02 9.985799e-01 1.483547e+01
-2.822450e-02 -9.991629e-01 2.961670e-02 1.851126e+01 9.986004e-01 -2.685806e-02 4.556320e-02 1.617216e+01 -4.472962e-02 3.086126e-02 9.985222e-01 1.496561e+01
-2.254030e-02 -9.993911e-01 2.663593e-02 1.847523e+01 9.987589e-01 -2.132638e-02 4.501178e-02 1.706447e+01 -4.441633e-02 2.761746e-02 9.986313e-01 1.510217e+01
-1.948169e-02 -9.993007e-01 3.191729e-02 1.845090e+01 9.990968e-01 -1.825206e-02 3.837429e-02 1.794977e+01 -3.776491e-02 3.263607e-02 9.987536e-01 1.523315e+01
-1.705256e-02 -9.993942e-01 3.033639e-02 1.841297e+01 9.994806e-01 -1.620855e-02 2.785361e-02 1.888795e+01 -2.734504e-02 3.079563e-02 9.991516e-01 1.535362e+01
-1.564207e-02 -9.996222e-01 2.260103e-02 1.836677e+01 9.996853e-01 -1.519170e-02 1.996269e-02 1.981498e+01 -1.961181e-02 2.290619e-02 9.995453e-01 1.548934e+01
-1.678385e-02 -9.997132e-01 1.708388e-02 1.832244e+01 9.997326e-01 -1.650745e-02 1.619262e-02 2.076519e+01 -1.590597e-02 1.735110e-02 9.997231e-01 1.562576e+01
-2.014547e-02 -9.997634e-01 8.209335e-03 1.826994e+01 9.995424e-01 -1.995432e-02 2.273603e-02 2.173618e+01 -2.256684e-02 8.663609e-03 9.997079e-01 1.577526e+01
-2.441454e-02 -9.997014e-01 1.035830e-03 1.821491e+01 9.992355e-01 -2.437149e-02 3.056753e-02 2.273041e+01 -3.053317e-02 1.781338e-03 9.995322e-01 1.592003e+01
-2.935778e-02 -9.995690e-01 -1.102407e-04 1.815988e+01 9.987707e-01 -2.933875e-02 3.995353e-02 2.375780e+01 -3.993955e-02 1.062849e-03 9.992014e-01 1.604745e+01
-3.130556e-02 -9.995083e-01 -1.841053e-03 1.810233e+01 9.982784e-01 -3.135834e-02 4.956497e-02 2.479838e+01 -4.959834e-02 -2.862171e-04 9.987692e-01 1.617061e+01
-3.254484e-02 -9.994699e-01 -9.155201e-04 1.804804e+01 9.977554e-01 -3.254263e-02 5.852523e-02 2.584427e+01 -5.852403e-02 9.912375e-04 9.982855e-01 1.628864e+01
-3.396628e-02 -9.994226e-01 8.582025e-04 1.799567e+01 9.976149e-01 -3.385319e-02 6.015301e-02 2.688297e+01 -6.008925e-02 2.899338e-03 9.981889e-01 1.640126e+01
-3.584682e-02 -9.993572e-01 -6.196828e-04 1.793590e+01 9.977499e-01 -3.582431e-02 5.667188e-02 2.792247e+01 -5.665767e-02 1.413226e-03 9.983926e-01 1.652574e+01
-3.826497e-02 -9.992674e-01 -7.799157e-04 1.788357e+01 9.979033e-01 -3.825349e-02 5.220823e-02 2.903588e+01 -5.219983e-02 1.219475e-03 9.986358e-01 1.634386e+01
-4.299871e-02 -9.990751e-01 -5.514432e-04 1.782840e+01 9.979600e-01 -4.297679e-02 4.721261e-02 3.015845e+01 -4.719265e-02 1.479772e-03 9.988847e-01 1.608505e+01
-4.872895e-02 -9.988120e-01 -6.186179e-04 1.776502e+01 9.979252e-01 -4.871176e-02 4.210220e-02 3.124136e+01 -4.208232e-02 1.434268e-03 9.991131e-01 1.594010e+01
-5.530398e-02 -9.984686e-01 -1.507844e-03 1.769541e+01 9.976923e-01 -5.532044e-02 3.936794e-02 3.234800e+01 -3.939107e-02 6.728491e-04 9.992236e-01 1.570555e+01
-6.179344e-02 -9.980876e-01 -1.701353e-03 1.761724e+01 9.971777e-01 -6.180975e-02 4.261903e-02 3.344604e+01 -4.264269e-02 9.370326e-04 9.990899e-01 1.556373e+01
-6.848270e-02 -9.976469e-01 -3.314046e-03 1.752667e+01 9.965000e-01 -6.856283e-02 4.782194e-02 3.457399e+01 -4.793663e-02 -2.746497e-05 9.988505e-01 1.534821e+01
-7.435613e-02 -9.972085e-01 -6.815170e-03 1.743003e+01 9.959107e-01 -7.460755e-02 5.094804e-02 3.568606e+01 -5.131430e-02 -2.998995e-03 9.986780e-01 1.519736e+01
-7.923568e-02 -9.968068e-01 -9.897565e-03 1.733012e+01 9.954267e-01 -7.964966e-02 5.274231e-02 3.681429e+01 -5.336225e-02 -5.673220e-03 9.985591e-01 1.501989e+01
-8.179402e-02 -9.965391e-01 -1.482788e-02 1.722226e+01 9.950992e-01 -8.248720e-02 5.452816e-02 3.792322e+01 -5.556256e-02 -1.029513e-02 9.984021e-01 1.488007e+01
-8.315692e-02 -9.963506e-01 -1.924731e-02 1.711120e+01 9.948975e-01 -8.411194e-02 5.571483e-02 3.904667e+01 -5.713044e-02 -1.451603e-02 9.982612e-01 1.471728e+01
-8.476597e-02 -9.961842e-01 -2.078123e-02 1.700698e+01 9.947605e-01 -8.580428e-02 5.557976e-02 4.014983e+01 -5.715082e-02 -1.596107e-02 9.982379e-01 1.458394e+01
-8.619706e-02 -9.960549e-01 -2.108863e-02 1.690133e+01 9.946901e-01 -8.723506e-02 5.460500e-02 4.124809e+01 -5.622926e-02 -1.626986e-02 9.982854e-01 1.445623e+01
-8.721934e-02 -9.959415e-01 -2.221780e-02 1.679167e+01 9.946407e-01 -8.830512e-02 5.377818e-02 4.234752e+01 -5.552186e-02 -1.740823e-02 9.983057e-01 1.432017e+01
-8.806475e-02 -9.958127e-01 -2.453703e-02 1.668048e+01 9.945825e-01 -8.926834e-02 5.326140e-02 4.344764e+01 -5.522877e-02 -1.971364e-02 9.982791e-01 1.420946e+01
-8.887591e-02 -9.956383e-01 -2.838604e-02 1.654141e+01 9.946108e-01 -9.023970e-02 5.105129e-02 4.454637e+01 -5.339017e-02 -2.369583e-02 9.982926e-01 1.407962e+01
-8.920904e-02 -9.954531e-01 -3.339308e-02 1.640474e+01 9.948097e-01 -9.069863e-02 4.612336e-02 4.565054e+01 -4.894235e-02 -2.910514e-02 9.983774e-01 1.398281e+01
-8.852775e-02 -9.954346e-01 -3.567859e-02 1.626680e+01 9.949274e-01 -9.008715e-02 4.476579e-02 4.676005e+01 -4.777562e-02 -3.153459e-02 9.983603e-01 1.386935e+01
-8.674099e-02 -9.955477e-01 -3.689147e-02 1.614450e+01 9.949001e-01 -8.847916e-02 4.842910e-02 4.787523e+01 -5.147762e-02 -3.250254e-02 9.981452e-01 1.378426e+01
-8.494464e-02 -9.956525e-01 -3.822010e-02 1.599213e+01 9.948051e-01 -8.690714e-02 5.300701e-02 4.897325e+01 -5.609816e-02 -3.351890e-02 9.978626e-01 1.368384e+01
-8.397671e-02 -9.958491e-01 -3.510917e-02 1.586570e+01 9.949623e-01 -8.573379e-02 5.195954e-02 5.008294e+01 -5.475391e-02 -3.056891e-02 9.980319e-01 1.359132e+01
-8.219225e-02 -9.960278e-01 -3.425264e-02 1.572692e+01 9.951535e-01 -8.388462e-02 5.131003e-02 5.120851e+01 -5.397950e-02 -2.986936e-02 9.980952e-01 1.349249e+01
-7.844063e-02 -9.961790e-01 -3.839811e-02 1.558567e+01 9.953980e-01 -8.038951e-02 5.215653e-02 5.233005e+01 -5.504405e-02 -3.413021e-02 9.979005e-01 1.340908e+01
-7.326800e-02 -9.963595e-01 -4.358434e-02 1.542599e+01 9.957477e-01 -7.553010e-02 5.274116e-02 5.345946e+01 -5.584110e-02 -3.953477e-02 9.976566e-01 1.331726e+01
-6.776328e-02 -9.965865e-01 -4.715359e-02 1.527560e+01 9.961423e-01 -7.022298e-02 5.262396e-02 5.456561e+01 -5.575562e-02 -4.340572e-02 9.975004e-01 1.322883e+01
-6.263491e-02 -9.968536e-01 -4.857877e-02 1.510818e+01 9.965196e-01 -6.514820e-02 5.200415e-02 5.568502e+01 -5.500537e-02 -4.515242e-02 9.974647e-01 1.312601e+01
-5.750076e-02 -9.971974e-01 -4.786570e-02 1.497713e+01 9.969072e-01 -5.992454e-02 5.084359e-02 5.680734e+01 -5.356944e-02 -4.479412e-02 9.975590e-01 1.303963e+01
-5.273799e-02 -9.975449e-01 -4.607553e-02 1.486236e+01 9.971765e-01 -5.507627e-02 5.104570e-02 5.793904e+01 -5.345807e-02 -4.325338e-02 9.976329e-01 1.295697e+01
-4.806402e-02 -9.978303e-01 -4.499787e-02 1.475185e+01 9.974089e-01 -5.036043e-02 5.137289e-02 5.907747e+01 -5.352754e-02 -4.241209e-02 9.976653e-01 1.287361e+01
-4.287700e-02 -9.981348e-01 -4.345798e-02 1.466263e+01 9.975705e-01 -4.516222e-02 5.304327e-02 6.021888e+01 -5.490700e-02 -4.107806e-02 9.976462e-01 1.279822e+01
-3.801735e-02 -9.982846e-01 -4.452638e-02 1.456696e+01 9.977409e-01 -4.039096e-02 5.368076e-02 6.136980e+01 -5.538716e-02 -4.238499e-02 9.975649e-01 1.270701e+01
-3.294419e-02 -9.984814e-01 -4.415599e-02 1.449104e+01 9.978964e-01 -3.532871e-02 5.435663e-02 6.250972e+01 -5.583407e-02 -4.227237e-02 9.975448e-01 1.262491e+01
-2.850723e-02 -9.986527e-01 -4.336341e-02 1.441413e+01 9.982991e-01 -3.065057e-02 4.959300e-02 6.364495e+01 -5.085531e-02 -4.187591e-02 9.978277e-01 1.253830e+01
-2.459983e-02 -9.987841e-01 -4.272377e-02 1.435690e+01 9.986685e-01 -2.649052e-02 4.426675e-02 6.478651e+01 -4.534471e-02 -4.157793e-02 9.981058e-01 1.246537e+01
-2.147433e-02 -9.988679e-01 -4.244887e-02 1.430326e+01 9.988142e-01 -2.329005e-02 4.275339e-02 6.594602e+01 -4.369365e-02 -4.148044e-02 9.981835e-01 1.239077e+01
-1.851285e-02 -9.989356e-01 -4.224779e-02 1.423777e+01 9.987426e-01 -2.044518e-02 4.577409e-02 6.713696e+01 -4.658915e-02 -4.134725e-02 9.980581e-01 1.231283e+01
-1.687459e-02 -9.989792e-01 -4.190272e-02 1.416359e+01 9.987715e-01 -1.879433e-02 4.585111e-02 6.834737e+01 -4.659186e-02 -4.107752e-02 9.980690e-01 1.223228e+01
-1.620456e-02 -9.989154e-01 -4.364942e-02 1.409991e+01 9.988090e-01 -1.818136e-02 4.527843e-02 6.954570e+01 -4.602294e-02 -4.286373e-02 9.980203e-01 1.216220e+01
-1.569538e-02 -9.988614e-01 -4.504910e-02 1.403407e+01 9.987653e-01 -1.778594e-02 4.638699e-02 7.074300e+01 -4.713544e-02 -4.426541e-02 9.979073e-01 1.209737e+01
-1.482065e-02 -9.988455e-01 -4.569500e-02 1.398390e+01 9.987789e-01 -1.694273e-02 4.640789e-02 7.194239e+01 -4.712852e-02 -4.495140e-02 9.978769e-01 1.202529e+01
-1.396320e-02 -9.988348e-01 -4.619516e-02 1.395579e+01 9.988912e-01 -1.601156e-02 4.427283e-02 7.315688e+01 -4.496092e-02 -4.552574e-02 9.979509e-01 1.196204e+01
-1.368747e-02 -9.989153e-01 -4.450892e-02 1.392793e+01 9.989513e-01 -1.560589e-02 4.304409e-02 7.439531e+01 -4.369202e-02 -4.387309e-02 9.980812e-01 1.190145e+01
-1.376845e-02 -9.990754e-01 -4.072820e-02 1.390953e+01 9.989511e-01 -1.552290e-02 4.307919e-02 7.558817e+01 -4.367159e-02 -4.009235e-02 9.982411e-01 1.185160e+01
-1.403397e-02 -9.991475e-01 -3.882271e-02 1.388874e+01 9.989426e-01 -1.570995e-02 4.320731e-02 7.678278e+01 -4.378039e-02 -3.817528e-02 9.983116e-01 1.180404e+01
-1.396898e-02 -9.991747e-01 -3.814089e-02 1.386606e+01 9.988230e-01 -1.571577e-02 4.588946e-02 7.797744e+01 -4.645102e-02 -3.745496e-02 9.982182e-01 1.174944e+01
-1.373644e-02 -9.990720e-01 -4.082341e-02 1.383620e+01 9.986321e-01 -1.576754e-02 4.985502e-02 7.917948e+01 -5.045244e-02 -4.008273e-02 9.979218e-01 1.168981e+01
-1.316817e-02 -9.989807e-01 -4.317708e-02 1.379900e+01 9.986270e-01 -1.532847e-02 5.009038e-02 8.036443e+01 -5.070118e-02 -4.245820e-02 9.978110e-01 1.163460e+01
-1.312101e-02 -9.989411e-01 -4.409721e-02 1.375551e+01 9.987426e-01 -1.522692e-02 4.776446e-02 8.154147e+01 -4.838535e-02 -4.341505e-02 9.978848e-01 1.157622e+01
-1.322899e-02 -9.989389e-01 -4.411655e-02 1.372715e+01 9.988599e-01 -1.522618e-02 4.524630e-02 8.272888e+01 -4.587002e-02 -4.346769e-02 9.980012e-01 1.152257e+01
-1.365282e-02 -9.990236e-01 -4.201896e-02 1.371102e+01 9.988791e-01 -1.553156e-02 4.471502e-02 8.395160e+01 -4.532399e-02 -4.136138e-02 9.981157e-01 1.147051e+01
-1.372648e-02 -9.990881e-01 -4.043045e-02 1.369513e+01 9.988016e-01 -1.559979e-02 4.638927e-02 8.515822e+01 -4.697769e-02 -3.974523e-02 9.981049e-01 1.142097e+01
-1.348779e-02 -9.991190e-01 -3.973958e-02 1.367707e+01 9.986739e-01 -1.543533e-02 4.911561e-02 8.635910e+01 -4.968576e-02 -3.902442e-02 9.980022e-01 1.137076e+01
-1.302505e-02 -9.991062e-01 -4.021294e-02 1.365295e+01 9.985614e-01 -1.508891e-02 5.145419e-02 8.755921e+01 -5.201500e-02 -3.948489e-02 9.978655e-01 1.131749e+01
-1.292081e-02 -9.990413e-01 -4.182837e-02 1.362145e+01 9.985281e-01 -1.509524e-02 5.209322e-02 8.875587e+01 -5.267469e-02 -4.109371e-02 9.977659e-01 1.125812e+01
-1.290806e-02 -9.990632e-01 -4.130675e-02 1.359607e+01 9.986358e-01 -1.497080e-02 5.002375e-02 8.996179e+01 -5.059529e-02 -4.060469e-02 9.978936e-01 1.119455e+01
-1.295803e-02 -9.991307e-01 -3.962510e-02 1.356962e+01 9.987194e-01 -1.487063e-02 4.835974e-02 9.114502e+01 -4.890697e-02 -3.894771e-02 9.980437e-01 1.113895e+01
-1.308546e-02 -9.991912e-01 -3.802228e-02 1.353555e+01 9.986770e-01 -1.495103e-02 4.920255e-02 9.231959e+01 -4.973124e-02 -3.732813e-02 9.980648e-01 1.109165e+01
-1.307495e-02 -9.992630e-01 -3.609325e-02 1.350991e+01 9.985163e-01 -1.495645e-02 5.236101e-02 9.348888e+01 -5.286227e-02 -3.535509e-02 9.979758e-01 1.104314e+01
-1.293071e-02 -9.993174e-01 -3.460670e-02 1.348347e+01 9.983799e-01 -1.482109e-02 5.493790e-02 9.466261e+01 -5.541332e-02 -3.384024e-02 9.978899e-01 1.098882e+01
-1.260092e-02 -9.992990e-01 -3.525335e-02 1.344976e+01 9.983059e-01 -1.457556e-02 5.632875e-02 9.582724e+01 -5.680313e-02 -3.448383e-02 9.977897e-01 1.092886e+01
-1.216949e-02 -9.992228e-01 -3.749271e-02 1.340670e+01 9.981952e-01 -1.434504e-02 5.831445e-02 9.698439e+01 -5.880698e-02 -3.671539e-02 9.975939e-01 1.086603e+01
-1.201030e-02 -9.991214e-01 -4.015238e-02 1.337084e+01 9.982353e-01 -1.431572e-02 5.763162e-02 9.814542e+01 -5.815581e-02 -3.938934e-02 9.975301e-01 1.080337e+01
-1.178604e-02 -9.990174e-01 -4.272212e-02 1.333259e+01 9.984351e-01 -1.409345e-02 5.411712e-02 9.931423e+01 -5.466606e-02 -4.201743e-02 9.976203e-01 1.073120e+01
-1.156818e-02 -9.989379e-01 -4.460093e-02 1.330166e+01 9.985143e-01 -1.391552e-02 5.268375e-02 1.004817e+02 -5.324845e-02 -4.392521e-02 9.976148e-01 1.065472e+01
-1.177240e-02 -9.989574e-01 -4.410921e-02 1.327736e+01 9.985976e-01 -1.402235e-02 5.105163e-02 1.016475e+02 -5.161692e-02 -4.344635e-02 9.977214e-01 1.058057e+01
-1.182753e-02 -9.990178e-01 -4.270336e-02 1.325519e+01 9.986691e-01 -1.394585e-02 4.965340e-02 1.028148e+02 -5.020018e-02 -4.205925e-02 9.978532e-01 1.050779e+01
-1.191505e-02 -9.990383e-01 -4.219612e-02 1.323263e+01 9.985699e-01 -1.408763e-02 5.157033e-02 1.039805e+02 -5.211519e-02 -4.152131e-02 9.977775e-01 1.043874e+01
-1.170751e-02 -9.990876e-01 -4.107155e-02 1.320955e+01 9.984135e-01 -1.394222e-02 5.455273e-02 1.051518e+02 -5.507560e-02 -4.036772e-02 9.976658e-01 1.036907e+01
-1.220185e-02 -9.989238e-01 -4.474742e-02 1.318771e+01 9.984599e-01 -1.459393e-02 5.352638e-02 1.063256e+02 -5.412184e-02 -4.402537e-02 9.975634e-01 1.029571e+01
-1.252268e-02 -9.986970e-01 -4.947315e-02 1.316514e+01 9.983892e-01 -1.522627e-02 5.465417e-02 1.075148e+02 -5.533626e-02 -4.870905e-02 9.972789e-01 1.021895e+01
-1.256897e-02 -9.985323e-01 -5.268253e-02 1.313722e+01 9.984360e-01 -1.540318e-02 5.374193e-02 1.086963e+02 -5.447455e-02 -5.192465e-02 9.971641e-01 1.015080e+01
-1.282169e-02 -9.984928e-01 -5.336463e-02 1.311101e+01 9.986119e-01 -1.551342e-02 5.033578e-02 1.098855e+02 -5.108781e-02 -5.264516e-02 9.973056e-01 1.008184e+01
-1.372816e-02 -9.984640e-01 -5.367684e-02 1.308763e+01 9.988177e-01 -1.619716e-02 4.583639e-02 1.110716e+02 -4.663542e-02 -5.298412e-02 9.975058e-01 1.001772e+01
-1.472154e-02 -9.986183e-01 -5.044741e-02 1.306859e+01 9.988390e-01 -1.700189e-02 4.507585e-02 1.122714e+02 -4.587129e-02 -4.972525e-02 9.977090e-01 9.957124e+00
-1.551714e-02 -9.988181e-01 -4.606114e-02 1.305211e+01 9.988408e-01 -1.758397e-02 4.481075e-02 1.134775e+02 -4.556773e-02 -4.531240e-02 9.979331e-01 9.900084e+00
-1.612668e-02 -9.988611e-01 -4.490477e-02 1.303003e+01 9.987721e-01 -1.819675e-02 4.607846e-02 1.146922e+02 -4.684311e-02 -4.410654e-02 9.979280e-01 9.840917e+00
-1.674562e-02 -9.988664e-01 -4.455857e-02 1.300609e+01 9.985576e-01 -1.898097e-02 5.022582e-02 1.159124e+02 -5.101467e-02 -4.365323e-02 9.977434e-01 9.783619e+00
-1.752644e-02 -9.989204e-01 -4.302372e-02 1.298467e+01 9.985217e-01 -1.970125e-02 5.065677e-02 1.171342e+02 -5.144971e-02 -4.207230e-02 9.977889e-01 9.721007e+00
-1.816632e-02 -9.989233e-01 -4.268823e-02 1.296561e+01 9.987246e-01 -2.014126e-02 4.629887e-02 1.183600e+02 -4.710883e-02 -4.179270e-02 9.980150e-01 9.652705e+00
-1.902623e-02 -9.989009e-01 -4.283598e-02 1.294256e+01 9.988884e-01 -2.083922e-02 4.228302e-02 1.195884e+02 -4.312923e-02 -4.198387e-02 9.981870e-01 9.590480e+00
-2.016006e-02 -9.989045e-01 -4.222955e-02 1.291959e+01 9.989274e-01 -2.188562e-02 4.080579e-02 1.208264e+02 -4.168532e-02 -4.136162e-02 9.982744e-01 9.533738e+00
-2.060277e-02 -9.988458e-01 -4.338916e-02 1.289268e+01 9.988731e-01 -2.242050e-02 4.183223e-02 1.220768e+02 -4.275677e-02 -4.247840e-02 9.981821e-01 9.479221e+00
-2.078691e-02 -9.986145e-01 -4.834406e-02 1.285981e+01 9.986552e-01 -2.303627e-02 4.644611e-02 1.233363e+02 -4.749544e-02 -4.731358e-02 9.977503e-01 9.423234e+00
-2.067195e-02 -9.983081e-01 -5.434912e-02 1.282154e+01 9.984614e-01 -2.341178e-02 5.026793e-02 1.245964e+02 -5.145530e-02 -5.322637e-02 9.972558e-01 9.365960e+00
-2.042842e-02 -9.979039e-01 -6.140632e-02 1.278168e+01 9.984795e-01 -2.350845e-02 4.986149e-02 1.258554e+02 -5.120054e-02 -6.029436e-02 9.968667e-01 9.302394e+00
-2.017780e-02 -9.976861e-01 -6.492637e-02 1.274481e+01 9.985895e-01 -2.330086e-02 4.770944e-02 1.271138e+02 -4.911190e-02 -6.387213e-02 9.967489e-01 9.241470e+00
-2.066927e-02 -9.975500e-01 -6.683588e-02 1.271147e+01 9.986384e-01 -2.380209e-02 4.642185e-02 1.283738e+02 -4.789895e-02 -6.578536e-02 9.966835e-01 9.182832e+00
-2.124957e-02 -9.974906e-01 -6.753568e-02 1.268166e+01 9.986261e-01 -2.441313e-02 4.636791e-02 1.296320e+02 -4.790033e-02 -6.645759e-02 9.966390e-01 9.128893e+00
-2.200895e-02 -9.976248e-01 -6.527386e-02 1.266295e+01 9.986618e-01 -2.499424e-02 4.527641e-02 1.308920e+02 -4.680035e-02 -6.419004e-02 9.968398e-01 9.075391e+00
-2.249372e-02 -9.976063e-01 -6.538924e-02 1.261786e+01 9.986338e-01 -2.550636e-02 4.560868e-02 1.321446e+02 -4.716736e-02 -6.427398e-02 9.968171e-01 9.018961e+00
-2.294742e-02 -9.975966e-01 -6.537984e-02 1.257138e+01 9.983700e-01 -2.628548e-02 5.066222e-02 1.334141e+02 -5.225900e-02 -6.411069e-02 9.965736e-01 8.952118e+00
-2.348522e-02 -9.976174e-01 -6.487054e-02 1.251479e+01 9.980813e-01 -2.711571e-02 5.566379e-02 1.346899e+02 -5.729018e-02 -6.343880e-02 9.963399e-01 8.876367e+00
-2.382022e-02 -9.976140e-01 -6.479942e-02 1.245569e+01 9.981791e-01 -2.732662e-02 5.377490e-02 1.359517e+02 -5.541735e-02 -6.340051e-02 9.964484e-01 8.797613e+00
-2.340531e-02 -9.976271e-01 -6.474856e-02 1.240015e+01 9.982804e-01 -2.680411e-02 5.213151e-02 1.372254e+02 -5.374335e-02 -6.341706e-02 9.965389e-01 8.715168e+00
-2.240812e-02 -9.976951e-01 -6.405082e-02 1.235377e+01 9.982998e-01 -2.577792e-02 5.227837e-02 1.384851e+02 -5.380898e-02 -6.277046e-02 9.965764e-01 8.644664e+00
-2.166611e-02 -9.976944e-01 -6.431801e-02 1.230698e+01 9.983591e-01 -2.500152e-02 5.151456e-02 1.397483e+02 -5.300385e-02 -6.309636e-02 9.965990e-01 8.573187e+00
-2.094694e-02 -9.977303e-01 -6.399816e-02 1.226615e+01 9.983044e-01 -2.435033e-02 5.287086e-02 1.410047e+02 -5.430924e-02 -6.278216e-02 9.965485e-01 8.507405e+00
-1.988828e-02 -9.976630e-01 -6.536983e-02 1.223540e+01 9.980873e-01 -2.363959e-02 5.712264e-02 1.422681e+02 -5.853448e-02 -6.410872e-02 9.962248e-01 8.431249e+00
-1.841278e-02 -9.975973e-01 -6.678983e-02 1.220261e+01 9.980360e-01 -2.233928e-02 5.852675e-02 1.435199e+02 -5.987817e-02 -6.558101e-02 9.960489e-01 8.356465e+00
-1.756421e-02 -9.974594e-01 -6.903920e-02 1.216898e+01 9.982052e-01 -2.144752e-02 5.591526e-02 1.447688e+02 -5.725393e-02 -6.793318e-02 9.960457e-01 8.279950e+00
-1.770253e-02 -9.975349e-01 -6.790250e-02 1.213986e+01 9.983943e-01 -2.129090e-02 5.249147e-02 1.460092e+02 -5.380779e-02 -6.686426e-02 9.963101e-01 8.209357e+00
-1.802982e-02 -9.977193e-01 -6.504775e-02 1.211515e+01 9.984791e-01 -2.135730e-02 5.082707e-02 1.472532e+02 -5.210041e-02 -6.403242e-02 9.965869e-01 8.142591e+00
-1.836011e-02 -9.977930e-01 -6.381307e-02 1.210081e+01 9.984986e-01 -2.159262e-02 5.034110e-02 1.485036e+02 -5.160790e-02 -6.279300e-02 9.966913e-01 8.071749e+00
-1.869749e-02 -9.979593e-01 -6.105506e-02 1.208263e+01 9.984888e-01 -2.179392e-02 5.044976e-02 1.497456e+02 -5.167745e-02 -6.001952e-02 9.968586e-01 8.004714e+00
-1.905634e-02 -9.980844e-01 -5.885959e-02 1.206416e+01 9.985186e-01 -2.199939e-02 4.976486e-02 1.509876e+02 -5.096444e-02 -5.782408e-02 9.970251e-01 7.939712e+00
-1.887009e-02 -9.981138e-01 -5.842000e-02 1.203914e+01 9.985191e-01 -2.179528e-02 4.984626e-02 1.522243e+02 -5.102553e-02 -5.739288e-02 9.970468e-01 7.875679e+00
-1.915073e-02 -9.982612e-01 -5.574932e-02 1.201863e+01 9.984114e-01 -2.204925e-02 5.184988e-02 1.534660e+02 -5.298897e-02 -5.466780e-02 9.970976e-01 7.809267e+00
-1.950456e-02 -9.983827e-01 -5.340028e-02 1.199452e+01 9.983152e-01 -2.236699e-02 5.354116e-02 1.547028e+02 -5.464899e-02 -5.226601e-02 9.971368e-01 7.743413e+00
-1.979595e-02 -9.985073e-01 -5.090731e-02 1.197416e+01 9.983905e-01 -2.244897e-02 5.208234e-02 1.559386e+02 -5.314743e-02 -4.979436e-02 9.973444e-01 7.673790e+00
-2.035161e-02 -9.984370e-01 -5.205544e-02 1.194679e+01 9.983690e-01 -2.307281e-02 5.221970e-02 1.571686e+02 -5.333916e-02 -5.090779e-02 9.972780e-01 7.608214e+00
-2.006950e-02 -9.984069e-01 -5.273672e-02 1.191841e+01 9.981068e-01 -2.307485e-02 5.701112e-02 1.584057e+02 -5.813719e-02 -5.149269e-02 9.969797e-01 7.541046e+00
-1.923556e-02 -9.981064e-01 -5.842800e-02 1.188228e+01 9.977214e-01 -2.294230e-02 6.344765e-02 1.596386e+02 -6.466798e-02 -5.707442e-02 9.962733e-01 7.472880e+00
-1.753351e-02 -9.978659e-01 -6.290062e-02 1.184693e+01 9.977188e-01 -2.156343e-02 6.397237e-02 1.608694e+02 -6.519222e-02 -6.163548e-02 9.959673e-01 7.396663e+00
-1.622627e-02 -9.976478e-01 -6.660199e-02 1.181324e+01 9.979943e-01 -2.023630e-02 5.998294e-02 1.620886e+02 -6.118961e-02 -6.549511e-02 9.959750e-01 7.320116e+00
-1.481470e-02 -9.975595e-01 -6.823235e-02 1.177872e+01 9.983224e-01 -1.857692e-02 5.483822e-02 1.633019e+02 -5.597196e-02 -6.730549e-02 9.961612e-01 7.244758e+00
-1.407551e-02 -9.974012e-01 -7.066070e-02 1.173049e+01 9.984653e-01 -1.780569e-02 5.244098e-02 1.645206e+02 -5.356287e-02 -6.981413e-02 9.961209e-01 7.164793e+00
-1.348265e-02 -9.977053e-01 -6.635079e-02 1.169449e+01 9.985713e-01 -1.686626e-02 5.070289e-02 1.657393e+02 -5.170564e-02 -6.557238e-02 9.965073e-01 7.093590e+00
-1.385783e-02 -9.979761e-01 -6.206273e-02 1.165985e+01 9.988349e-01 -1.668586e-02 4.528337e-02 1.669541e+02 -4.622731e-02 -6.136289e-02 9.970445e-01 7.021255e+00
-1.435589e-02 -9.982886e-01 -5.669337e-02 1.164454e+01 9.989061e-01 -1.684222e-02 4.362441e-02 1.681588e+02 -4.450459e-02 -5.600509e-02 9.974381e-01 6.965086e+00
-1.544567e-02 -9.984611e-01 -5.326329e-02 1.163681e+01 9.988640e-01 -1.780974e-02 4.419957e-02 1.693548e+02 -4.508016e-02 -5.252010e-02 9.976019e-01 6.913440e+00
-1.459785e-02 -9.984400e-01 -5.389531e-02 1.161651e+01 9.984902e-01 -1.741086e-02 5.209877e-02 1.705635e+02 -5.295587e-02 -5.305342e-02 9.971865e-01 6.861876e+00
-1.280920e-02 -9.983506e-01 -5.596727e-02 1.159810e+01 9.983569e-01 -1.589563e-02 5.505458e-02 1.717662e+02 -5.585342e-02 -5.517010e-02 9.969137e-01 6.803946e+00
-1.106096e-02 -9.983439e-01 -5.645518e-02 1.157979e+01 9.985613e-01 -1.399061e-02 5.176470e-02 1.729656e+02 -5.246884e-02 -5.580139e-02 9.970623e-01 6.740772e+00
-1.017354e-02 -9.982432e-01 -5.837125e-02 1.156312e+01 9.986266e-01 -1.314300e-02 5.071573e-02 1.741689e+02 -5.139383e-02 -5.777513e-02 9.970059e-01 6.678675e+00
-9.248316e-03 -9.983147e-01 -5.729374e-02 1.154941e+01 9.985214e-01 -1.228917e-02 5.295201e-02 1.753722e+02 -5.356685e-02 -5.671931e-02 9.969521e-01 6.622032e+00
-8.696964e-03 -9.983656e-01 -5.648638e-02 1.153589e+01 9.986097e-01 -1.160833e-02 5.141917e-02 1.765633e+02 -5.199085e-02 -5.596066e-02 9.970784e-01 6.563483e+00
-7.158107e-03 -9.983773e-01 -5.649700e-02 1.152384e+01 9.987096e-01 -9.978406e-03 4.979632e-02 1.777361e+02 -5.027928e-02 -5.606765e-02 9.971601e-01 6.505512e+00
-5.406093e-03 -9.982912e-01 -5.818695e-02 1.150902e+01 9.986458e-01 -8.400688e-03 5.134417e-02 1.788846e+02 -5.174527e-02 -5.783058e-02 9.969845e-01 6.454103e+00
-3.854411e-03 -9.982945e-01 -5.825288e-02 1.149900e+01 9.985509e-01 -6.969197e-03 5.336190e-02 1.800030e+02 -5.367688e-02 -5.796278e-02 9.968746e-01 6.406965e+00
-3.329841e-03 -9.982562e-01 -5.893723e-02 1.149052e+01 9.984683e-01 -6.573863e-03 5.493399e-02 1.810913e+02 -5.522566e-02 -5.866405e-02 9.967491e-01 6.359303e+00
-2.982765e-03 -9.982241e-01 -5.949702e-02 1.148370e+01 9.983879e-01 -6.345085e-03 5.640383e-02 1.821559e+02 -5.668119e-02 -5.923287e-02 9.966337e-01 6.310347e+00
-3.040280e-03 -9.982825e-01 -5.850791e-02 1.147776e+01 9.983171e-01 -6.418357e-03 5.763612e-02 1.831964e+02 -5.791266e-02 -5.823420e-02 9.966218e-01 6.259520e+00
-2.813388e-03 -9.982665e-01 -5.879110e-02 1.147258e+01 9.983630e-01 -6.162500e-03 5.686291e-02 1.842047e+02 -5.712663e-02 -5.853488e-02 9.966494e-01 6.207680e+00
-1.400615e-03 -9.982285e-01 -5.948205e-02 1.146439e+01 9.983725e-01 -4.787030e-03 5.682747e-02 1.851788e+02 -5.701155e-02 -5.930566e-02 9.966105e-01 6.157278e+00
2.249824e-04 -9.981886e-01 -6.016329e-02 1.145924e+01 9.983696e-01 -3.210016e-03 5.699181e-02 1.861271e+02 -5.708173e-02 -6.007801e-02 9.965603e-01 6.109195e+00
-5.129459e-04 -9.982411e-01 -5.928334e-02 1.146113e+01 9.984480e-01 -3.812747e-03 5.556179e-02 1.870618e+02 -5.569012e-02 -5.916284e-02 9.966938e-01 6.064211e+00
-3.738169e-03 -9.983777e-01 -5.681885e-02 1.146725e+01 9.985812e-01 -6.745014e-03 5.282059e-02 1.879960e+02 -5.311814e-02 -5.654079e-02 9.969862e-01 6.019688e+00
-8.861989e-03 -9.983624e-01 -5.651661e-02 1.146066e+01 9.987110e-01 -1.166159e-02 4.940011e-02 1.889175e+02 -4.997829e-02 -5.600598e-02 9.971787e-01 5.973853e+00
-1.385194e-02 -9.981991e-01 -5.836822e-02 1.144484e+01 9.987944e-01 -1.656231e-02 4.621083e-02 1.898365e+02 -4.709433e-02 -5.765775e-02 9.972250e-01 5.926964e+00
-1.793447e-02 -9.980119e-01 -6.042250e-02 1.142466e+01 9.987786e-01 -2.066540e-02 4.487996e-02 1.907604e+02 -4.603940e-02 -5.954380e-02 9.971634e-01 5.881032e+00
-2.067083e-02 -9.978329e-01 -6.246877e-02 1.140098e+01 9.986781e-01 -2.354875e-02 4.569030e-02 1.916726e+02 -4.706236e-02 -6.144173e-02 9.970006e-01 5.835160e+00
-2.252729e-02 -9.978301e-01 -6.186852e-02 1.138096e+01 9.985669e-01 -2.546250e-02 4.707146e-02 1.925921e+02 -4.854466e-02 -6.071947e-02 9.969737e-01 5.787408e+00
-2.427467e-02 -9.979723e-01 -5.883991e-02 1.136089e+01 9.984283e-01 -2.717580e-02 4.901743e-02 1.935027e+02 -5.051706e-02 -5.755755e-02 9.970633e-01 5.740343e+00
-2.565300e-02 -9.980189e-01 -5.744975e-02 1.133845e+01 9.983628e-01 -2.851610e-02 4.958411e-02 1.944099e+02 -5.112413e-02 -5.608372e-02 9.971164e-01 5.693476e+00
-2.670136e-02 -9.979864e-01 -5.753559e-02 1.130926e+01 9.983687e-01 -2.952883e-02 4.886663e-02 1.953129e+02 -5.046720e-02 -5.613693e-02 9.971467e-01 5.646447e+00
-2.747079e-02 -9.978787e-01 -5.902125e-02 1.128361e+01 9.984081e-01 -3.029913e-02 4.757272e-02 1.962157e+02 -4.926010e-02 -5.762044e-02 9.971225e-01 5.595114e+00
-2.727088e-02 -9.976397e-01 -6.302027e-02 1.125086e+01 9.984404e-01 -3.025657e-02 4.691825e-02 1.971173e+02 -4.871430e-02 -6.164249e-02 9.969088e-01 5.546741e+00
-2.647218e-02 -9.975020e-01 -6.549113e-02 1.122235e+01 9.985533e-01 -2.945365e-02 4.498605e-02 1.980242e+02 -4.680264e-02 -6.420552e-02 9.968386e-01 5.498652e+00
-2.566310e-02 -9.974893e-01 -6.600492e-02 1.119282e+01 9.986851e-01 -2.851294e-02 4.260273e-02 1.989305e+02 -4.437777e-02 -6.482480e-02 9.969094e-01 5.451423e+00
