1.000000e+00 0.000000e+00 -4.656613e-10 0.000000e+00 -1.164153e-10 1.000000e+00 1.091394e-11 4.656613e-10 -4.656613e-10 9.376890e-10 1.000000e+00 0.000000e+00
9.999308e-01 1.170817e-02 1.198913e-03 2.882498e-01 -1.170451e-02 9.999270e-01 -3.019154e-03 -1.830120e-02 -1.234175e-03 3.004913e-03 9.999947e-01 6.838262e-03
9.998260e-01 1.859465e-02 1.518552e-03 5.810086e-01 -1.858677e-02 9.998145e-01 -5.051202e-03 -3.414325e-02 -1.612196e-03 5.022101e-03 9.999861e-01 1.161329e-02
9.997853e-01 2.072280e-02 1.620264e-04 8.794277e-01 -2.072089e-02 9.997543e-01 -7.877783e-03 -4.961405e-02 -3.252374e-04 7.872738e-03 9.999689e-01 1.407667e-02
9.998171e-01 1.905243e-02 -1.705888e-03 1.185246e+00 -1.906756e-02 9.997746e-01 -9.337774e-03 -6.183546e-02 1.527596e-03 9.368593e-03 9.999550e-01 1.604903e-02
9.999164e-01 1.260539e-02 -2.944596e-03 1.500745e+00 -1.263923e-02 9.998509e-01 -1.177187e-02 -7.014713e-02 2.795766e-03 1.180811e-02 9.999264e-01 1.763171e-02
9.999867e-01 5.646501e-04 -5.123726e-03 1.823998e+00 -6.365270e-04 9.999013e-01 -1.403747e-02 -7.418600e-02 5.115293e-03 1.404055e-02 9.998883e-01 2.034119e-02
9.998662e-01 -1.549997e-02 -5.230780e-03 2.161682e+00 1.542807e-02 9.997896e-01 -1.351815e-02 -6.827743e-02 5.439209e-03 1.343564e-02 9.998949e-01 2.706182e-02
9.993886e-01 -3.460054e-02 -5.032251e-03 2.516655e+00 3.455393e-02 9.993617e-01 -9.069194e-03 -5.212859e-02 5.342837e-03 8.889765e-03 9.999462e-01 3.566346e-02
9.985154e-01 -5.409351e-02 -6.403255e-03 2.875600e+00 5.405831e-02 9.985225e-01 -5.548193e-03 -2.756963e-02 6.693913e-03 5.193810e-03 9.999641e-01 4.212867e-02
9.972256e-01 -7.409984e-02 -7.098757e-03 3.247627e+00 7.406538e-02 9.972409e-01 -4.998330e-03 -6.635375e-04 7.449545e-03 4.458693e-03 9.999623e-01 4.753812e-02
9.954583e-01 -9.497985e-02 -6.467540e-03 3.631833e+00 9.493733e-02 9.954615e-01 -6.591121e-03 3.193960e-02 7.064207e-03 5.947178e-03 9.999573e-01 5.208246e-02
9.933557e-01 -1.149540e-01 -5.491018e-03 4.023835e+00 1.149077e-01 9.933431e-01 -8.119103e-03 7.621079e-02 6.387787e-03 7.434196e-03 9.999520e-01 5.793905e-02
9.910981e-01 -1.330345e-01 -5.135981e-03 4.421173e+00 1.329962e-01 9.910905e-01 -7.186359e-03 1.394363e-01 6.046253e-03 6.439323e-03 9.999610e-01 6.566048e-02
9.888616e-01 -1.487767e-01 -4.275886e-03 4.832062e+00 1.487512e-01 9.888577e-01 -5.779512e-03 2.117576e-01 5.088098e-03 5.079098e-03 9.999741e-01 7.349188e-02
9.866883e-01 -1.625573e-01 -4.644779e-03 5.253309e+00 1.625345e-01 9.866908e-01 -4.913721e-03 2.905163e-01 5.381720e-03 4.093377e-03 9.999772e-01 8.073385e-02
9.845892e-01 -1.748083e-01 -5.125528e-03 5.688493e+00 1.747764e-01 9.845890e-01 -6.134335e-03 3.709410e-01 6.118871e-03 5.143981e-03 9.999681e-01 8.765879e-02
9.827445e-01 -1.848440e-01 -6.784512e-03 6.133870e+00 1.847744e-01 9.827325e-01 -9.758815e-03 4.530845e-01 8.471217e-03 8.336819e-03 9.999294e-01 9.325761e-02
9.812067e-01 -1.927505e-01 -8.985584e-03 6.593516e+00 1.926652e-01 9.812180e-01 -9.562128e-03 5.442799e-01 1.065992e-02 7.651218e-03 9.999139e-01 9.857377e-02
9.797177e-01 -2.000886e-01 -1.085618e-02 7.064672e+00 2.000006e-01 9.797574e-01 -8.678164e-03 6.455885e-01 1.237282e-02 6.330909e-03 9.999034e-01 1.054371e-01
9.779828e-01 -2.082498e-01 -1.348070e-02 7.556123e+00 2.081361e-01 9.780550e-01 -9.369602e-03 7.496285e-01 1.513609e-02 6.357493e-03 9.998653e-01 1.130663e-01
9.762759e-01 -2.160593e-01 -1.427383e-02 8.050074e+00 2.158808e-01 9.763324e-01 -1.306338e-02 8.529168e-01 1.675847e-02 9.672026e-03 9.998127e-01 1.227491e-01
9.744939e-01 -2.239435e-01 -1.453119e-02 8.564282e+00 2.236470e-01 9.744737e-01 -1.957244e-02 9.596967e-01 1.854338e-02 1.582336e-02 9.997028e-01 1.338008e-01
9.724372e-01 -2.326543e-01 -1.542317e-02 9.086180e+00 2.323251e-01 9.724218e-01 -2.052404e-02 1.080874e+00 1.977283e-02 1.637515e-02 9.996704e-01 1.455676e-01
9.702524e-01 -2.411565e-01 -2.130795e-02 9.618412e+00 2.408362e-01 9.704250e-01 -1.653828e-02 1.217083e+00 2.466609e-02 1.091459e-02 9.996362e-01 1.594105e-01
9.679527e-01 -2.498115e-01 -2.572579e-02 1.016059e+01 2.495327e-01 9.682711e-01 -1.358441e-02 1.356779e+00 2.830308e-02 6.729645e-03 9.995767e-01 1.798082e-01
9.657223e-01 -2.581970e-01 -2.673745e-02 1.071239e+01 2.578511e-01 9.660566e-01 -1.572279e-02 1.491995e+00 2.988948e-02 8.289571e-03 9.995189e-01 2.070407e-01
9.633192e-01 -2.668624e-01 -2.829708e-02 1.127525e+01 2.664032e-01 9.636747e-01 -1.898500e-02 1.632750e+00 3.233557e-02 1.075018e-02 9.994193e-01 2.317971e-01
9.610139e-01 -2.747594e-01 -3.098212e-02 1.184399e+01 2.742882e-01 9.614670e-01 -1.863287e-02 1.785769e+00 3.490784e-02 9.408409e-03 9.993463e-01 2.547174e-01
9.586058e-01 -2.826067e-01 -3.476274e-02 1.242676e+01 2.821471e-01 9.592100e-01 -1.758401e-02 1.952245e+00 3.831412e-02 7.047927e-03 9.992409e-01 2.799069e-01
9.560880e-01 -2.903759e-01 -3.972004e-02 1.301789e+01 2.898483e-01 9.568923e-01 -1.857864e-02 2.122395e+00 4.340258e-02 6.250037e-03 9.990381e-01 3.053659e-01
9.539759e-01 -2.961840e-01 -4.695831e-02 1.362081e+01 2.955461e-01 9.551160e-01 -2.015012e-02 2.302650e+00 5.081877e-02 5.344389e-03 9.986936e-01 3.290524e-01
9.522453e-01 -3.002673e-01 -5.539508e-02 1.423463e+01 2.995698e-01 9.538500e-01 -2.068769e-02 2.489920e+00 5.905044e-02 3.105056e-03 9.982501e-01 3.509134e-01
9.504644e-01 -3.041177e-01 -6.426554e-02 1.485975e+01 3.034054e-01 9.526345e-01 -2.080232e-02 2.685640e+00 6.754793e-02 2.733477e-04 9.977161e-01 3.816669e-01
9.484926e-01 -3.080522e-01 -7.393106e-02 1.549583e+01 3.074086e-01 9.513629e-01 -2.021714e-02 2.888221e+00 7.656320e-02 -3.551232e-03 9.970583e-01 4.169927e-01
9.465664e-01 -3.120358e-01 -8.152142e-02 1.614407e+01 3.114689e-01 9.500478e-01 -1.990790e-02 3.097893e+00 8.366123e-02 -6.547240e-03 9.964728e-01 4.631874e-01
9.443092e-01 -3.167926e-01 -8.900934e-02 1.681537e+01 3.165088e-01 9.484252e-01 -1.766040e-02 3.328924e+00 9.001339e-02 -1.149537e-02 9.958742e-01 5.192026e-01
9.421049e-01 -3.213730e-01 -9.569667e-02 1.746307e+01 3.212856e-01 9.468343e-01 -1.674161e-02 3.557718e+00 9.598921e-02 -1.497361e-02 9.952698e-01 5.808449e-01
9.398545e-01 -3.259679e-01 -1.020717e-01 1.813663e+01 3.262328e-01 9.451773e-01 -1.455930e-02 3.801828e+00 1.012217e-01 -1.961551e-02 9.946706e-01 6.488031e-01
9.377330e-01 -3.305894e-01 -1.066185e-01 1.882502e+01 3.312489e-01 9.434673e-01 -1.197987e-02 4.053689e+00 1.045516e-01 -2.408335e-02 9.942279e-01 7.205889e-01
9.358066e-01 -3.353745e-01 -1.085818e-01 1.952292e+01 3.362720e-01 9.417065e-01 -1.048733e-02 4.310623e+00 1.057694e-01 -2.669891e-02 9.940323e-01 7.967483e-01
9.336509e-01 -3.414907e-01 -1.080752e-01 2.023475e+01 3.424203e-01 9.394891e-01 -1.041660e-02 4.570640e+00 1.050927e-01 -2.728171e-02 9.940882e-01 8.783997e-01
9.314859e-01 -3.477656e-01 -1.067384e-01 2.095325e+01 3.487349e-01 9.371675e-01 -1.005328e-02 4.838225e+00 1.035280e-01 -2.785893e-02 9.942362e-01 9.601858e-01
9.291050e-01 -3.546392e-01 -1.048570e-01 2.168609e+01 3.555883e-01 9.345878e-01 -1.013328e-02 5.116904e+00 1.015918e-01 -2.787107e-02 9.944357e-01 1.042206e+00
9.261764e-01 -3.628922e-01 -1.025017e-01 2.242277e+01 3.638718e-01 9.313992e-01 -9.638768e-03 5.402418e+00 9.896787e-02 -2.837029e-02 9.946862e-01 1.125822e+00
9.233634e-01 -3.713768e-01 -9.736162e-02 2.317679e+01 3.724242e-01 9.280294e-01 -7.863235e-03 5.717704e+00 9.327467e-02 -2.899921e-02 9.952180e-01 1.218511e+00
9.203991e-01 -3.797183e-01 -9.316400e-02 2.391656e+01 3.809923e-01 9.245678e-01 -4.404602e-03 6.032341e+00 8.780896e-02 -3.144078e-02 9.956411e-01 1.303967e+00
9.170734e-01 -3.882455e-01 -9.078549e-02 2.467025e+01 3.897943e-01 9.209017e-01 -7.254072e-04 6.365772e+00 8.388615e-02 -3.472243e-02 9.958702e-01 1.390646e+00
9.133942e-01 -3.970588e-01 -8.975254e-02 2.542776e+01 3.987026e-01 9.170802e-01 4.225885e-04 6.701326e+00 8.214249e-02 -3.617057e-02 9.959640e-01 1.469527e+00
9.094155e-01 -4.062031e-01 -8.923324e-02 2.619247e+01 4.078364e-01 9.130549e-01 7.878360e-05 7.048706e+00 8.144286e-02 -3.646423e-02 9.960107e-01 1.546504e+00
9.055796e-01 -4.148270e-01 -8.856699e-02 2.696212e+01 4.164654e-01 9.091516e-01 2.232008e-05 7.403966e+00 8.051158e-02 -3.690530e-02 9.960701e-01 1.620860e+00
9.017474e-01 -4.233123e-01 -8.751221e-02 2.773898e+01 4.250433e-01 9.051722e-01 1.271611e-03 7.774998e+00 7.867534e-02 -3.834316e-02 9.961627e-01 1.697354e+00
8.981515e-01 -4.313918e-01 -8.500068e-02 2.852190e+01 4.329692e-01 9.014088e-01 1.366115e-04 8.150298e+00 7.656142e-02 -3.692537e-02 9.963809e-01 1.771966e+00
8.945294e-01 -4.395599e-01 -8.126716e-02 2.931685e+01 4.410541e-01 8.974804e-01 4.854966e-04 8.540370e+00 7.272229e-02 -3.627751e-02 9.966922e-01 1.845769e+00
8.911963e-01 -4.471283e-01 -7.645700e-02 3.011777e+01 4.486227e-01 8.937172e-01 2.677456e-03 8.943312e+00 6.713378e-02 -3.668649e-02 9.970692e-01 1.915725e+00
8.876660e-01 -4.548247e-01 -7.199804e-02 3.092496e+01 4.561877e-01 8.898791e-01 2.824740e-03 9.355044e+00 6.278479e-02 -3.535204e-02 9.974009e-01 1.985126e+00
8.839892e-01 -4.622773e-01 -6.973380e-02 3.173827e+01 4.635324e-01 8.860776e-01 2.066172e-03 9.776923e+00 6.083442e-02 -3.415035e-02 9.975635e-01 2.050388e+00
8.807688e-01 -4.685663e-01 -6.849737e-02 3.255770e+01 4.697245e-01 8.828125e-01 9.118998e-04 1.020991e+01 6.004306e-02 -3.297807e-02 9.976509e-01 2.110680e+00
8.776708e-01 -4.745479e-01 -6.707096e-02 3.338497e+01 4.757057e-01 8.796033e-01 1.477807e-03 1.065672e+01 5.829455e-02 -3.320307e-02 9.977471e-01 2.170747e+00
8.748138e-01 -4.800959e-01 -6.487645e-02 3.422235e+01 4.811356e-01 8.766461e-01 4.598720e-04 1.111183e+01 5.665291e-02 -3.161668e-02 9.978932e-01 2.231176e+00
8.721510e-01 -4.850097e-01 -6.417467e-02 3.506945e+01 4.859617e-01 8.739796e-01 -8.835499e-04 1.157893e+01 5.651589e-02 -3.041584e-02 9.979383e-01 2.292300e+00
8.699744e-01 -4.888646e-01 -6.446834e-02 3.591887e+01 4.897750e-01 8.718469e-01 -1.913364e-03 1.205284e+01 5.714189e-02 -2.991040e-02 9.979178e-01 2.351892e+00
8.685285e-01 -4.913184e-01 -6.530359e-02 3.679818e+01 4.922668e-01 8.704425e-01 -1.786589e-03 1.254014e+01 5.772081e-02 -3.059509e-02 9.978638e-01 2.415481e+00
8.681548e-01 -4.921331e-01 -6.412671e-02 3.769389e+01 4.930584e-01 8.699948e-01 -1.592368e-03 1.303347e+01 5.657357e-02 -3.023580e-02 9.979405e-01 2.481257e+00
8.681334e-01 -4.923671e-01 -6.260406e-02 3.859581e+01 4.932717e-01 8.698746e-01 -1.148185e-03 1.352749e+01 5.502302e-02 -2.988404e-02 9.980378e-01 2.549167e+00
8.679485e-01 -4.928558e-01 -6.130800e-02 3.950776e+01 4.936629e-01 8.696505e-01 -2.256827e-03 1.403009e+01 5.442883e-02 -2.830668e-02 9.981164e-01 2.615324e+00
8.672848e-01 -4.940841e-01 -6.081219e-02 4.042540e+01 4.947776e-01 8.690099e-01 -4.124603e-03 1.454579e+01 5.488430e-02 -2.651130e-02 9.981407e-01 2.680014e+00
8.661751e-01 -4.961022e-01 -6.019416e-02 4.134933e+01 4.966391e-01 8.679310e-01 -6.746549e-03 1.506942e+01 5.559136e-02 -2.405107e-02 9.981639e-01 2.745410e+00
8.646908e-01 -4.989416e-01 -5.802981e-02 4.227656e+01 4.993999e-01 8.663405e-01 -7.354911e-03 1.559897e+01 5.394324e-02 -2.262035e-02 9.982877e-01 2.811694e+00
8.628348e-01 -5.026146e-01 -5.380395e-02 4.320305e+01 5.030359e-01 8.642420e-01 -6.387550e-03 1.613367e+01 4.971011e-02 -2.155392e-02 9.985311e-01 2.878482e+00
8.602249e-01 -5.075532e-01 -4.902092e-02 4.412617e+01 5.078633e-01 8.614106e-01 -6.832212e-03 1.666955e+01 4.569485e-02 -1.901868e-02 9.987744e-01 2.943489e+00
8.564379e-01 -5.141503e-01 -4.651593e-02 4.504367e+01 5.144276e-01 8.575075e-01 -6.718853e-03 1.721243e+01 4.334227e-02 -1.817480e-02 9.988950e-01 3.006911e+00
8.511149e-01 -5.228349e-01 -4.740598e-02 4.595397e+01 5.229791e-01 8.522832e-01 -1.029668e-02 1.776136e+01 4.578679e-02 -1.602869e-02 9.988227e-01 3.067227e+00
8.448827e-01 -5.326835e-01 -4.921051e-02 4.686646e+01 5.326730e-01 8.461983e-01 -1.442149e-02 1.832825e+01 4.932394e-02 -1.402864e-02 9.986843e-01 3.127650e+00
8.387194e-01 -5.423701e-01 -4.882957e-02 4.776618e+01 5.423386e-01 8.400254e-01 -1.504816e-02 1.891578e+01 4.917975e-02 -1.386097e-02 9.986938e-01 3.184603e+00
8.330705e-01 -5.513243e-01 -4.511581e-02 4.865812e+01 5.514061e-01 8.341545e-01 -1.173507e-02 1.952145e+01 4.410338e-02 -1.510099e-02 9.989129e-01 3.239177e+00
8.280168e-01 -5.590971e-01 -4.241190e-02 4.954413e+01 5.593588e-01 8.288999e-01 -6.532685e-03 2.012812e+01 3.880764e-02 -1.831429e-02 9.990789e-01 3.295146e+00
8.237275e-01 -5.652704e-01 -4.407495e-02 5.041034e+01 5.655751e-01 8.246719e-01 -6.418503e-03 2.074716e+01 3.997556e-02 -1.964059e-02 9.990076e-01 3.346010e+00
8.199153e-01 -5.704224e-01 -4.855460e-02 5.127407e+01 5.706974e-01 8.211071e-01 -9.356573e-03 2.136128e+01 4.520573e-02 -2.003838e-02 9.987767e-01 3.401205e+00
8.166291e-01 -5.744424e-01 -5.597438e-02 5.212976e+01 5.747791e-01 8.182279e-01 -1.149570e-02 2.198123e+01 5.240342e-02 -2.278518e-02 9.983660e-01 3.458532e+00
8.132276e-01 -5.792291e-01 -5.616646e-02 5.299450e+01 5.795493e-01 8.148478e-01 -1.207418e-02 2.260420e+01 5.276083e-02 -2.273217e-02 9.983485e-01 3.519428e+00
8.098890e-01 -5.841205e-01 -5.369461e-02 5.385764e+01 5.844301e-01 8.113644e-01 -1.138034e-02 2.323532e+01 5.021339e-02 -2.216394e-02 9.984925e-01 3.584748e+00
8.069277e-01 -5.886375e-01 -4.872141e-02 5.472327e+01 5.890000e-01 8.080928e-01 -8.072907e-03 2.387317e+01 4.412344e-02 -2.218266e-02 9.987797e-01 3.647304e+00
8.039572e-01 -5.928795e-01 -4.633405e-02 5.558580e+01 5.932657e-01 8.049813e-01 -6.403500e-03 2.451425e+01 4.109456e-02 -2.234026e-02 9.989054e-01 3.701100e+00
8.008095e-01 -5.970509e-01 -4.726961e-02 5.644492e+01 5.974767e-01 8.018632e-01 -6.098311e-03 2.515999e+01 4.154477e-02 -2.335890e-02 9.988636e-01 3.746325e+00
7.971872e-01 -6.017641e-01 -4.870901e-02 5.730441e+01 6.021771e-01 7.983288e-01 -7.343982e-03 2.580988e+01 4.330516e-02 -2.347693e-02 9.987860e-01 3.795558e+00
7.930312e-01 -6.071221e-01 -5.004402e-02 5.815202e+01 6.074558e-01 7.942908e-01 -9.991348e-03 2.646664e+01 4.581547e-02 -2.247608e-02 9.986970e-01 3.842263e+00
7.886035e-01 -6.128689e-01 -4.996338e-02 5.900454e+01 6.131423e-01 7.898894e-01 -1.145770e-02 2.713618e+01 4.648761e-02 -2.159909e-02 9.986854e-01 3.893256e+00
7.841414e-01 -6.186563e-01 -4.885340e-02 5.983881e+01 6.189201e-01 7.853718e-01 -1.134829e-02 2.780944e+01 4.538878e-02 -2.133770e-02 9.987414e-01 3.949143e+00
7.792018e-01 -6.249024e-01 -4.839133e-02 6.067746e+01 6.251833e-01 7.804011e-01 -1.096244e-02 2.849061e+01 4.461510e-02 -2.171150e-02 9.987683e-01 4.010684e+00
7.737568e-01 -6.315794e-01 -4.907031e-02 6.151065e+01 6.318231e-01 7.750144e-01 -1.234412e-02 2.918246e+01 4.582649e-02 -2.145240e-02 9.987190e-01 4.071444e+00
7.681809e-01 -6.383244e-01 -4.939899e-02 6.234534e+01 6.385086e-01 7.694871e-01 -1.401246e-02 2.988188e+01 4.695639e-02 -2.077758e-02 9.986808e-01 4.131454e+00
7.624773e-01 -6.451063e-01 -4.966228e-02 6.317453e+01 6.452552e-01 7.638174e-01 -1.512005e-02 3.059034e+01 4.768695e-02 -2.051615e-02 9.986517e-01 4.192320e+00
7.567047e-01 -6.518427e-01 -4.999363e-02 6.400085e+01 6.519395e-01 7.580895e-01 -1.659104e-02 3.130643e+01 4.871440e-02 -2.003830e-02 9.986117e-01 4.254975e+00
7.504377e-01 -6.590118e-01 -5.046686e-02 6.483372e+01 6.590265e-01 7.518871e-01 -1.870774e-02 3.204090e+01 5.027401e-02 -1.922000e-02 9.985505e-01 4.318708e+00
7.442156e-01 -6.661060e-01 -4.945566e-02 6.565796e+01 6.660760e-01 7.456292e-01 -1.949195e-02 3.277974e+01 4.985929e-02 -1.843501e-02 9.985861e-01 4.382344e+00
7.379801e-01 -6.731287e-01 -4.778248e-02 6.646592e+01 6.730608e-01 7.393190e-01 -1.991088e-02 3.351708e+01 4.872908e-02 -1.746668e-02 9.986593e-01 4.447020e+00
7.315401e-01 -6.802043e-01 -4.659676e-02 6.727050e+01 6.801254e-01 7.328236e-01 -1.997263e-02 3.428400e+01 4.773268e-02 -1.708087e-02 9.987141e-01 4.517398e+00
7.250689e-01 -6.871339e-01 -4.606614e-02 6.807109e+01 6.869606e-01 7.263615e-01 -2.200795e-02 3.505844e+01 4.858307e-02 -1.568835e-02 9.986960e-01 4.586842e+00
7.184190e-01 -6.940175e-01 -4.705275e-02 6.886613e+01 6.937860e-01 7.197895e-01 -2.374910e-02 3.585189e+01 5.035038e-02 -1.558274e-02 9.986100e-01 4.663036e+00
7.122825e-01 -7.002544e-01 -4.793297e-02 6.966101e+01 7.000773e-01 7.136903e-01 -2.319755e-02 3.665178e+01 5.045348e-02 -1.703357e-02 9.985812e-01 4.735563e+00
7.068130e-01 -7.058140e-01 -4.735120e-02 7.045386e+01 7.056762e-01 7.081795e-01 -2.242560e-02 3.746848e+01 4.936145e-02 -1.756390e-02 9.986265e-01 4.812541e+00
7.017589e-01 -7.107942e-01 -4.802278e-02 7.124803e+01 7.107023e-01 7.031507e-01 -2.194494e-02 3.828212e+01 4.936558e-02 -1.872984e-02 9.986052e-01 4.890444e+00
6.967756e-01 -7.156451e-01 -4.853966e-02 7.203806e+01 7.155160e-01 6.982151e-01 -2.307584e-02 3.910462e+01 5.040524e-02 -1.865222e-02 9.985548e-01 4.971095e+00
6.913987e-01 -7.206928e-01 -5.069205e-02 7.282587e+01 7.205240e-01 6.929847e-01 -2.485063e-02 3.993344e+01 5.303848e-02 -1.934314e-02 9.984052e-01 5.048644e+00
6.861693e-01 -7.255694e-01 -5.215985e-02 7.361211e+01 7.253004e-01 6.878862e-01 -2.742358e-02 4.077082e+01 5.577775e-02 -1.901433e-02 9.982621e-01 5.127582e+00
6.809951e-01 -7.303638e-01 -5.305136e-02 7.439473e+01 7.300731e-01 6.827817e-01 -2.833026e-02 4.162138e+01 5.691390e-02 -1.943860e-02 9.981898e-01 5.206139e+00
6.760792e-01 -7.350158e-01 -5.166125e-02 7.517184e+01 7.347534e-01 6.777745e-01 -2.755221e-02 4.248521e+01 5.526599e-02 -1.933080e-02 9.982845e-01 5.283112e+00
6.709679e-01 -7.397711e-01 -5.040696e-02 7.595347e+01 7.395059e-01 6.725930e-01 -2.738191e-02 4.335084e+01 5.415972e-02 -1.890385e-02 9.983532e-01 5.368500e+00
6.658605e-01 -7.444232e-01 -4.963917e-02 7.673139e+01 7.440860e-01 6.674693e-01 -2.865025e-02 4.422163e+01 5.446053e-02 -1.785875e-02 9.983562e-01 5.445673e+00
6.609710e-01 -7.488112e-01 -4.898180e-02 7.750320e+01 7.484188e-01 6.625637e-01 -2.964188e-02 4.509805e+01 5.464974e-02 -1.706648e-02 9.983597e-01 5.522503e+00
6.564824e-01 -7.528086e-01 -4.806566e-02 7.828036e+01 7.523482e-01 6.580463e-01 -3.077933e-02 4.598860e+01 5.480037e-02 -1.595602e-02 9.983698e-01 5.599294e+00
6.526295e-01 -7.562140e-01 -4.706458e-02 7.905738e+01 7.557110e-01 6.541510e-01 -3.142151e-02 4.688715e+01 5.454874e-02 -1.506063e-02 9.983975e-01 5.674641e+00
6.487129e-01 -7.596901e-01 -4.519624e-02 7.983233e+01 7.590506e-01 6.501648e-01 -3.358365e-02 4.778879e+01 5.489818e-02 -1.252009e-02 9.984134e-01 5.750387e+00
6.444041e-01 -7.633929e-01 -4.443937e-02 8.060107e+01 7.624824e-01 6.458697e-01 -3.838004e-02 4.869840e+01 5.800109e-02 -9.151979e-03 9.982746e-01 5.831826e+00
6.394350e-01 -7.676731e-01 -4.243635e-02 8.137305e+01 7.664681e-01 6.408232e-01 -4.326986e-02 4.961835e+01 6.041130e-02 -4.857846e-03 9.981617e-01 5.919304e+00
6.331629e-01 -7.730700e-01 -3.830874e-02 8.213909e+01 7.716259e-01 6.343205e-01 -4.723110e-02 5.053982e+01 6.081298e-02 3.449546e-04 9.981491e-01 6.010725e+00
6.249246e-01 -7.799276e-01 -3.438435e-02 8.290050e+01 7.782959e-01 6.258507e-01 -5.065832e-02 5.147440e+01 6.102929e-02 4.896434e-03 9.981239e-01 6.100385e+00
6.159260e-01 -7.872102e-01 -3.058245e-02 8.365598e+01 7.855084e-01 6.166297e-01 -5.238787e-02 5.242461e+01 6.009831e-02 8.244283e-03 9.981584e-01 6.189859e+00
6.070755e-01 -7.941505e-01 -2.800807e-02 8.439970e+01 7.925749e-01 6.076602e-01 -5.073348e-02 5.339107e+01 5.730942e-02 8.600563e-03 9.983194e-01 6.279000e+00
5.979419e-01 -8.010699e-01 -2.743568e-02 8.513212e+01 7.995246e-01 5.985146e-01 -5.040403e-02 5.436890e+01 5.679781e-02 8.203191e-03 9.983519e-01 6.366270e+00
5.882252e-01 -8.081708e-01 -2.917672e-02 8.585295e+01 8.064983e-01 5.889027e-01 -5.248079e-02 5.535730e+01 5.959569e-02 7.339553e-03 9.981955e-01 6.450582e+00
5.781636e-01 -8.154121e-01 -2.880947e-02 8.656628e+01 8.136359e-01 5.788257e-01 -5.438305e-02 5.635575e+01 6.102026e-02 8.001884e-03 9.981045e-01 6.536406e+00
5.681849e-01 -8.223934e-01 -2.890229e-02 8.727086e+01 8.205132e-01 5.688603e-01 -5.617983e-02 5.736587e+01 6.264328e-02 8.205821e-03 9.980023e-01 6.626481e+00
5.580644e-01 -8.294040e-01 -2.556072e-02 8.796948e+01 8.275032e-01 5.585463e-01 -5.713670e-02 5.838315e+01 6.166625e-02 1.073439e-02 9.980391e-01 6.720144e+00
5.476170e-01 -8.364137e-01 -2.297626e-02 8.865842e+01 8.345417e-01 5.479637e-01 -5.723618e-02 5.941435e+01 6.046329e-02 1.216887e-02 9.980962e-01 6.815460e+00
5.371575e-01 -8.431947e-01 -2.201970e-02 8.933256e+01 8.413191e-01 5.374656e-01 -5.755636e-02 6.045770e+01 6.036605e-02 1.239123e-02 9.980994e-01 6.906299e+00
5.267174e-01 -8.497422e-01 -2.251738e-02 8.999511e+01 8.477826e-01 5.270635e-01 -5.889763e-02 6.151119e+01 6.191589e-02 1.193256e-02 9.980100e-01 6.997908e+00
5.164191e-01 -8.560049e-01 -2.381261e-02 9.064606e+01 8.539770e-01 5.168599e-01 -5.982732e-02 6.258058e+01 6.352027e-02 1.056056e-02 9.979247e-01 7.091615e+00
5.063182e-01 -8.619843e-01 -2.500061e-02 9.128247e+01 8.599005e-01 5.068520e-01 -6.060157e-02 6.365255e+01 6.490920e-02 9.185657e-03 9.978489e-01 7.186801e+00
4.964745e-01 -8.676844e-01 -2.523769e-02 9.191395e+01 8.656003e-01 4.970467e-01 -6.066733e-02 6.474553e+01 6.518441e-02 8.274035e-03 9.978389e-01 7.282350e+00
4.875757e-01 -8.727347e-01 -2.458144e-02 9.253539e+01 8.707802e-01 4.881407e-01 -5.882467e-02 6.584711e+01 6.333753e-02 7.276461e-03 9.979656e-01 7.378714e+00
4.795052e-01 -8.772513e-01 -2.247941e-02 9.314929e+01 8.754415e-01 4.799722e-01 -5.682416e-02 6.695720e+01 6.063855e-02 7.568084e-03 9.981310e-01 7.474136e+00
4.718582e-01 -8.814043e-01 -2.182407e-02 9.375339e+01 8.795788e-01 4.722981e-01 -5.723409e-02 6.807373e+01 6.075384e-02 7.810396e-03 9.981222e-01 7.567609e+00
4.642412e-01 -8.854628e-01 -2.087936e-02 9.434911e+01 8.834425e-01 4.646100e-01 -6.055580e-02 6.919258e+01 6.332067e-02 9.666787e-03 9.979464e-01 7.659659e+00
4.572425e-01 -8.891372e-01 -1.909305e-02 9.493883e+01 8.869199e-01 4.574754e-01 -6.394799e-02 7.031889e+01 6.559313e-02 1.230573e-02 9.977705e-01 7.752911e+00
4.510558e-01 -8.922952e-01 -1.892345e-02 9.551834e+01 8.898885e-01 4.512565e-01 -6.682782e-02 7.144912e+01 6.816947e-02 1.330331e-02 9.975850e-01 7.851514e+00
4.455899e-01 -8.950510e-01 -1.826380e-02 9.609312e+01 8.924055e-01 4.457093e-01 -7.039722e-02 7.258512e+01 7.114945e-02 1.506959e-02 9.973518e-01 7.953723e+00
4.409223e-01 -8.974128e-01 -1.542104e-02 9.665743e+01 8.947392e-01 4.408365e-01 -7.144947e-02 7.371435e+01 7.091784e-02 1.770587e-02 9.973251e-01 8.057453e+00
4.367637e-01 -8.994915e-01 -1.235833e-02 9.721815e+01 8.970491e-01 4.365247e-01 -6.891311e-02 7.485213e+01 6.738146e-02 1.901273e-02 9.975461e-01 8.163630e+00
4.330506e-01 -9.013392e-01 -7.412246e-03 9.779319e+01 8.991286e-01 4.325388e-01 -6.691837e-02 7.602711e+01 6.352224e-02 2.231449e-02 9.977309e-01 8.269190e+00
4.297919e-01 -9.029142e-01 -5.004800e-03 9.832162e+01 9.007960e-01 4.291511e-01 -6.630135e-02 7.712084e+01 6.201224e-02 2.398749e-02 9.977871e-01 8.363826e+00
4.269660e-01 -9.042622e-01 -3.172377e-03 9.886121e+01 9.021625e-01 4.262086e-01 -6.670108e-02 7.824966e+01 6.166738e-02 2.561711e-02 9.977679e-01 8.459803e+00
4.244463e-01 -9.054531e-01 -5.031135e-04 9.939609e+01 9.034811e-01 4.235584e-01 -6.572876e-02 7.937574e+01 5.972742e-02 2.744379e-02 9.978374e-01 8.554016e+00
4.221603e-01 -9.065197e-01 1.714474e-03 9.992592e+01 9.046666e-01 4.211750e-01 -6.472959e-02 8.050146e+01 5.795655e-02 2.887730e-02 9.979014e-01 8.647333e+00
4.200695e-01 -9.074820e-01 4.266420e-03 1.004531e+02 9.056405e-01 4.189077e-01 -6.581468e-02 8.161649e+01 5.793841e-02 3.151060e-02 9.978228e-01 8.732375e+00
4.175571e-01 -9.086269e-01 6.588162e-03 1.009627e+02 9.068402e-01 4.162566e-01 -6.611662e-02 8.271433e+01 5.733298e-02 3.358189e-02 9.977902e-01 8.824696e+00
4.150991e-01 -9.097138e-01 1.065872e-02 1.014664e+02 9.081082e-01 4.136006e-01 -6.537609e-02 8.380302e+01 5.506508e-02 3.681684e-02 9.978037e-01 8.917593e+00
4.130065e-01 -9.106344e-01 1.306629e-02 1.019608e+02 9.091518e-01 4.114055e-01 -6.471950e-02 8.489227e+01 5.356026e-02 3.860883e-02 9.978180e-01 9.005606e+00
4.112136e-01 -9.114100e-01 1.534150e-02 1.024432e+02 9.099742e-01 4.094639e-01 -6.546947e-02 8.597534e+01 5.338775e-02 4.088233e-02 9.977367e-01 9.087430e+00
4.099354e-01 -9.119710e-01 1.618353e-02 1.029225e+02 9.104899e-01 4.080823e-01 -6.691195e-02 8.704708e+01 5.441756e-02 4.216455e-02 9.976276e-01 9.169444e+00
4.093279e-01 -9.122502e-01 1.582341e-02 1.033926e+02 9.106865e-01 4.074448e-01 -6.810936e-02 8.810780e+01 5.568562e-02 4.228923e-02 9.975524e-01 9.252603e+00
4.096042e-01 -9.121491e-01 1.443152e-02 1.038465e+02 9.104980e-01 4.077768e-01 -6.864075e-02 8.916381e+01 5.672578e-02 4.125542e-02 9.975371e-01 9.336104e+00
4.115394e-01 -9.113129e-01 1.200879e-02 1.042943e+02 9.095803e-01 4.098554e-01 -6.842845e-02 9.020878e+01 5.743787e-02 3.908398e-02 9.975837e-01 9.419057e+00
4.156606e-01 -9.094735e-01 9.173837e-03 1.047478e+02 9.076433e-01 4.141344e-01 -6.838193e-02 9.124441e+01 5.839236e-02 3.675025e-02 9.976171e-01 9.503157e+00
4.207033e-01 -9.071722e-01 6.888020e-03 1.052057e+02 9.052546e-01 4.192931e-01 -6.861038e-02 9.227126e+01 5.935333e-02 3.510004e-02 9.976197e-01 9.585917e+00
4.264559e-01 -9.044904e-01 5.710010e-03 1.056774e+02 9.025354e-01 4.251007e-01 -6.869597e-02 9.329097e+01 5.970751e-02 3.444930e-02 9.976214e-01 9.659826e+00
4.333211e-01 -9.012276e-01 4.671250e-03 1.061550e+02 8.993185e-01 4.320534e-01 -6.749988e-02 9.430254e+01 5.881452e-02 3.345007e-02 9.977083e-01 9.736130e+00
4.413668e-01 -8.973212e-01 3.181620e-03 1.066376e+02 8.954732e-01 4.402246e-01 -6.580362e-02 9.530636e+01 5.764636e-02 3.189261e-02 9.978275e-01 9.810238e+00
4.501851e-01 -8.929322e-01 2.370736e-03 1.071301e+02 8.910936e-01 4.490845e-01 -6.538723e-02 9.630177e+01 5.732170e-02 3.154892e-02 9.978572e-01 9.884974e+00
4.596339e-01 -8.881076e-01 1.277836e-03 1.076306e+02 8.862795e-01 4.585944e-01 -6.480613e-02 9.728881e+01 5.696882e-02 3.091961e-02 9.978971e-01 9.957616e+00
4.693804e-01 -8.829957e-01 -7.659285e-04 1.081373e+02 8.810989e-01 4.684286e-01 -6.510977e-02 9.826354e+01 5.785045e-02 2.988641e-02 9.978778e-01 1.003317e+01
4.797804e-01 -8.773781e-01 -4.319213e-03 1.086567e+02 8.752974e-01 4.789708e-01 -6.664553e-02 9.922682e+01 6.054212e-02 2.819464e-02 9.977674e-01 1.010528e+01
4.910457e-01 -8.711011e-01 -7.544084e-03 1.091941e+02 8.689090e-01 4.903918e-01 -6.717935e-02 1.001763e+02 6.221958e-02 2.643302e-02 9.977124e-01 1.017568e+01
5.031344e-01 -8.641514e-01 -9.911743e-03 1.097461e+02 8.620074e-01 5.026381e-01 -6.555966e-02 1.011220e+02 6.163549e-02 2.444134e-02 9.977994e-01 1.024192e+01
5.158895e-01 -8.565843e-01 -1.102686e-02 1.103111e+02 8.546015e-01 5.155008e-01 -6.257273e-02 1.020598e+02 5.928317e-02 2.285705e-02 9.979795e-01 1.030755e+01
5.283877e-01 -8.489257e-01 -1.147932e-02 1.108885e+02 8.470830e-01 5.280533e-01 -6.008420e-02 1.029853e+02 5.706871e-02 2.202381e-02 9.981273e-01 1.037167e+01
5.403013e-01 -8.413922e-01 -1.156688e-02 1.114715e+02 8.395840e-01 5.399586e-01 -5.952697e-02 1.039011e+02 5.633117e-02 2.245113e-02 9.981597e-01 1.042463e+01
5.518441e-01 -8.338544e-01 -1.244857e-02 1.120642e+02 8.320082e-01 5.515169e-01 -5.992792e-02 1.048055e+02 5.683675e-02 2.271355e-02 9.981251e-01 1.047968e+01
5.630229e-01 -8.263341e-01 -1.331579e-02 1.126589e+02 8.244343e-01 5.627049e-01 -6.059023e-02 1.056873e+02 5.756063e-02 2.313570e-02 9.980739e-01 1.053263e+01
5.741861e-01 -8.186229e-01 -1.291915e-02 1.132614e+02 8.166659e-01 5.737894e-01 -6.182758e-02 1.065535e+02 5.802634e-02 2.494991e-02 9.980033e-01 1.059201e+01
5.850121e-01 -8.109229e-01 -1.285378e-02 1.138722e+02 8.089496e-01 5.845751e-01 -6.222984e-02 1.074061e+02 5.797760e-02 2.600715e-02 9.979791e-01 1.064992e+01
5.958107e-01 -8.030156e-01 -1.325342e-02 1.144855e+02 8.011853e-01 5.954369e-01 -5.964011e-02 1.082469e+02 5.578351e-02 2.491578e-02 9.981319e-01 1.071423e+01
6.059090e-01 -7.954501e-01 -1.155695e-02 1.151075e+02 7.938240e-01 6.054947e-01 -5.674078e-02 1.090730e+02 5.213213e-02 2.520557e-02 9.983220e-01 1.077382e+01
6.159083e-01 -7.877173e-01 -1.259519e-02 1.157284e+02 7.861683e-01 6.155742e-01 -5.484513e-02 1.098814e+02 5.095572e-02 2.387763e-02 9.984154e-01 1.083569e+01
6.260468e-01 -7.796363e-01 -1.526034e-02 1.163539e+02 7.780700e-01 6.258473e-01 -5.405925e-02 1.106775e+02 5.169720e-02 2.197002e-02 9.984211e-01 1.089293e+01
6.355932e-01 -7.718150e-01 -1.797174e-02 1.169825e+02 7.702089e-01 6.355224e-01 -5.375481e-02 1.114574e+02 5.291021e-02 2.032421e-02 9.983923e-01 1.095246e+01
6.449212e-01 -7.640201e-01 -1.871137e-02 1.176164e+02 7.624223e-01 6.448785e-01 -5.332899e-02 1.122218e+02 5.281097e-02 2.012703e-02 9.984017e-01 1.101145e+01
6.542220e-01 -7.560915e-01 -1.787272e-02 1.182481e+02 7.546213e-01 6.541602e-01 -5.119837e-02 1.129800e+02 5.040227e-02 2.000796e-02 9.985286e-01 1.107055e+01
6.630805e-01 -7.483532e-01 -1.707952e-02 1.188830e+02 7.470037e-01 6.630051e-01 -4.909077e-02 1.137246e+02 4.806104e-02 1.979268e-02 9.986483e-01 1.112938e+01
6.714507e-01 -7.408698e-01 -1.631283e-02 1.195201e+02 7.395707e-01 6.713384e-01 -4.837317e-02 1.144551e+02 4.678966e-02 2.041570e-02 9.986962e-01 1.118535e+01
6.792586e-01 -7.336829e-01 -1.781395e-02 1.201593e+02 7.323857e-01 6.792161e-01 -4.771342e-02 1.151715e+02 4.710605e-02 1.936308e-02 9.987022e-01 1.124043e+01
6.868451e-01 -7.265729e-01 -1.832264e-02 1.207990e+02 7.253217e-01 6.868358e-01 -4.653090e-02 1.158762e+02 4.639272e-02 1.866972e-02 9.987488e-01 1.129341e+01
6.942550e-01 -7.195134e-01 -1.762369e-02 1.214414e+02 7.183783e-01 6.942437e-01 -4.425326e-02 1.165662e+02 4.407595e-02 1.806258e-02 9.988649e-01 1.134380e+01
7.021455e-01 -7.118396e-01 -1.662381e-02 1.220721e+02 7.108550e-01 7.021349e-01 -4.113282e-02 1.172346e+02 4.095212e-02 1.706411e-02 9.990155e-01 1.138488e+01
7.096566e-01 -7.043418e-01 -1.703577e-02 1.227064e+02 7.034425e-01 7.096900e-01 -3.884276e-02 1.178910e+02 3.944870e-02 1.558134e-02 9.991002e-01 1.142899e+01
7.175824e-01 -6.962504e-01 -1.763607e-02 1.233297e+02 6.953532e-01 7.176340e-01 -3.854135e-02 1.185255e+02 3.949067e-02 1.539330e-02 9.991014e-01 1.147107e+01
7.257207e-01 -6.877272e-01 -1.900307e-02 1.239575e+02 6.869243e-01 7.258570e-01 -3.558926e-02 1.191498e+02 3.826921e-02 1.277419e-02 9.991859e-01 1.151401e+01
7.348437e-01 -6.780027e-01 -1.781132e-02 1.245894e+02 6.773332e-01 7.349669e-01 -3.230401e-02 1.197553e+02 3.499294e-02 1.167422e-02 9.993194e-01 1.155386e+01
7.443356e-01 -6.675926e-01 -1.687531e-02 1.252338e+02 6.670586e-01 7.444603e-01 -2.848748e-02 1.203481e+02 3.158102e-02 9.947425e-03 9.994517e-01 1.159222e+01
7.547197e-01 -6.558040e-01 -1.787343e-02 1.258804e+02 6.553180e-01 7.548850e-01 -2.658756e-02 1.209280e+02 3.092862e-02 8.353380e-03 9.994867e-01 1.162812e+01
7.646132e-01 -6.441872e-01 -1.973890e-02 1.265159e+02 6.437138e-01 7.648368e-01 -2.563739e-02 1.214805e+02 3.161232e-02 6.896488e-03 9.994764e-01 1.166139e+01
7.744855e-01 -6.322381e-01 -2.115032e-02 1.271641e+02 6.317377e-01 7.747443e-01 -2.605494e-02 1.220242e+02 3.285902e-02 6.817731e-03 9.994367e-01 1.169319e+01
7.844756e-01 -6.197721e-01 -2.192807e-02 1.278180e+02 6.192484e-01 7.847490e-01 -2.646328e-02 1.225539e+02 3.360924e-02 7.180874e-03 9.994093e-01 1.172556e+01
7.947161e-01 -6.066183e-01 -2.099213e-02 1.284813e+02 6.061800e-01 7.949686e-01 -2.389372e-02 1.230768e+02 3.118245e-02 6.263720e-03 9.994941e-01 1.175879e+01
8.049948e-01 -5.929695e-01 -1.924558e-02 1.291485e+02 5.926083e-01 8.052030e-01 -2.152903e-02 1.235845e+02 2.826266e-02 5.925667e-03 9.995830e-01 1.179106e+01
8.147964e-01 -5.794860e-01 -1.740457e-02 1.298264e+02 5.791705e-01 8.149576e-01 -2.014116e-02 1.240815e+02 2.585550e-02 6.330730e-03 9.996457e-01 1.182176e+01
8.240416e-01 -5.663333e-01 -1.490594e-02 1.305149e+02 5.660633e-01 8.241456e-01 -1.887811e-02 1.245637e+02 2.297597e-02 7.118641e-03 9.997107e-01 1.185485e+01
8.323708e-01 -5.540599e-01 -1.328885e-02 1.312074e+02 5.538222e-01 8.324428e-01 -1.789024e-02 1.250350e+02 2.097447e-02 7.531652e-03 9.997517e-01 1.188746e+01
8.397128e-01 -5.429139e-01 -1.127682e-02 1.319070e+02 5.426885e-01 8.397397e-01 -1.806774e-02 1.254905e+02 1.927882e-02 9.051923e-03 9.997731e-01 1.192925e+01
8.465042e-01 -5.322728e-01 -1.079577e-02 1.326156e+02 5.320495e-01 8.465179e-01 -1.818599e-02 1.259379e+02 1.881871e-02 9.650630e-03 9.997764e-01 1.195877e+01
8.534061e-01 -5.211247e-01 -1.127152e-02 1.333414e+02 5.209165e-01 8.534358e-01 -1.712815e-02 1.263852e+02 1.854542e-02 8.745751e-03 9.997897e-01 1.198755e+01
8.600296e-01 -5.101165e-01 -1.141117e-02 1.340480e+02 5.099377e-01 8.600731e-01 -1.542164e-02 1.268127e+02 1.768127e-02 7.444084e-03 9.998160e-01 1.201351e+01
8.663893e-01 -4.992358e-01 -1.154299e-02 1.347768e+02 4.990803e-01 8.664428e-01 -1.399080e-02 1.272397e+02 1.698605e-02 6.360610e-03 9.998355e-01 1.204091e+01
8.723664e-01 -4.887192e-01 -1.142710e-02 1.355143e+02 4.885548e-01 8.724124e-01 -1.452230e-02 1.276572e+02 1.706647e-02 7.086005e-03 9.998292e-01 1.206401e+01
8.775762e-01 -4.792946e-01 -1.169419e-02 1.362661e+02 4.791045e-01 8.776147e-01 -1.585323e-02 1.280670e+02 1.786136e-02 8.309679e-03 9.998060e-01 1.208234e+01
8.820264e-01 -4.710446e-01 -1.210687e-02 1.370201e+02 4.708369e-01 8.820642e-01 -1.659422e-02 1.284734e+02 1.849565e-02 8.936173e-03 9.997890e-01 1.209256e+01
8.855182e-01 -4.644513e-01 -1.194567e-02 1.377886e+02 4.642599e-01 8.855587e-01 -1.576765e-02 1.288848e+02 1.790189e-02 8.416650e-03 9.998043e-01 1.210571e+01
8.887697e-01 -4.582639e-01 -9.086959e-03 1.385713e+02 4.581235e-01 8.887768e-01 -1.409518e-02 1.292944e+02 1.453558e-02 8.364419e-03 9.998593e-01 1.211640e+01
8.919605e-01 -4.520724e-01 -6.093229e-03 1.393667e+02 4.520037e-01 8.919599e-01 -1.000626e-02 1.297112e+02 9.958467e-03 6.171033e-03 9.999313e-01 1.212960e+01
8.952830e-01 -4.454768e-01 -4.331536e-03 1.401665e+02 4.454440e-01 8.952838e-01 -6.837931e-03 1.301216e+02 6.924090e-03 4.192433e-03 9.999672e-01 1.213844e+01
8.985373e-01 -4.388836e-01 -3.458737e-03 1.409799e+02 4.388677e-01 8.985404e-01 -4.512756e-03 1.305327e+02 5.088385e-03 2.536956e-03 9.999838e-01 1.214532e+01
9.018309e-01 -4.320852e-01 -1.884441e-03 1.418116e+02 4.320808e-01 9.018320e-01 -2.327221e-03 1.309412e+02 2.705003e-03 1.284532e-03 9.999955e-01 1.214869e+01
9.051381e-01 -4.251173e-01 5.405778e-04 1.426572e+02 4.251176e-01 9.051377e-01 -8.683437e-04 1.313497e+02 -1.201513e-04 1.015781e-03 9.999995e-01 1.215199e+01
9.085516e-01 -4.177618e-01 3.026925e-03 1.435171e+02 4.177658e-01 9.085545e-01 -7.968068e-04 1.317543e+02 -2.417257e-03 1.988489e-03 9.999951e-01 1.215277e+01
9.121116e-01 -4.099209e-01 4.160800e-03 1.443903e+02 4.099281e-01 9.121174e-01 -1.002986e-03 1.321577e+02 -3.383997e-03 2.620467e-03 9.999908e-01 1.215245e+01
9.157960e-01 -4.016204e-01 4.345717e-03 1.452771e+02 4.016297e-01 9.158010e-01 -1.489050e-03 1.325564e+02 -3.381783e-03 3.109040e-03 9.999894e-01 1.215150e+01
9.196693e-01 -3.926630e-01 4.924684e-03 1.461796e+02 3.926829e-01 9.196649e-01 -4.091440e-03 1.329479e+02 -2.922505e-03 5.696615e-03 9.999795e-01 1.214910e+01
9.237458e-01 -3.829818e-01 4.346839e-03 1.470954e+02 3.830017e-01 9.237311e-01 -5.528638e-03 1.333374e+02 -1.897945e-03 6.771904e-03 9.999753e-01 1.214775e+01
9.283062e-01 -3.718078e-01 2.555452e-03 1.480430e+02 3.718165e-01 9.282824e-01 -6.647651e-03 1.337281e+02 9.946339e-05 7.121220e-03 9.999746e-01 1.214824e+01
9.333811e-01 -3.588861e-01 7.079015e-04 1.489717e+02 3.588844e-01 9.333661e-01 -5.460393e-03 1.340991e+02 1.298924e-03 5.350688e-03 9.999848e-01 1.215266e+01
9.394954e-01 -3.425606e-01 7.989225e-04 1.499413e+02 3.425614e-01 9.394942e-01 -1.547579e-03 1.344577e+02 -2.204464e-04 1.727626e-03 9.999984e-01 1.216322e+01
9.460636e-01 -3.239678e-01 2.922332e-03 1.509278e+02 3.239603e-01 9.460666e-01 2.758781e-03 1.348043e+02 -3.658481e-03 -1.663261e-03 9.999918e-01 1.217103e+01
9.527328e-01 -3.037869e-01 3.702842e-03 1.519368e+02 3.037627e-01 9.527294e-01 5.927570e-03 1.351303e+02 -5.328526e-03 -4.522603e-03 9.999756e-01 1.217713e+01
9.592621e-01 -2.824806e-01 4.586953e-03 1.529524e+02 2.824399e-01 9.592524e-01 7.911796e-03 1.354404e+02 -6.634981e-03 -6.293950e-03 9.999582e-01 1.217827e+01
9.653766e-01 -2.607945e-01 5.866201e-03 1.539934e+02 2.607347e-01 9.653654e-01 9.339012e-03 1.357224e+02 -8.098600e-03 -7.486144e-03 9.999392e-01 1.218455e+01
9.710109e-01 -2.388881e-01 8.392639e-03 1.550542e+02 2.388035e-01 9.710168e-01 9.963946e-03 1.359865e+02 -1.052967e-02 -7.670913e-03 9.999151e-01 1.218801e+01
9.761745e-01 -2.166541e-01 1.202236e-02 1.561266e+02 2.165080e-01 9.762025e-01 1.237192e-02 1.362278e+02 -1.441669e-02 -9.474219e-03 9.998512e-01 1.219007e+01
9.808203e-01 -1.942431e-01 1.616024e-02 1.572216e+02 1.940226e-01 9.808936e-01 1.426153e-02 1.364534e+02 -1.862168e-02 -1.085255e-02 9.997677e-01 1.218503e+01
9.849908e-01 -1.714491e-01 1.996560e-02 1.583348e+02 1.711367e-01 9.851101e-01 1.643764e-02 1.366509e+02 -2.248654e-02 -1.277407e-02 9.996655e-01 1.217798e+01
9.886266e-01 -1.490201e-01 2.025869e-02 1.594590e+02 1.486585e-01 9.887188e-01 1.832497e-02 1.368291e+02 -2.276095e-02 -1.510493e-02 9.996268e-01 1.216540e+01
9.917685e-01 -1.266926e-01 1.855506e-02 1.606013e+02 1.263704e-01 9.918267e-01 1.761859e-02 1.369823e+02 -2.063555e-02 -1.512876e-02 9.996725e-01 1.214994e+01
9.942679e-01 -1.054306e-01 1.776674e-02 1.617577e+02 1.051201e-01 9.943041e-01 1.758569e-02 1.371089e+02 -1.951961e-02 -1.561725e-02 9.996875e-01 1.212814e+01
9.961964e-01 -8.477345e-02 2.015320e-02 1.629334e+02 8.445084e-02 9.962935e-01 1.635490e-02 1.372164e+02 -2.146497e-02 -1.459074e-02 9.996631e-01 1.210823e+01
9.976595e-01 -6.448886e-02 2.273713e-02 1.641295e+02 6.410883e-02 9.977970e-01 1.706617e-02 1.372988e+02 -2.378762e-02 -1.556856e-02 9.995957e-01 1.208670e+01
9.987352e-01 -4.407046e-02 2.420578e-02 1.653319e+02 4.365271e-02 9.988932e-01 1.752442e-02 1.373576e+02 -2.495130e-02 -1.644562e-02 9.995534e-01 1.206067e+01
9.994056e-01 -2.333899e-02 2.537274e-02 1.665603e+02 2.286598e-02 9.995622e-01 1.877546e-02 1.373939e+02 -2.579984e-02 -1.818413e-02 9.995018e-01 1.203538e+01
9.996374e-01 -2.493110e-03 2.681245e-02 1.677837e+02 1.974471e-03 9.998108e-01 1.935231e-02 1.374091e+02 -2.685563e-02 -1.929236e-02 9.994531e-01 1.201355e+01
9.994870e-01 1.816614e-02 2.637548e-02 1.690240e+02 -1.873722e-02 9.995917e-01 2.156888e-02 1.373997e+02 -2.597288e-02 -2.205202e-02 9.994195e-01 1.199231e+01
9.989179e-01 3.851029e-02 2.607808e-02 1.702700e+02 -3.911271e-02 9.989701e-01 2.299803e-02 1.373672e+02 -2.516556e-02 -2.399314e-02 9.993954e-01 1.197202e+01
9.980025e-01 5.838401e-02 2.412971e-02 1.715225e+02 -5.894112e-02 9.979951e-01 2.306011e-02 1.373045e+02 -2.273498e-02 -2.443628e-02 9.994428e-01 1.195349e+01
9.967218e-01 7.770487e-02 2.253181e-02 1.727932e+02 -7.826871e-02 9.966106e-01 2.532527e-02 1.372191e+02 -2.048755e-02 -2.700579e-02 9.994253e-01 1.193388e+01
9.950330e-01 9.720515e-02 2.145963e-02 1.740723e+02 -9.774058e-02 9.948854e-01 2.549671e-02 1.371076e+02 -1.887146e-02 -2.746754e-02 9.994445e-01 1.191932e+01
9.930052e-01 1.165260e-01 1.903746e-02 1.753522e+02 -1.169966e-01 9.927965e-01 2.582692e-02 1.369664e+02 -1.589083e-02 -2.787359e-02 9.994851e-01 1.191482e+01
9.906645e-01 1.355459e-01 1.453155e-02 1.766405e+02 -1.359005e-01 9.903526e-01 2.707299e-02 1.368041e+02 -1.072172e-02 -2.879509e-02 9.995278e-01 1.191062e+01
9.880365e-01 1.539581e-01 9.002343e-03 1.779389e+02 -1.541557e-01 9.876326e-01 2.859944e-02 1.366120e+02 -4.487890e-03 -2.964506e-02 9.995504e-01 1.191321e+01
9.851019e-01 1.719150e-01 4.436203e-03 1.792451e+02 -1.719697e-01 9.846209e-01 3.079288e-02 1.364000e+02 9.257784e-04 -3.109703e-02 9.995159e-01 1.191997e+01
9.818230e-01 1.897918e-01 1.697178e-03 1.805622e+02 -1.897434e-01 9.812773e-01 3.305387e-02 1.361610e+02 4.607948e-03 -3.277507e-02 9.994521e-01 1.193590e+01
9.781790e-01 2.077634e-01 -4.542177e-04 1.818805e+02 -2.076165e-01 9.775651e-01 3.552574e-02 1.358997e+02 7.824981e-03 -3.465625e-02 9.993687e-01 1.195526e+01
9.742728e-01 2.253714e-01 4.816405e-04 1.832161e+02 -2.252479e-01 9.736642e-01 3.523656e-02 1.356073e+02 7.472356e-03 -3.443850e-02 9.993790e-01 1.198431e+01
9.700869e-01 2.427557e-01 1.039177e-03 1.845564e+02 -2.426461e-01 9.695011e-01 3.450520e-02 1.352878e+02 7.368852e-03 -3.372520e-02 9.994040e-01 1.201381e+01
