1.000000e+00 0.000000e+00 -4.656613e-10 0.000000e+00 -1.164153e-10 1.000000e+00 1.091394e-11 4.656613e-10 -4.656613e-10 9.376890e-10 1.000000e+00 0.000000e+00
9.998810e-01 1.540731e-02 -8.754390e-04 1.267473e-01 -1.540600e-02 9.998803e-01 1.482315e-03 -7.077239e-03 8.981721e-04 -1.468648e-03 9.999985e-01 -1.674093e-03
9.993505e-01 3.603647e-02 -2.042702e-04 2.689284e-01 -3.603524e-02 9.993409e-01 4.368601e-03 -1.834907e-02 3.615632e-04 -4.358403e-03 9.999905e-01 -3.109321e-03
9.980311e-01 6.270444e-02 1.534833e-03 4.314778e-01 -6.271267e-02 9.980130e-01 6.097679e-03 -3.926589e-02 -1.149434e-03 -6.181926e-03 9.999802e-01 -5.234055e-03
9.953669e-01 9.605585e-02 4.271024e-03 6.055596e-01 -9.608047e-02 9.953556e-01 5.990981e-03 -7.362624e-02 -3.675721e-03 -6.373588e-03 9.999729e-01 -6.893672e-03
9.909894e-01 1.337745e-01 6.661452e-03 7.907997e-01 -1.337981e-01 9.910035e-01 3.223028e-03 -1.218465e-01 -6.170363e-03 -4.085276e-03 9.999727e-01 -9.669602e-03
9.848652e-01 1.731747e-01 7.155777e-03 9.871581e-01 -1.731799e-01 9.848903e-01 1.109818e-04 -1.842042e-01 -7.028438e-03 -1.348535e-03 9.999744e-01 -1.359463e-02
9.763150e-01 2.161756e-01 8.787781e-03 1.194355e+00 -2.161838e-01 9.763528e-01 -1.069740e-05 -2.521097e-01 -8.582287e-03 -1.889331e-03 9.999614e-01 -1.865183e-02
9.644377e-01 2.640495e-01 1.174494e-02 1.412585e+00 -2.640703e-01 9.645035e-01 2.339963e-04 -3.314831e-01 -1.126625e-02 -3.327162e-03 9.999310e-01 -2.345172e-02
9.499639e-01 3.117941e-01 1.878826e-02 1.638525e+00 -3.118020e-01 9.501436e-01 -2.586127e-03 -4.310710e-01 -1.865789e-02 -3.401489e-03 9.998202e-01 -2.222405e-02
9.331108e-01 3.587507e-01 2.453979e-02 1.866427e+00 -3.585468e-01 9.334292e-01 -1.240874e-02 -5.620965e-01 -2.735781e-02 2.780069e-03 9.996219e-01 -2.134332e-02
9.120426e-01 4.092002e-01 2.708557e-02 2.094698e+00 -4.088311e-01 9.124277e-01 -1.824266e-02 -7.018242e-01 -3.217853e-02 5.564665e-03 9.994667e-01 -2.539495e-02
8.868757e-01 4.610098e-01 3.035653e-02 2.327106e+00 -4.606004e-01 8.873881e-01 -1.974049e-02 -8.514630e-01 -3.603858e-02 3.525137e-03 9.993442e-01 -2.998351e-02
8.584763e-01 5.116739e-01 3.476030e-02 2.562659e+00 -5.112036e-01 8.591790e-01 -2.196176e-02 -1.024199e+00 -4.110259e-02 1.084069e-03 9.991544e-01 -3.638995e-02
8.264220e-01 5.618513e-01 3.674142e-02 2.793866e+00 -5.612054e-01 8.272365e-01 -2.698560e-02 -1.220122e+00 -4.555574e-02 1.682007e-03 9.989604e-01 -4.458845e-02
7.905510e-01 6.112800e-01 3.695882e-02 3.020253e+00 -6.104168e-01 7.914078e-01 -3.263731e-02 -1.439059e+00 -4.920003e-02 3.241184e-03 9.987837e-01 -5.249344e-02
7.526321e-01 6.574088e-01 3.686145e-02 3.245077e+00 -6.563739e-01 7.535251e-01 -3.706048e-02 -1.680463e+00 -5.213993e-02 3.698023e-03 9.986330e-01 -6.442089e-02
7.129712e-01 7.003208e-01 3.497273e-02 3.466973e+00 -6.991661e-01 7.138150e-01 -4.043776e-02 -1.942933e+00 -5.328346e-02 4.379207e-03 9.985697e-01 -8.156950e-02
6.710849e-01 7.406040e-01 3.392344e-02 3.690554e+00 -7.393919e-01 6.719329e-01 -4.249367e-02 -2.229861e+00 -5.426526e-02 3.434146e-03 9.985207e-01 -1.008864e-01
6.281525e-01 7.772086e-01 3.703069e-02 3.916833e+00 -7.760243e-01 6.292405e-01 -4.292694e-02 -2.536889e+00 -5.666440e-02 -1.772047e-03 9.983917e-01 -1.205758e-01
5.861799e-01 8.092729e-01 3.835017e-02 4.138549e+00 -8.080983e-01 5.874097e-01 -4.390039e-02 -2.873937e+00 -5.805465e-02 -5.257184e-03 9.982996e-01 -1.397531e-01
5.459435e-01 8.369415e-01 3.840324e-02 4.353184e+00 -8.357487e-01 5.472427e-01 -4.527224e-02 -3.240946e+00 -5.890613e-02 -7.379373e-03 9.982362e-01 -1.601482e-01
5.070154e-01 8.610600e-01 3.887501e-02 4.565342e+00 -8.597718e-01 5.084220e-01 -4.795293e-02 -3.635294e+00 -6.105525e-02 -9.110772e-03 9.980927e-01 -1.790830e-01
4.695171e-01 8.820341e-01 3.961949e-02 4.775368e+00 -8.808144e-01 4.710234e-01 -4.798824e-02 -4.057859e+00 -6.098897e-02 -1.236612e-02 9.980618e-01 -2.021809e-01
4.330826e-01 9.005286e-01 3.857262e-02 4.977961e+00 -8.993843e-01 4.345680e-01 -4.752394e-02 -4.507610e+00 -5.955910e-02 -1.410981e-02 9.981250e-01 -2.275378e-01
3.993593e-01 9.161435e-01 3.454497e-02 5.170241e+00 -9.150664e-01 4.006360e-01 -4.630686e-02 -4.986124e+00 -5.626368e-02 -1.311786e-02 9.983298e-01 -2.549547e-01
3.698729e-01 9.285946e-01 3.010286e-02 5.356605e+00 -9.275789e-01 3.709230e-01 -4.487126e-02 -5.494117e+00 -5.283305e-02 -1.132611e-02 9.985391e-01 -2.845658e-01
3.442500e-01 9.384975e-01 2.673096e-02 5.542469e+00 -9.375618e-01 3.451350e-01 -4.312546e-02 -6.030896e+00 -4.969893e-02 -1.021599e-02 9.987121e-01 -3.144745e-01
3.235005e-01 9.459149e-01 2.434209e-02 5.728289e+00 -9.450032e-01 3.242833e-01 -4.253574e-02 -6.594197e+00 -4.812893e-02 -9.243019e-03 9.987984e-01 -3.439490e-01
3.083876e-01 9.509852e-01 2.290262e-02 5.913983e+00 -9.500421e-01 3.091216e-01 -4.317249e-02 -7.187630e+00 -4.813609e-02 -8.444582e-03 9.988051e-01 -3.721674e-01
2.968144e-01 9.546919e-01 2.155249e-02 6.101523e+00 -9.536660e-01 2.975077e-01 -4.483502e-02 -7.805764e+00 -4.921568e-02 -7.246191e-03 9.987619e-01 -4.002015e-01
2.857804e-01 9.580209e-01 2.292607e-02 6.294139e+00 -9.569103e-01 2.865714e-01 -4.690076e-02 -8.448475e+00 -5.150187e-02 -8.534860e-03 9.986364e-01 -4.295289e-01
2.750947e-01 9.611003e-01 2.468369e-02 6.488511e+00 -9.599191e-01 2.760082e-01 -4.873230e-02 -9.116933e+00 -5.364953e-02 -1.028835e-02 9.985069e-01 -4.613582e-01
2.649494e-01 9.639263e-01 2.545806e-02 6.679924e+00 -9.626661e-01 2.659371e-01 -5.051385e-02 -9.806454e+00 -5.546187e-02 -1.112400e-02 9.983988e-01 -4.951201e-01
2.546707e-01 9.666636e-01 2.654580e-02 6.869216e+00 -9.653136e-01 2.557573e-01 -5.251730e-02 -1.051981e+01 -5.755585e-02 -1.225039e-02 9.982671e-01 -5.304444e-01
2.440671e-01 9.693940e-01 2.658521e-02 7.054750e+00 -9.679548e-01 2.451928e-01 -5.425898e-02 -1.125290e+01 -5.911683e-02 -1.249045e-02 9.981729e-01 -5.691573e-01
2.338308e-01 9.719201e-01 2.635841e-02 7.236753e+00 -9.704185e-01 2.349735e-01 -5.545761e-02 -1.200399e+01 -6.009390e-02 -1.261099e-02 9.981131e-01 -6.107157e-01
2.231888e-01 9.743736e-01 2.797927e-02 7.416248e+00 -9.727050e-01 2.244927e-01 -5.872105e-02 -1.277433e+01 -6.349739e-02 -1.410969e-02 9.978823e-01 -6.541978e-01
2.117677e-01 9.768630e-01 2.988944e-02 7.590544e+00 -9.750313e-01 2.132647e-01 -6.190400e-02 -1.355357e+01 -6.684610e-02 -1.603388e-02 9.976345e-01 -7.002770e-01
1.994966e-01 9.794031e-01 3.115819e-02 7.755051e+00 -9.772898e-01 2.011835e-01 -6.655793e-02 -1.434108e+01 -7.145558e-02 -1.717251e-02 9.972959e-01 -7.465005e-01
1.865339e-01 9.819352e-01 3.175752e-02 7.909058e+00 -9.796739e-01 1.883376e-01 -6.905250e-02 -1.513482e+01 -7.378620e-02 -1.823138e-02 9.971075e-01 -7.939630e-01
1.724893e-01 9.845095e-01 3.144415e-02 8.052107e+00 -9.822137e-01 1.743160e-01 -6.978707e-02 -1.593092e+01 -7.418725e-02 -1.884735e-02 9.970663e-01 -8.417869e-01
1.581298e-01 9.869093e-01 3.169932e-02 8.184802e+00 -9.847113e-01 1.599905e-01 -6.889569e-02 -1.673471e+01 -7.306541e-02 -2.032022e-02 9.971201e-01 -8.917392e-01
1.417821e-01 9.894086e-01 3.112322e-02 8.303240e+00 -9.872947e-01 1.436180e-01 -6.799336e-02 -1.754471e+01 -7.174308e-02 -2.108755e-02 9.972003e-01 -9.401890e-01
1.214867e-01 9.920735e-01 3.211414e-02 8.407429e+00 -9.901251e-01 1.234013e-01 -6.651556e-02 -1.835933e+01 -6.995127e-02 -2.371625e-02 9.972684e-01 -9.864571e-01
9.613412e-02 9.947550e-01 3.494184e-02 8.495179e+00 -9.930055e-01 9.826422e-02 -6.545459e-02 -1.918124e+01 -6.854480e-02 -2.840501e-02 9.972436e-01 -1.033286e+00
6.608022e-02 9.971108e-01 3.746445e-02 8.560172e+00 -9.955102e-01 6.843127e-02 -6.539597e-02 -2.000656e+01 -6.777078e-02 -3.297487e-02 9.971559e-01 -1.079940e+00
3.306837e-02 9.987003e-01 3.878433e-02 8.595766e+00 -9.972368e-01 3.555301e-02 -6.522758e-02 -2.084009e+01 -6.652171e-02 -3.652018e-02 9.971164e-01 -1.125523e+00
-1.203355e-03 9.992497e-01 3.871272e-02 8.600673e+00 -9.978728e-01 1.323377e-03 -6.517697e-02 -2.167617e+01 -6.517930e-02 -3.870881e-02 9.971225e-01 -1.167958e+00
-3.510695e-02 9.986724e-01 3.769900e-02 8.575533e+00 -9.973935e-01 -3.263273e-02 -6.435295e-02 -2.251340e+01 -6.303728e-02 -3.985997e-02 9.972149e-01 -1.209540e+00
-6.786355e-02 9.969772e-01 3.783131e-02 8.524081e+00 -9.959000e-01 -6.541941e-02 -6.247856e-02 -2.335176e+01 -5.981480e-02 -4.191622e-02 9.973291e-01 -1.249679e+00
-1.001762e-01 9.942006e-01 3.911574e-02 8.446958e+00 -9.933936e-01 -9.772824e-02 -6.015284e-02 -2.418867e+01 -5.598127e-02 -4.488320e-02 9.974226e-01 -1.287763e+00
-1.323188e-01 9.905547e-01 3.596071e-02 8.337270e+00 -9.898981e-01 -1.301931e-01 -5.613790e-02 -2.502302e+01 -5.092583e-02 -4.302554e-02 9.977752e-01 -1.323241e+00
-1.635402e-01 9.860782e-01 3.007403e-02 8.194640e+00 -9.855015e-01 -1.618965e-01 -5.075804e-02 -2.585401e+01 -4.518252e-02 -3.793898e-02 9.982581e-01 -1.355777e+00
-1.936245e-01 9.807770e-01 2.420877e-02 8.026818e+00 -9.803153e-01 -1.924441e-01 -4.412973e-02 -2.667753e+01 -3.862258e-02 -3.227682e-02 9.987324e-01 -1.382472e+00
-2.221545e-01 9.748415e-01 1.821061e-02 7.832933e+00 -9.744189e-01 -2.213296e-01 -3.900121e-02 -2.749879e+01 -3.398944e-02 -2.640906e-02 9.990733e-01 -1.404086e+00
-2.499241e-01 9.682081e-01 1.053238e-02 7.608166e+00 -9.678151e-01 -2.494613e-01 -3.321219e-02 -2.831954e+01 -2.952890e-02 -1.849391e-02 9.993928e-01 -1.419554e+00
-2.760910e-01 9.611115e-01 6.204105e-03 7.366059e+00 -9.608911e-01 -2.758719e-01 -2.414155e-02 -2.912786e+01 -2.149118e-02 -1.262673e-02 9.996893e-01 -1.427690e+00
-3.015569e-01 9.534312e-01 5.713250e-03 7.107014e+00 -9.534242e-01 -3.015014e-01 -8.900896e-03 -2.992091e+01 -6.763832e-03 -8.131275e-03 9.999442e-01 -1.430529e+00
-3.263725e-01 9.451858e-01 1.025112e-02 6.835012e+00 -9.451724e-01 -3.264604e-01 8.525888e-03 -3.070363e+01 1.140513e-02 -6.906451e-03 9.999112e-01 -1.426855e+00
-3.513762e-01 9.360886e-01 1.652251e-02 6.547751e+00 -9.358123e-01 -3.516930e-01 2.381956e-02 -3.147673e+01 2.810809e-02 -7.092335e-03 9.995797e-01 -1.413531e+00
-3.761692e-01 9.263753e-01 1.804951e-02 6.234176e+00 -9.257511e-01 -3.765823e-01 3.421353e-02 -3.224695e+01 3.849170e-02 -3.839271e-03 9.992515e-01 -1.383428e+00
-3.998238e-01 9.164199e-01 1.777195e-02 5.899390e+00 -9.156287e-01 -4.002171e-01 3.808115e-02 -3.300909e+01 4.201096e-02 -1.046751e-03 9.991166e-01 -1.343918e+00
-4.224939e-01 9.062393e-01 1.514975e-02 5.545964e+00 -9.054641e-01 -4.227600e-01 3.753613e-02 -3.376372e+01 4.042143e-02 2.141239e-03 9.991805e-01 -1.299786e+00
-4.430044e-01 8.964610e-01 1.024598e-02 5.173661e+00 -8.958586e-01 -4.430875e-01 3.332919e-02 -3.450963e+01 3.441819e-02 5.586034e-03 9.993919e-01 -1.254172e+00
-4.612783e-01 8.872527e-01 2.304601e-03 4.783787e+00 -8.868052e-01 -4.611253e-01 3.065981e-02 -3.524056e+01 2.826571e-02 1.209898e-02 9.995273e-01 -1.210360e+00
-4.753466e-01 8.797983e-01 -8.506961e-04 4.386528e+00 -8.793548e-01 -4.750758e-01 3.221927e-02 -3.595959e+01 2.794231e-02 1.606339e-02 9.994804e-01 -1.169115e+00
-4.867023e-01 8.735654e-01 -2.111796e-03 3.988125e+00 -8.730610e-01 -4.863362e-01 3.523505e-02 -3.666613e+01 2.975308e-02 1.899272e-02 9.993770e-01 -1.132637e+00
-4.967306e-01 8.679022e-01 -2.163231e-03 3.586193e+00 -8.673071e-01 -4.962945e-01 3.834316e-02 -3.736152e+01 3.220452e-02 2.092242e-02 9.992624e-01 -1.096885e+00
-5.070389e-01 8.619097e-01 4.825545e-03 3.187561e+00 -8.611962e-01 -5.068333e-01 3.822412e-02 -3.805442e+01 3.539150e-02 1.522539e-02 9.992575e-01 -1.056895e+00
-5.184889e-01 8.550599e-01 6.478781e-03 2.780098e+00 -8.544208e-01 -5.183701e-01 3.546084e-02 -3.874595e+01 3.367956e-02 1.285047e-02 9.993501e-01 -1.015968e+00
-5.273590e-01 8.496278e-01 5.012340e-03 2.351565e+00 -8.489456e-01 -5.271560e-01 3.739032e-02 -3.942574e+01 3.441014e-02 1.546293e-02 9.992883e-01 -9.779474e-01
-5.346674e-01 8.450568e-01 3.127479e-03 1.913796e+00 -8.442940e-01 -5.343351e-01 4.066598e-02 -4.010624e+01 3.603619e-02 1.910227e-02 9.991680e-01 -9.378567e-01
-5.387056e-01 8.424822e-01 4.490613e-03 1.470300e+00 -8.415685e-01 -5.383558e-01 4.399738e-02 -4.079790e+01 3.948456e-02 1.992249e-02 9.990216e-01 -8.987998e-01
-5.385510e-01 8.425730e-01 5.788996e-03 1.017755e+00 -8.415558e-01 -5.382162e-01 4.590645e-02 -4.150293e+01 4.179528e-02 1.985122e-02 9.989290e-01 -8.613656e-01
-5.355071e-01 8.445227e-01 3.676081e-03 5.560044e-01 -8.435211e-01 -5.350747e-01 4.655440e-02 -4.222503e+01 4.128324e-02 2.182937e-02 9.989089e-01 -8.184669e-01
-5.298110e-01 8.481053e-01 4.231696e-03 9.371163e-02 -8.471590e-01 -5.294437e-01 4.484485e-02 -4.296822e+01 4.027360e-02 2.017438e-02 9.989851e-01 -7.747100e-01
-5.229561e-01 8.523410e-01 5.640054e-03 -3.669502e-01 -8.514044e-01 -5.226718e-01 4.387487e-02 -4.373065e+01 4.034426e-02 1.814267e-02 9.990211e-01 -7.317564e-01
-5.158907e-01 8.566267e-01 6.902287e-03 -8.306705e-01 -8.556857e-01 -5.156737e-01 4.338641e-02 -4.451069e+01 4.072529e-02 1.647648e-02 9.990345e-01 -6.885014e-01
-5.095368e-01 8.604035e-01 8.840191e-03 -1.296299e+00 -8.594930e-01 -5.094279e-01 4.189125e-02 -4.530853e+01 4.054683e-02 1.374706e-02 9.990830e-01 -6.441991e-01
-5.048586e-01 8.631148e-01 1.228403e-02 -1.763307e+00 -8.622421e-01 -5.049170e-01 3.996848e-02 -4.612601e+01 4.069982e-02 9.586628e-03 9.991255e-01 -5.977122e-01
-5.031165e-01 8.640758e-01 1.571361e-02 -2.234925e+00 -8.633024e-01 -5.033370e-01 3.688995e-02 -4.696216e+01 3.978496e-02 4.994345e-03 9.991959e-01 -5.481080e-01
-5.034215e-01 8.638556e-01 1.790264e-02 -2.715749e+00 -8.631799e-01 -5.037366e-01 3.420434e-02 -4.781094e+01 3.856583e-02 1.766014e-03 9.992546e-01 -4.984896e-01
-5.044247e-01 8.632498e-01 1.886057e-02 -3.206616e+00 -8.626302e-01 -5.047771e-01 3.269749e-02 -4.866987e+01 3.774649e-02 2.237283e-04 9.992873e-01 -4.488988e-01
-5.048673e-01 8.629965e-01 1.860738e-02 -3.704947e+00 -8.624001e-01 -5.052100e-01 3.207967e-02 -4.953704e+01 3.708529e-02 1.489793e-04 9.993122e-01 -4.017144e-01
-5.050732e-01 8.628842e-01 1.821540e-02 -4.212940e+00 -8.623173e-01 -5.054017e-01 3.127462e-02 -5.041733e+01 3.619248e-02 8.852810e-05 9.993448e-01 -3.557979e-01
-5.051123e-01 8.628724e-01 1.768466e-02 -4.726285e+00 -8.623248e-01 -5.054218e-01 3.073814e-02 -5.130788e+01 3.546131e-02 2.763009e-04 9.993710e-01 -3.087549e-01
-5.051830e-01 8.628297e-01 1.775397e-02 -5.243248e+00 -8.623003e-01 -5.054950e-01 3.022176e-02 -5.220306e+01 3.505078e-02 -4.171979e-05 9.993855e-01 -2.611047e-01
-5.053631e-01 8.627028e-01 1.876462e-02 -5.760596e+00 -8.622277e-01 -5.057085e-01 2.867657e-02 -5.310544e+01 3.422880e-02 -1.687282e-03 9.994126e-01 -2.117815e-01
-5.053222e-01 8.627269e-01 1.876025e-02 -6.278416e+00 -8.622857e-01 -5.056655e-01 2.767433e-02 -5.400457e+01 3.336180e-02 -2.192240e-03 9.994409e-01 -1.615033e-01
-5.047462e-01 8.630419e-01 1.974864e-02 -6.794389e+00 -8.626245e-01 -5.051211e-01 2.705043e-02 -5.490251e+01 3.332112e-02 -3.382046e-03 9.994389e-01 -1.094887e-01
-5.035914e-01 8.637236e-01 1.942233e-02 -7.308904e+00 -8.633527e-01 -5.039508e-01 2.560612e-02 -5.579906e+01 3.190452e-02 -3.873292e-03 9.994834e-01 -5.847923e-02
-5.015994e-01 8.649217e-01 1.756541e-02 -7.822431e+00 -8.646109e-01 -5.018952e-01 2.343384e-02 -5.669584e+01 2.908443e-02 -3.432838e-03 9.995710e-01 -7.780492e-03
-4.992201e-01 8.663235e-01 1.621370e-02 -8.332348e+00 -8.660514e-01 -4.994738e-01 2.193371e-02 -5.759171e+01 2.710000e-02 -3.092136e-03 9.996279e-01 4.095679e-02
-4.969183e-01 8.676569e-01 1.560858e-02 -8.837827e+00 -8.673937e-01 -4.971554e-01 2.155731e-02 -5.848463e+01 2.646424e-02 -2.826551e-03 9.996457e-01 8.754505e-02
-4.947659e-01 8.688951e-01 1.510212e-02 -9.341531e+00 -8.686160e-01 -4.949915e-01 2.212553e-02 -5.937673e+01 2.670019e-02 -2.170978e-03 9.996411e-01 1.337465e-01
-4.938749e-01 8.693959e-01 1.544124e-02 -9.841966e+00 -8.691085e-01 -4.941108e-01 2.246901e-02 -6.026828e+01 2.716416e-02 -2.323227e-03 9.996283e-01 1.798023e-01
-4.943614e-01 8.690918e-01 1.692612e-02 -1.033692e+01 -8.687699e-01 -4.946424e-01 2.382554e-02 -6.115339e+01 2.907897e-02 -2.926470e-03 9.995728e-01 2.276279e-01
-4.971209e-01 8.674617e-01 1.952356e-02 -1.083060e+01 -8.670977e-01 -4.974859e-01 2.548410e-02 -6.203476e+01 3.181919e-02 -4.260147e-03 9.994845e-01 2.754809e-01
-5.014493e-01 8.649241e-01 2.133402e-02 -1.132625e+01 -8.645484e-01 -5.018741e-01 2.604795e-02 -6.290880e+01 3.323650e-02 -5.382556e-03 9.994330e-01 3.241371e-01
-5.069207e-01 8.617564e-01 2.018932e-02 -1.183008e+01 -8.614128e-01 -5.072997e-01 2.480123e-02 -6.378014e+01 3.161465e-02 -4.819083e-03 9.994885e-01 3.731504e-01
-5.125038e-01 8.585130e-01 1.718618e-02 -1.234231e+01 -8.582345e-01 -5.127805e-01 2.212633e-02 -6.464127e+01 2.780849e-02 -3.409934e-03 9.996074e-01 4.262527e-01
-5.176303e-01 8.553935e-01 1.899995e-02 -1.284983e+01 -8.551830e-01 -5.179446e-01 1.988462e-02 -6.549662e+01 2.685010e-02 -5.955547e-03 9.996217e-01 4.762000e-01
-5.225775e-01 8.523932e-01 1.840481e-02 -1.336305e+01 -8.521001e-01 -5.228875e-01 2.267311e-02 -6.633970e+01 2.895006e-02 -3.834277e-03 9.995734e-01 5.243960e-01
-5.273381e-01 8.494262e-01 1.974206e-02 -1.387717e+01 -8.490627e-01 -5.276957e-01 2.509468e-02 -6.717520e+01 3.173389e-02 -3.528857e-03 9.994901e-01 5.726106e-01
-5.321482e-01 8.463692e-01 2.185444e-02 -1.439227e+01 -8.460166e-01 -5.325714e-01 2.497146e-02 -6.800919e+01 3.277412e-02 -5.200695e-03 9.994493e-01 6.229965e-01
-5.358694e-01 8.439758e-01 2.342973e-02 -1.491071e+01 -8.436176e-01 -5.363457e-01 2.534976e-02 -6.883498e+01 3.396103e-02 -6.181567e-03 9.994040e-01 6.732264e-01
-5.391715e-01 8.419039e-01 2.217973e-02 -1.543322e+01 -8.415666e-01 -5.395997e-01 2.445023e-02 -6.965591e+01 3.255293e-02 -5.482852e-03 9.994550e-01 7.216451e-01
-5.418007e-01 8.403326e-01 1.711928e-02 -1.596284e+01 -8.401378e-01 -5.420541e-01 1.859660e-02 -7.047870e+01 2.490691e-02 -4.306900e-03 9.996805e-01 7.673534e-01
-5.439962e-01 8.390062e-01 1.169321e-02 -1.649122e+01 -8.389642e-01 -5.441024e-01 9.576175e-03 -7.129925e+01 1.439678e-02 -4.600774e-03 9.998857e-01 8.113925e-01
-5.457673e-01 8.378835e-01 9.458266e-03 -1.701664e+01 -8.378851e-01 -5.458242e-01 4.945495e-03 -7.211318e+01 9.306301e-03 -5.225846e-03 9.999431e-01 8.457836e-01
-5.468222e-01 8.371490e-01 1.292557e-02 -1.753638e+01 -8.370664e-01 -5.469602e-01 1.243392e-02 -7.291052e+01 1.747882e-02 -4.020412e-03 9.998391e-01 8.746928e-01
-5.478424e-01 8.364509e-01 1.478374e-02 -1.805770e+01 -8.362517e-01 -5.480370e-01 1.839801e-02 -7.370179e+01 2.349108e-02 -2.283706e-03 9.997214e-01 9.081994e-01
-5.484575e-01 8.361036e-01 1.118469e-02 -1.858375e+01 -8.357937e-01 -5.485619e-01 2.299267e-02 -7.449348e+01 2.535976e-02 3.262420e-03 9.996731e-01 9.434290e-01
-5.483333e-01 8.362298e-01 7.105000e-03 -1.910960e+01 -8.359309e-01 -5.483360e-01 2.338989e-02 -7.528616e+01 2.345525e-02 6.886177e-03 9.997011e-01 9.867049e-01
-5.477670e-01 8.366081e-01 6.178152e-03 -1.962863e+01 -8.363776e-01 -5.477679e-01 2.056445e-02 -7.608202e+01 2.058858e-02 6.097266e-03 9.997695e-01 1.026745e+00
-5.470173e-01 8.371090e-01 4.555661e-03 -2.014612e+01 -8.369642e-01 -5.470119e-01 1.640208e-02 -7.687753e+01 1.622234e-02 5.159307e-03 9.998551e-01 1.061243e+00
-5.461521e-01 8.376777e-01 3.769691e-03 -2.065977e+01 -8.376234e-01 -5.461605e-01 9.782895e-03 -7.767567e+01 1.025377e-02 2.185380e-03 9.999451e-01 1.097060e+00
-5.455374e-01 8.380331e-01 9.474037e-03 -2.116026e+01 -8.380508e-01 -5.455836e-01 3.062265e-03 -7.847253e+01 7.735166e-03 -6.269137e-03 9.999504e-01 1.126851e+00
-5.439997e-01 8.389446e-01 1.537374e-02 -2.165982e+01 -8.390531e-01 -5.440483e-01 -1.178863e-03 -7.926933e+01 7.375061e-03 -1.354068e-02 9.998811e-01 1.148280e+00
-5.420449e-01 8.402569e-01 1.248575e-02 -2.216871e+01 -8.403312e-01 -5.420712e-01 -1.473890e-03 -8.005702e+01 5.529722e-03 -1.129107e-02 9.999209e-01 1.170982e+00
-5.389841e-01 8.422670e-01 9.084564e-03 -2.267673e+01 -8.422960e-01 -5.390141e-01 1.070605e-03 -8.084055e+01 5.798447e-03 -7.074851e-03 9.999582e-01 1.195286e+00
-5.339868e-01 8.454446e-01 9.043420e-03 -2.317621e+01 -8.454382e-01 -5.340433e-01 5.647149e-03 -8.162521e+01 9.603931e-03 -4.630147e-03 9.999431e-01 1.214653e+00
-5.264060e-01 8.502249e-01 3.815369e-03 -2.367395e+01 -8.501841e-01 -5.264185e-01 8.402107e-03 -8.241257e+01 9.152163e-03 1.179157e-03 9.999575e-01 1.232697e+00
-5.184148e-01 8.551231e-01 -3.265164e-03 -2.416794e+01 -8.551003e-01 -5.183619e-01 1.022115e-02 -8.320559e+01 7.047804e-03 8.090837e-03 9.999424e-01 1.255716e+00
-5.085965e-01 8.610038e-01 -1.554383e-03 -2.464014e+01 -8.609637e-01 -5.085536e-01 1.070811e-02 -8.400449e+01 8.429234e-03 6.784381e-03 9.999415e-01 1.270157e+00
-4.976998e-01 8.673493e-01 -3.418319e-04 -2.509948e+01 -8.673176e-01 -4.976782e-01 8.760045e-03 -8.481384e+01 7.427897e-03 4.656355e-03 9.999615e-01 1.284124e+00
-4.860822e-01 8.739104e-01 -2.210799e-03 -2.555353e+01 -8.739058e-01 -4.860665e-01 5.272447e-03 -8.562509e+01 3.533059e-03 4.494881e-03 9.999837e-01 1.298592e+00
-4.748804e-01 8.800461e-01 -2.729241e-03 -2.599204e+01 -8.800476e-01 -4.748691e-01 3.918679e-03 -8.643704e+01 2.152594e-03 4.262776e-03 9.999886e-01 1.312611e+00
-4.630161e-01 8.863411e-01 -3.954223e-03 -2.642169e+01 -8.863491e-01 -4.630050e-01 3.428749e-03 -8.725828e+01 1.208217e-03 5.092402e-03 9.999863e-01 1.320983e+00
-4.510323e-01 8.924875e-01 -6.006668e-03 -2.684134e+01 -8.925062e-01 -4.510101e-01 4.743095e-03 -8.807729e+01 1.524090e-03 7.500289e-03 9.999707e-01 1.334275e+00
-4.388824e-01 8.985357e-01 -3.995497e-03 -2.724406e+01 -8.985316e-01 -4.388478e-01 7.321183e-03 -8.889996e+01 4.824931e-03 6.803223e-03 9.999651e-01 1.353922e+00
-4.272761e-01 9.041165e-01 -2.954969e-03 -2.763663e+01 -9.039924e-01 -4.271578e-01 1.827347e-02 -8.971790e+01 1.525911e-02 1.047910e-02 9.998286e-01 1.370230e+00
-4.146777e-01 9.099677e-01 -1.141254e-03 -2.801878e+01 -9.097227e-01 -4.145363e-01 2.375972e-02 -9.054369e+01 2.114750e-02 1.089086e-02 9.997171e-01 1.390144e+00
-4.029311e-01 9.152295e-01 -1.247957e-03 -2.838676e+01 -9.150599e-01 -4.028294e-01 1.984882e-02 -9.138326e+01 1.766352e-02 9.139677e-03 9.998022e-01 1.420551e+00
-3.909141e-01 9.204254e-01 -1.859891e-03 -2.874568e+01 -9.203202e-01 -3.908370e-01 1.604080e-02 -9.222640e+01 1.403745e-02 7.982269e-03 9.998696e-01 1.451342e+00
-3.808703e-01 9.246274e-01 1.456684e-03 -2.908961e+01 -9.244874e-01 -3.808391e-01 1.687298e-02 -9.306628e+01 1.615599e-02 5.079738e-03 9.998565e-01 1.480716e+00
-3.734974e-01 9.276025e-01 7.303077e-03 -2.941978e+01 -9.273734e-01 -3.735677e-01 2.063496e-02 -9.390441e+01 2.186925e-02 9.344387e-04 9.997604e-01 1.509961e+00
-3.682845e-01 9.295838e-01 1.551664e-02 -2.974245e+01 -9.292269e-01 -3.685803e-01 2.619018e-02 -9.474583e+01 3.006510e-02 -4.773040e-03 9.995365e-01 1.540299e+00
-3.646185e-01 9.309596e-01 1.916968e-02 -3.006606e+01 -9.305673e-01 -3.650430e-01 2.807507e-02 -9.559023e+01 3.313452e-02 -7.601980e-03 9.994220e-01 1.577832e+00
-3.608267e-01 9.323949e-01 2.107257e-02 -3.038797e+01 -9.320318e-01 -3.613132e-01 2.774292e-02 -9.643636e+01 3.348116e-02 -9.629910e-03 9.993929e-01 1.619757e+00
-3.559675e-01 9.342722e-01 2.055893e-02 -3.070774e+01 -9.338940e-01 -3.564423e-01 2.812143e-02 -9.727975e+01 3.360115e-02 -9.189541e-03 9.993930e-01 1.659528e+00
-3.502694e-01 9.364062e-01 2.133034e-02 -3.102186e+01 -9.361401e-01 -3.507389e-01 2.498124e-02 -9.812928e+01 3.087398e-02 -1.121802e-02 9.994604e-01 1.701764e+00
-3.450170e-01 9.383714e-01 2.055426e-02 -3.133054e+01 -9.382299e-01 -3.454115e-01 2.038436e-02 -9.898382e+01 2.622780e-02 -1.225167e-02 9.995809e-01 1.745677e+00
-3.392595e-01 9.404726e-01 2.035654e-02 -3.163125e+01 -9.403952e-01 -3.396170e-01 1.781013e-02 -9.983450e+01 2.366337e-02 -1.310093e-02 9.996341e-01 1.787878e+00
-3.333251e-01 9.424071e-01 2.762822e-02 -3.191549e+01 -9.424989e-01 -3.338264e-01 1.598873e-02 -1.006872e+02 2.429092e-02 -2.071012e-02 9.994904e-01 1.825235e+00
-3.269772e-01 9.443471e-01 3.597910e-02 -3.219167e+01 -9.446389e-01 -3.277026e-01 1.638735e-02 -1.015393e+02 2.726580e-02 -2.862896e-02 9.992182e-01 1.861964e+00
-3.201791e-01 9.466845e-01 3.569219e-02 -3.247245e+01 -9.468871e-01 -3.209796e-01 1.941077e-02 -1.023855e+02 2.983234e-02 -2.758156e-02 9.991742e-01 1.900737e+00
-3.130077e-01 9.491516e-01 3.372788e-02 -3.275360e+01 -9.491813e-01 -3.138522e-01 2.348887e-02 -1.032340e+02 3.288008e-02 -2.466168e-02 9.991550e-01 1.938201e+00
-3.063982e-01 9.513011e-01 3.385947e-02 -3.302272e+01 -9.513884e-01 -3.072087e-01 2.198058e-02 -1.040902e+02 3.131207e-02 -2.547869e-02 9.991848e-01 1.976681e+00
-2.996622e-01 9.534784e-01 3.289043e-02 -3.329071e+01 -9.536920e-01 -3.003113e-01 1.687150e-02 -1.049506e+02 2.596398e-02 -2.631159e-02 9.993166e-01 2.019529e+00
-2.926206e-01 9.556563e-01 3.308289e-02 -3.355064e+01 -9.559553e-01 -2.931890e-01 1.377341e-02 -1.058144e+02 2.286219e-02 -2.759537e-02 9.993576e-01 2.062232e+00
-2.860321e-01 9.575642e-01 3.544685e-02 -3.380175e+01 -9.578568e-01 -2.867465e-01 1.693472e-02 -1.066710e+02 2.638035e-02 -2.910913e-02 9.992281e-01 2.097058e+00
-2.796585e-01 9.594217e-01 3.607233e-02 -3.404593e+01 -9.596617e-01 -2.804683e-01 1.967573e-02 -1.075311e+02 2.899448e-02 -2.911475e-02 9.991555e-01 2.135674e+00
-2.728378e-01 9.613251e-01 3.760019e-02 -3.428490e+01 -9.615643e-01 -2.737434e-01 2.141567e-02 -1.083929e+02 3.088022e-02 -3.031199e-02 9.990634e-01 2.175203e+00
-2.660237e-01 9.632263e-01 3.777037e-02 -3.451811e+01 -9.635191e-01 -2.668896e-01 2.002068e-02 -1.092604e+02 2.936497e-02 -3.106649e-02 9.990858e-01 2.217150e+00
-2.581851e-01 9.654934e-01 3.410375e-02 -3.475189e+01 -9.656777e-01 -2.589506e-01 2.027614e-02 -1.101261e+02 2.840768e-02 -2.769822e-02 9.992126e-01 2.257699e+00
-2.504808e-01 9.676479e-01 3.028278e-02 -3.498129e+01 -9.677140e-01 -2.511603e-01 2.116898e-02 -1.109917e+02 2.808995e-02 -2.400265e-02 9.993170e-01 2.297403e+00
-2.438558e-01 9.693951e-01 2.841895e-02 -3.519888e+01 -9.694095e-01 -2.444937e-01 2.163854e-02 -1.118598e+02 2.792455e-02 -2.227291e-02 9.993618e-01 2.336119e+00
-2.370649e-01 9.709033e-01 3.387181e-02 -3.540074e+01 -9.710814e-01 -2.378360e-01 2.085593e-02 -1.127315e+02 2.830504e-02 -2.794807e-02 9.992085e-01 2.375113e+00
-2.311603e-01 9.722002e-01 3.730627e-02 -3.559702e+01 -9.725315e-01 -2.319767e-01 1.921993e-02 -1.136055e+02 2.733981e-02 -3.183864e-02 9.991189e-01 2.413432e+00
-2.264683e-01 9.733936e-01 3.488507e-02 -3.579901e+01 -9.736654e-01 -2.272053e-01 1.880022e-02 -1.144780e+02 2.622609e-02 -2.970873e-02 9.992145e-01 2.451695e+00
-2.217553e-01 9.745393e-01 3.313534e-02 -3.599699e+01 -9.747601e-01 -2.224496e-01 1.894403e-02 -1.153504e+02 2.583265e-02 -2.809806e-02 9.992713e-01 2.489830e+00
-2.170852e-01 9.756011e-01 3.281339e-02 -3.618955e+01 -9.757481e-01 -2.178404e-01 2.148177e-02 -1.162209e+02 2.810572e-02 -2.735422e-02 9.992306e-01 2.528869e+00
-2.114443e-01 9.770329e-01 2.642203e-02 -3.638711e+01 -9.770671e-01 -2.119921e-01 1.997946e-02 -1.170972e+02 2.512185e-02 -2.159155e-02 9.994511e-01 2.563878e+00
-2.063313e-01 9.783038e-01 1.868388e-02 -3.658357e+01 -9.782280e-01 -2.066752e-01 1.884783e-02 -1.179712e+02 2.230041e-02 -1.438819e-02 9.996478e-01 2.598265e+00
-2.014392e-01 9.793748e-01 1.572859e-02 -3.676710e+01 -9.792863e-01 -2.017054e-01 1.770530e-02 -1.188442e+02 2.051267e-02 -1.183625e-02 9.997196e-01 2.636509e+00
-1.971507e-01 9.802168e-01 1.750953e-02 -3.693958e+01 -9.801054e-01 -1.974829e-01 1.984977e-02 -1.197186e+02 2.291491e-02 -1.324779e-02 9.996496e-01 2.668999e+00
-1.934529e-01 9.809229e-01 1.913588e-02 -3.710866e+01 -9.807900e-01 -1.938509e-01 2.174748e-02 -1.205893e+02 2.504212e-02 -1.456117e-02 9.995803e-01 2.699777e+00
-1.915048e-01 9.812534e-01 2.163310e-02 -3.727380e+01 -9.811864e-01 -1.919484e-01 2.071302e-02 -1.214635e+02 2.447716e-02 -1.725946e-02 9.995514e-01 2.736878e+00
-1.906231e-01 9.814186e-01 2.192431e-02 -3.743961e+01 -9.813895e-01 -1.910499e-01 1.935852e-02 -1.223371e+02 2.318746e-02 -1.782610e-02 9.995721e-01 2.771408e+00
-1.895533e-01 9.816825e-01 1.921495e-02 -3.761144e+01 -9.816762e-01 -1.898687e-01 1.617756e-02 -1.232087e+02 1.952955e-02 -1.579634e-02 9.996844e-01 2.803635e+00
-1.885015e-01 9.818884e-01 1.903776e-02 -3.778078e+01 -9.819770e-01 -1.887186e-01 1.031779e-02 -1.240860e+02 1.372371e-02 -1.674972e-02 9.997656e-01 2.837340e+00
-1.877303e-01 9.820385e-01 1.891678e-02 -3.794762e+01 -9.821612e-01 -1.878961e-01 7.392917e-03 -1.249542e+02 1.081453e-02 -1.719144e-02 9.997937e-01 2.867362e+00
-1.862391e-01 9.823133e-01 1.938808e-02 -3.811393e+01 -9.823738e-01 -1.865000e-01 1.263702e-02 -1.258113e+02 1.602940e-02 -1.669283e-02 9.997322e-01 2.892994e+00
-1.861221e-01 9.823237e-01 1.996833e-02 -3.827909e+01 -9.823156e-01 -1.864649e-01 1.694011e-02 -1.266665e+02 2.036407e-02 -1.646227e-02 9.996572e-01 2.919151e+00
-1.862250e-01 9.822434e-01 2.276687e-02 -3.843986e+01 -9.823073e-01 -1.866044e-01 1.584490e-02 -1.275244e+02 1.981196e-02 -1.941334e-02 9.996153e-01 2.947378e+00
-1.855500e-01 9.823358e-01 2.424255e-02 -3.860108e+01 -9.824390e-01 -1.859492e-01 1.538583e-02 -1.283818e+02 1.962194e-02 -2.096198e-02 9.995877e-01 2.983091e+00
-1.852128e-01 9.824668e-01 2.134367e-02 -3.876820e+01 -9.825276e-01 -1.855420e-01 1.462555e-02 -1.292348e+02 1.832926e-02 -1.826190e-02 9.996653e-01 3.017143e+00
-1.840923e-01 9.826698e-01 2.168669e-02 -3.893064e+01 -9.826733e-01 -1.844864e-01 1.783186e-02 -1.300810e+02 2.152373e-02 -1.802822e-02 9.996058e-01 3.045016e+00
-1.841131e-01 9.824368e-01 3.033930e-02 -3.907070e+01 -9.825940e-01 -1.847437e-01 1.946755e-02 -1.309269e+02 2.473065e-02 -2.622699e-02 9.993500e-01 3.080964e+00
-1.837016e-01 9.822775e-01 3.721382e-02 -3.921232e+01 -9.826191e-01 -1.845309e-01 2.020052e-02 -1.317668e+02 2.670963e-02 -3.285614e-02 9.991031e-01 3.116560e+00
-1.831667e-01 9.824401e-01 3.551780e-02 -3.936431e+01 -9.826170e-01 -1.840717e-01 2.411846e-02 -1.326020e+02 3.023277e-02 -3.048269e-02 9.990779e-01 3.151921e+00
-1.828421e-01 9.825555e-01 3.396642e-02 -3.951748e+01 -9.826758e-01 -1.837104e-01 2.446950e-02 -1.334325e+02 3.028263e-02 -2.890393e-02 9.991232e-01 3.190516e+00
-1.810574e-01 9.828534e-01 3.489456e-02 -3.966593e+01 -9.829469e-01 -1.820066e-01 2.625281e-02 -1.342551e+02 3.215371e-02 -2.954623e-02 9.990461e-01 3.228680e+00
-1.795319e-01 9.833776e-01 2.714548e-02 -3.982376e+01 -9.833009e-01 -1.802169e-01 2.532189e-02 -1.350815e+02 2.979306e-02 -2.214609e-02 9.993107e-01 3.265999e+00
-1.762059e-01 9.841446e-01 2.027241e-02 -3.997966e+01 -9.840094e-01 -1.766514e-01 2.280038e-02 -1.358993e+02 2.602003e-02 -1.593067e-02 9.995345e-01 3.303218e+00
-1.743892e-01 9.845589e-01 1.523688e-02 -4.012965e+01 -9.844865e-01 -1.746389e-01 1.696004e-02 -1.367231e+02 1.935911e-02 -1.204285e-02 9.997401e-01 3.341410e+00
-1.708166e-01 9.852044e-01 1.393611e-02 -4.026942e+01 -9.851208e-01 -1.710399e-01 1.680785e-02 -1.375344e+02 1.894280e-02 -1.085768e-02 9.997616e-01 3.373720e+00
-1.656494e-01 9.861056e-01 1.249107e-02 -4.040586e+01 -9.859071e-01 -1.658900e-01 2.162662e-02 -1.383372e+02 2.339828e-02 -8.732588e-03 9.996880e-01 3.406926e+00
-1.594587e-01 9.871282e-01 1.228585e-02 -4.053414e+01 -9.868588e-01 -1.597198e-01 2.447954e-02 -1.391370e+02 2.612674e-02 -8.220919e-03 9.996249e-01 3.437648e+00
-1.510380e-01 9.884623e-01 1.139965e-02 -4.065437e+01 -9.881214e-01 -1.512965e-01 2.693463e-02 -1.399358e+02 2.834859e-02 -7.196081e-03 9.995722e-01 3.464825e+00
-1.414951e-01 9.898953e-01 9.301214e-03 -4.076530e+01 -9.896707e-01 -1.416692e-01 2.195068e-02 -1.407385e+02 2.304659e-02 -6.099218e-03 9.997157e-01 3.501240e+00
-1.297356e-01 9.915366e-01 4.903585e-03 -4.087077e+01 -9.913371e-01 -1.298084e-01 2.000988e-02 -1.415362e+02 2.047706e-02 -2.265108e-03 9.997878e-01 3.537915e+00
-1.161237e-01 9.932349e-01 -1.931330e-05 -4.096821e+01 -9.929696e-01 -1.160922e-01 2.310972e-02 -1.423257e+02 2.295114e-02 2.702771e-03 9.997330e-01 3.568232e+00
-1.018220e-01 9.948027e-01 -1.510122e-05 -4.104841e+01 -9.945069e-01 -1.017913e-01 2.438306e-02 -1.431149e+02 2.425480e-02 2.497754e-03 9.997026e-01 3.597446e+00
-8.793357e-02 9.961239e-01 -2.264794e-03 -4.111876e+01 -9.958338e-01 -8.785243e-02 2.442858e-02 -1.439043e+02 2.413494e-02 4.403464e-03 9.996990e-01 3.627571e+00
-7.423584e-02 9.972337e-01 -3.754963e-03 -4.117971e+01 -9.968962e-01 -7.411069e-02 2.656424e-02 -1.446829e+02 2.621248e-02 5.715327e-03 9.996401e-01 3.660734e+00
-6.049401e-02 9.981680e-01 -1.184611e-03 -4.122654e+01 -9.976619e-01 -6.042546e-02 3.192724e-02 -1.454549e+02 3.179717e-02 3.113255e-03 9.994895e-01 3.697664e+00
-4.750111e-02 9.988582e-01 5.123238e-03 -4.125354e+01 -9.979888e-01 -4.767407e-02 4.177768e-02 -1.462171e+02 4.197423e-02 -3.128443e-03 9.991139e-01 3.733711e+00
-3.366647e-02 9.993943e-01 8.814661e-03 -4.127394e+01 -9.981626e-01 -3.406696e-02 5.011193e-02 -1.469766e+02 5.038189e-02 -7.111367e-03 9.987047e-01 3.771560e+00
-2.002459e-02 9.997615e-01 8.722855e-03 -4.128792e+01 -9.984393e-01 -2.045153e-02 5.196812e-02 -1.477434e+02 5.213414e-02 -7.668596e-03 9.986106e-01 3.815221e+00
-7.981168e-03 9.999012e-01 1.157718e-02 -4.128716e+01 -9.988158e-01 -8.527091e-03 4.789868e-02 -1.485134e+02 4.799268e-02 -1.118117e-02 9.987851e-01 3.865407e+00
3.035352e-03 9.998769e-01 1.540189e-02 -4.127200e+01 -9.990022e-01 2.345683e-03 4.460033e-02 -1.492748e+02 4.455872e-02 -1.552190e-02 9.988863e-01 3.916472e+00
1.255250e-02 9.997512e-01 1.844253e-02 -4.124889e+01 -9.986430e-01 1.160203e-02 5.077017e-02 -1.500222e+02 5.054358e-02 -1.905479e-02 9.985400e-01 3.964620e+00
1.965862e-02 9.995973e-01 2.046644e-02 -4.122175e+01 -9.980679e-01 1.841357e-02 5.934028e-02 -1.507644e+02 5.893955e-02 -2.159344e-02 9.980280e-01 4.008221e+00
2.335097e-02 9.994460e-01 2.371489e-02 -4.118805e+01 -9.977778e-01 2.181817e-02 6.295641e-02 -1.515115e+02 6.240413e-02 -2.513228e-02 9.977345e-01 4.051569e+00
2.342599e-02 9.993960e-01 2.567204e-02 -4.116040e+01 -9.979918e-01 2.186598e-02 5.944914e-02 -1.522690e+02 5.885189e-02 -2.701313e-02 9.979011e-01 4.105779e+00
2.174962e-02 9.993562e-01 2.853604e-02 -4.113410e+01 -9.983613e-01 2.019914e-02 5.354095e-02 -1.530240e+02 5.293008e-02 -2.965378e-02 9.981578e-01 4.166339e+00
1.871080e-02 9.994545e-01 2.721333e-02 -4.111045e+01 -9.985636e-01 1.731352e-02 5.070513e-02 -1.537785e+02 5.020633e-02 -2.812297e-02 9.983429e-01 4.215602e+00
1.582869e-02 9.995670e-01 2.480761e-02 -4.108987e+01 -9.985882e-01 1.454525e-02 5.108880e-02 -1.545268e+02 5.070587e-02 -2.558125e-02 9.983860e-01 4.258604e+00
1.219357e-02 9.996443e-01 2.372338e-02 -4.107544e+01 -9.986193e-01 1.096186e-02 5.137432e-02 -1.552722e+02 5.109600e-02 -2.431707e-02 9.983976e-01 4.307753e+00
7.376606e-03 9.996542e-01 2.524534e-02 -4.105575e+01 -9.987840e-01 6.134793e-03 4.891855e-02 -1.560242e+02 4.874676e-02 -2.557549e-02 9.984836e-01 4.359349e+00
2.206939e-03 9.996762e-01 2.535415e-02 -4.104569e+01 -9.987429e-01 9.338288e-04 5.011565e-02 -1.567714e+02 5.007575e-02 -2.543288e-02 9.984215e-01 4.403517e+00
-3.717964e-03 9.996293e-01 2.697095e-02 -4.103759e+01 -9.988313e-01 -5.012007e-03 4.807140e-02 -1.575182e+02 4.818876e-02 -2.676070e-02 9.984797e-01 4.452027e+00
-9.832600e-03 9.996179e-01 2.583517e-02 -4.103589e+01 -9.989617e-01 -1.096897e-02 4.421828e-02 -1.582634e+02 4.448477e-02 -2.537357e-02 9.986878e-01 4.504478e+00
-1.499451e-02 9.995459e-01 2.613990e-02 -4.103673e+01 -9.988512e-01 -1.616384e-02 4.511173e-02 -1.589979e+02 4.551378e-02 -2.543343e-02 9.986399e-01 4.547980e+00
-2.034092e-02 9.994020e-01 2.796344e-02 -4.103919e+01 -9.986995e-01 -2.161854e-02 4.617257e-02 -1.597292e+02 4.674950e-02 -2.698788e-02 9.985420e-01 4.592237e+00
-2.443247e-02 9.992781e-01 2.909183e-02 -4.104543e+01 -9.985091e-01 -2.581389e-02 4.809652e-02 -1.604558e+02 4.881279e-02 -2.787333e-02 9.984190e-01 4.640677e+00
-2.699887e-02 9.992006e-01 2.948390e-02 -4.105585e+01 -9.983459e-01 -2.845011e-02 4.996495e-02 -1.611761e+02 5.076384e-02 -2.808611e-02 9.983157e-01 4.689575e+00
-2.883936e-02 9.992222e-01 2.689481e-02 -4.107214e+01 -9.981889e-01 -3.020980e-02 5.202382e-02 -1.618908e+02 5.279584e-02 -2.534577e-02 9.982836e-01 4.731962e+00
-2.854848e-02 9.993201e-01 2.333303e-02 -4.108743e+01 -9.982653e-01 -2.970522e-02 5.083215e-02 -1.626101e+02 5.149071e-02 -2.184137e-02 9.984347e-01 4.779944e+00
-2.496149e-02 9.994772e-01 2.054755e-02 -4.110136e+01 -9.985685e-01 -2.590087e-02 4.679780e-02 -1.633270e+02 4.730554e-02 -1.935000e-02 9.986931e-01 4.830598e+00
-1.787187e-02 9.996576e-01 1.911665e-02 -4.110616e+01 -9.987622e-01 -1.873702e-02 4.607758e-02 -1.640357e+02 4.642000e-02 -1.826949e-02 9.987549e-01 4.880209e+00
-7.008808e-03 9.998527e-01 1.567266e-02 -4.110897e+01 -9.988496e-01 -7.743571e-03 4.732360e-02 -1.647354e+02 4.743800e-02 -1.532294e-02 9.987566e-01 4.925437e+00
7.361885e-03 9.998984e-01 1.221650e-02 -4.110094e+01 -9.988441e-01 6.772696e-03 4.758883e-02 -1.654314e+02 4.750126e-02 -1.255272e-02 9.987924e-01 4.966584e+00
2.267070e-02 9.996737e-01 1.177652e-02 -4.107714e+01 -9.986985e-01 2.210712e-02 4.596320e-02 -1.661230e+02 4.568787e-02 -1.280321e-02 9.988738e-01 5.006240e+00
3.886588e-02 9.991100e-01 1.639502e-02 -4.103403e+01 -9.984343e-01 3.816860e-02 4.089047e-02 -1.668086e+02 4.022831e-02 -1.795859e-02 9.990292e-01 5.046206e+00
5.533778e-02 9.983247e-01 1.690505e-02 -4.098639e+01 -9.979028e-01 5.472907e-02 3.456609e-02 -1.674921e+02 3.358299e-02 -1.878240e-02 9.992595e-01 5.087045e+00
7.228092e-02 9.972389e-01 1.702827e-02 -4.093166e+01 -9.970356e-01 7.179361e-02 2.767539e-02 -1.681703e+02 2.637645e-02 -1.897818e-02 9.994719e-01 5.123507e+00
8.986060e-02 9.958065e-01 1.716417e-02 -4.086477e+01 -9.957809e-01 8.951005e-02 2.020467e-02 -1.688416e+02 1.858359e-02 -1.890736e-02 9.996485e-01 5.156568e+00
1.071722e-01 9.940491e-01 1.950821e-02 -4.078415e+01 -9.941663e-01 1.069040e-01 1.431174e-02 -1.695042e+02 1.214107e-02 -2.092822e-02 9.997073e-01 5.186739e+00
1.249690e-01 9.919533e-01 2.028603e-02 -4.069477e+01 -9.921200e-01 1.247524e-01 1.161773e-02 -1.701546e+02 8.993516e-03 -2.157803e-02 9.997267e-01 5.211848e+00
1.430673e-01 9.895509e-01 1.790853e-02 -4.059876e+01 -9.896799e-01 1.428912e-01 1.076424e-02 -1.708029e+02 8.092792e-03 -1.926372e-02 9.997817e-01 5.230533e+00
1.605223e-01 9.868470e-01 1.912316e-02 -4.048953e+01 -9.870078e-01 1.603520e-01 1.013812e-02 -1.714321e+02 6.938337e-03 -2.050211e-02 9.997658e-01 5.243974e+00
1.767888e-01 9.839793e-01 2.303521e-02 -4.036541e+01 -9.842319e-01 1.765999e-01 1.000816e-02 -1.720612e+02 5.779813e-03 -2.444132e-02 9.996846e-01 5.257547e+00
1.911992e-01 9.811969e-01 2.637380e-02 -4.023700e+01 -9.815509e-01 1.911045e-01 6.091868e-03 -1.726840e+02 9.371731e-04 -2.705199e-02 9.996336e-01 5.267848e+00
2.034952e-01 9.787824e-01 2.397210e-02 -4.010883e+01 -9.790729e-01 2.034951e-01 2.467947e-03 -1.733074e+02 -2.462618e-03 -2.397265e-02 9.997097e-01 5.279123e+00
2.144550e-01 9.765094e-01 2.094138e-02 -3.997454e+01 -9.767280e-01 2.144782e-01 1.163817e-03 -1.739236e+02 -3.354988e-03 -2.070362e-02 9.997800e-01 5.288968e+00
2.244562e-01 9.741744e-01 2.457171e-02 -3.982179e+01 -9.744838e-01 2.244102e-01 4.653803e-03 -1.745260e+02 -9.805253e-04 -2.498931e-02 9.996873e-01 5.297901e+00
2.334239e-01 9.719735e-01 2.794736e-02 -3.966420e+01 -9.723645e-01 2.331906e-01 1.137950e-02 -1.751191e+02 4.543521e-03 -2.983127e-02 9.995446e-01 5.306780e+00
2.427835e-01 9.697639e-01 2.478237e-02 -3.951449e+01 -9.699678e-01 2.422867e-01 2.143633e-02 -1.757068e+02 1.478374e-02 -2.924249e-02 9.994630e-01 5.312389e+00
2.511906e-01 9.677798e-01 1.749032e-02 -3.936678e+01 -9.676745e-01 2.506600e-01 2.784725e-02 -1.762983e+02 2.256589e-02 -2.391990e-02 9.994591e-01 5.318810e+00
2.578097e-01 9.660647e-01 1.591351e-02 -3.920956e+01 -9.659510e-01 2.573387e-01 2.674839e-02 -1.768934e+02 2.174552e-02 -2.226766e-02 9.995155e-01 5.325470e+00
2.636960e-01 9.643819e-01 2.078302e-02 -3.903365e+01 -9.645125e-01 2.633097e-01 1.958555e-02 -1.774973e+02 1.341559e-02 -2.521012e-02 9.995921e-01 5.341954e+00
2.678641e-01 9.630737e-01 2.716731e-02 -3.885509e+01 -9.634554e-01 2.677115e-01 9.173428e-03 -1.781037e+02 1.561689e-03 -2.863173e-02 9.995888e-01 5.359183e+00
2.698305e-01 9.623773e-01 3.196048e-02 -3.867649e+01 -9.628702e-01 2.699651e-01 1.109135e-04 -1.787106e+02 -8.521468e-03 -3.080371e-02 9.994891e-01 5.377409e+00
