1.000000e+00 0.000000e+00 0.000000e+00 0.000000e+00 0.000000e+00 1.000000e+00 0.000000e+00 0.000000e+00 0.000000e+00 0.000000e+00 1.000000e+00 0.000000e+00
9.999985e-01 -1.592730e-03 -6.915444e-04 5.626032e-01 1.591835e-03 9.999979e-01 -1.292490e-03 -9.811952e-03 6.936015e-04 1.291387e-03 9.999989e-01 1.311209e-02
9.999950e-01 -2.599348e-03 -1.820719e-03 1.132163e+00 2.595709e-03 9.999946e-01 -1.998261e-03 -1.094622e-02 1.825904e-03 1.993525e-03 9.999964e-01 1.721415e-02
9.999860e-01 -4.491257e-03 -2.801285e-03 1.686368e+00 4.486709e-03 9.999886e-01 -1.627506e-03 -3.780937e-04 2.808563e-03 1.614915e-03 9.999948e-01 1.691909e-02
9.999660e-01 -6.536698e-03 -5.031276e-03 2.242062e+00 6.524855e-03 9.999759e-01 -2.366839e-03 1.026407e-03 5.046627e-03 2.333931e-03 9.999846e-01 2.951041e-02
9.999478e-01 -8.110332e-03 -6.214115e-03 2.814855e+00 8.084470e-03 9.999586e-01 -4.175662e-03 4.231826e-03 6.247724e-03 4.125206e-03 9.999720e-01 4.639008e-02
9.999323e-01 -9.474598e-03 -6.750773e-03 3.378483e+00 9.442019e-03 9.999437e-01 -4.841553e-03 1.322635e-02 6.796265e-03 4.777484e-03 9.999655e-01 5.381727e-02
9.999216e-01 -1.080421e-02 -6.326071e-03 3.967499e+00 1.077298e-02 9.999297e-01 -4.951286e-03 1.957927e-02 6.379121e-03 4.882747e-03 9.999678e-01 5.918188e-02
9.999044e-01 -1.213270e-02 -6.631192e-03 4.552300e+00 1.210099e-02 9.999152e-01 -4.801515e-03 3.032052e-02 6.688885e-03 4.720812e-03 9.999665e-01 7.180917e-02
9.998716e-01 -1.302776e-02 -9.333694e-03 5.149975e+00 1.298344e-02 9.999042e-01 -4.793366e-03 4.269478e-02 9.395247e-03 4.671567e-03 9.999449e-01 7.046417e-02
9.998176e-01 -1.452408e-02 -1.240154e-02 5.752258e+00 1.447358e-02 9.998866e-01 -4.151979e-03 5.710912e-02 1.246044e-02 3.971727e-03 9.999145e-01 6.969661e-02
9.997584e-01 -1.576395e-02 -1.531650e-02 6.362330e+00 1.572591e-02 9.998730e-01 -2.600819e-03 7.391878e-02 1.535555e-02 2.359325e-03 9.998793e-01 6.745169e-02
9.997455e-01 -1.675568e-02 -1.510142e-02 6.990956e+00 1.673324e-02 9.998587e-01 -1.611070e-03 9.129254e-02 1.512628e-02 1.357964e-03 9.998847e-01 6.963147e-02
9.997935e-01 -1.822937e-02 -8.983434e-03 7.637409e+00 1.822992e-02 9.998338e-01 -2.068779e-05 1.083341e-01 8.982318e-03 -1.430838e-04 9.999596e-01 5.891684e-02
9.998242e-01 -1.874992e-02 1.970123e-04 8.305732e+00 1.874966e-02 9.998234e-01 1.256153e-03 1.242364e-01 -2.205303e-04 -1.252238e-03 9.999992e-01 5.937137e-02
9.997821e-01 -1.986716e-02 6.401776e-03 8.983499e+00 1.985601e-02 9.998012e-01 1.801247e-03 1.393200e-01 -6.436289e-03 -1.673741e-03 9.999779e-01 5.179244e-02
9.997548e-01 -2.124682e-02 6.243988e-03 9.664623e+00 2.122721e-02 9.997696e-01 3.190234e-03 1.619549e-01 -6.310332e-03 -3.056909e-03 9.999754e-01 7.336794e-02
9.997608e-01 -2.186793e-02 -2.817785e-04 1.035857e+01 2.186909e-02 9.997477e-01 5.129320e-03 1.844117e-01 1.695398e-04 -5.134256e-03 9.999868e-01 7.523575e-02
9.997106e-01 -2.335223e-02 -5.781102e-03 1.107204e+01 2.338318e-02 9.997123e-01 5.344727e-03 2.114877e-01 5.654627e-03 -5.478361e-03 9.999690e-01 8.934061e-02
9.996931e-01 -2.432638e-02 -4.682413e-03 1.180604e+01 2.434438e-02 9.996963e-01 3.826778e-03 2.256114e-01 4.587899e-03 -3.939594e-03 9.999817e-01 1.009340e-01
9.996773e-01 -2.516021e-02 3.501845e-03 1.257247e+01 2.515284e-02 9.996814e-01 2.132672e-03 2.492500e-01 -3.554387e-03 -2.043903e-03 9.999916e-01 1.044513e-01
9.996303e-01 -2.533113e-02 9.875484e-03 1.335322e+01 2.531468e-02 9.996780e-01 1.787667e-03 2.700307e-01 -9.917587e-03 -1.537011e-03 9.999496e-01 7.774125e-02
9.995748e-01 -2.631515e-02 1.256053e-02 1.414218e+01 2.630021e-02 9.996532e-01 1.353275e-03 2.935182e-01 -1.259179e-02 -1.022355e-03 9.999202e-01 8.589020e-02
9.995756e-01 -2.647315e-02 1.215408e-02 1.494311e+01 2.647132e-02 9.996495e-01 3.117839e-04 3.155801e-01 -1.215808e-02 1.008297e-05 9.999261e-01 9.159902e-02
9.996220e-01 -2.565773e-02 9.878712e-03 1.576619e+01 2.565703e-02 9.996708e-01 1.974240e-04 3.313429e-01 -9.880525e-03 5.610903e-05 9.999512e-01 9.599039e-02
9.996540e-01 -2.529272e-02 7.226114e-03 1.658983e+01 2.528049e-02 9.996788e-01 1.778967e-03 3.568690e-01 -7.268788e-03 -1.595672e-03 9.999723e-01 7.935475e-02
9.997115e-01 -2.388618e-02 2.522298e-03 1.745013e+01 2.388685e-02 9.997146e-01 -2.351496e-04 3.748589e-01 -2.515962e-03 2.953315e-04 9.999968e-01 8.461376e-02
9.997170e-01 -2.353755e-02 -3.449441e-03 1.830205e+01 2.352710e-02 9.997186e-01 -3.039628e-03 3.972602e-01 3.520015e-03 2.957613e-03 9.999894e-01 1.019861e-01
9.997231e-01 -2.218696e-02 -7.839846e-03 1.920378e+01 2.217211e-02 9.997522e-01 -1.976080e-03 4.224869e-01 7.881747e-03 1.801707e-03 9.999673e-01 1.087785e-01
9.997135e-01 -2.209490e-02 -9.204109e-03 2.009727e+01 2.208529e-02 9.997554e-01 -1.144011e-03 4.495773e-01 9.227134e-03 9.404080e-04 9.999570e-01 1.135037e-01
9.997134e-01 -2.231807e-02 -8.668785e-03 2.101670e+01 2.230322e-02 9.997496e-01 -1.806469e-03 4.763089e-01 8.706931e-03 1.612610e-03 9.999608e-01 1.251452e-01
9.997093e-01 -2.197356e-02 -9.925727e-03 2.196109e+01 2.196236e-02 9.997580e-01 -1.236504e-03 4.989842e-01 9.950495e-03 1.018153e-03 9.999500e-01 1.479327e-01
9.996949e-01 -2.195209e-02 -1.132285e-02 2.289363e+01 2.197510e-02 9.997567e-01 1.911124e-03 5.265120e-01 1.127814e-02 -2.159362e-03 9.999341e-01 1.661159e-01
9.996850e-01 -2.198293e-02 -1.210419e-02 2.386834e+01 2.203316e-02 9.997491e-01 4.032654e-03 5.588222e-01 1.201250e-02 -4.298077e-03 9.999186e-01 1.746901e-01
9.996818e-01 -2.207346e-02 -1.220756e-02 2.481908e+01 2.212914e-02 9.997452e-01 4.445185e-03 5.916935e-01 1.210633e-02 -4.713914e-03 9.999156e-01 1.850786e-01
9.996832e-01 -2.212165e-02 -1.200499e-02 2.581486e+01 2.218032e-02 9.997426e-01 4.776859e-03 6.178461e-01 1.189623e-02 -5.041620e-03 9.999166e-01 2.055179e-01
9.996759e-01 -2.240591e-02 -1.208925e-02 2.677945e+01 2.246984e-02 9.997341e-01 5.178096e-03 6.406233e-01 1.197002e-02 -5.448062e-03 9.999135e-01 2.322788e-01
9.996731e-01 -2.283304e-02 -1.150129e-02 2.777578e+01 2.289786e-02 9.997225e-01 5.536421e-03 6.650693e-01 1.137169e-02 -5.797966e-03 9.999185e-01 2.471922e-01
9.996820e-01 -2.306184e-02 -1.020244e-02 2.880034e+01 2.311924e-02 9.997174e-01 5.544630e-03 6.878671e-01 1.007169e-02 -5.778740e-03 9.999326e-01 2.535266e-01
9.996785e-01 -2.364228e-02 -9.163825e-03 2.979742e+01 2.369844e-02 9.997007e-01 6.068957e-03 7.264642e-01 9.017599e-03 -6.284174e-03 9.999396e-01 2.643592e-01
9.996764e-01 -2.357749e-02 -9.551483e-03 3.082819e+01 2.363644e-02 9.997020e-01 6.106994e-03 7.511267e-01 9.404649e-03 -6.330781e-03 9.999357e-01 2.901675e-01
9.996611e-01 -2.389465e-02 -1.032682e-02 3.183654e+01 2.397043e-02 9.996862e-01 7.278159e-03 7.841444e-01 1.014967e-02 -7.523231e-03 9.999202e-01 3.165766e-01
9.996540e-01 -2.440665e-02 -9.809505e-03 3.287289e+01 2.447870e-02 9.996737e-01 7.292621e-03 8.195862e-01 9.628316e-03 -7.530222e-03 9.999253e-01 3.357919e-01
9.996538e-01 -2.515626e-02 -7.705746e-03 3.394636e+01 2.521654e-02 9.996514e-01 7.828912e-03 8.465890e-01 7.506113e-03 -8.020514e-03 9.999397e-01 3.633380e-01
9.996570e-01 -2.572425e-02 -4.920859e-03 3.497922e+01 2.576372e-02 9.996350e-01 8.134758e-03 8.778901e-01 4.709803e-03 -8.258748e-03 9.999548e-01 3.682498e-01
9.996551e-01 -2.605233e-02 -3.308086e-03 3.605856e+01 2.608084e-02 9.996203e-01 8.890972e-03 9.024491e-01 3.075199e-03 -8.974182e-03 9.999550e-01 3.701317e-01
9.996417e-01 -2.661950e-02 -2.816735e-03 3.710287e+01 2.664440e-02 9.996026e-01 9.205556e-03 9.358280e-01 2.570568e-03 -9.277306e-03 9.999537e-01 3.836843e-01
9.996307e-01 -2.684109e-02 -4.234549e-03 3.819886e+01 2.687766e-02 9.995998e-01 8.830675e-03 9.723520e-01 3.995829e-03 -8.941229e-03 9.999520e-01 4.020933e-01
9.996063e-01 -2.767665e-02 -4.618353e-03 3.925930e+01 2.771811e-02 9.995738e-01 9.167378e-03 1.009143e+00 4.362662e-03 -9.291780e-03 9.999473e-01 4.089341e-01
9.995921e-01 -2.831432e-02 -3.735767e-03 4.034053e+01 2.834800e-02 9.995549e-01 9.292522e-03 1.041584e+00 3.470993e-03 -9.394633e-03 9.999499e-01 4.133559e-01
9.995813e-01 -2.881474e-02 -2.630870e-03 4.144289e+01 2.883779e-02 9.995418e-01 9.192737e-03 1.079886e+00 2.364778e-03 -9.264756e-03 9.999543e-01 4.101473e-01
9.995665e-01 -2.942802e-02 -8.926158e-04 4.250835e+01 2.943453e-02 9.995309e-01 8.468001e-03 1.118512e+00 6.430006e-04 -8.490604e-03 9.999638e-01 4.175986e-01
9.995491e-01 -3.000820e-02 -1.065407e-03 4.360800e+01 3.001644e-02 9.995105e-01 8.821884e-03 1.154550e+00 8.001563e-04 -8.849886e-03 9.999605e-01 4.213498e-01
9.995323e-01 -3.044649e-02 -2.869341e-03 4.465791e+01 3.047238e-02 9.994909e-01 9.457261e-03 1.190325e+00 2.579940e-03 -9.540274e-03 9.999512e-01 4.693234e-01
9.995278e-01 -3.013749e-02 -6.000814e-03 4.575067e+01 3.020250e-02 9.994826e-01 1.105562e-02 1.226165e+00 5.664520e-03 -1.123164e-02 9.999209e-01 5.121061e-01
9.995248e-01 -3.023783e-02 -5.987357e-03 4.680824e+01 3.030178e-02 9.994814e-01 1.089520e-02 1.268116e+00 5.654804e-03 -1.107146e-02 9.999227e-01 5.216807e-01
9.995329e-01 -3.026122e-02 -4.262367e-03 4.789309e+01 3.030943e-02 9.994716e-01 1.173989e-02 1.297926e+00 3.904851e-03 -1.186360e-02 9.999220e-01 5.217575e-01
9.995425e-01 -3.011254e-02 -2.813260e-03 4.899952e+01 3.014302e-02 9.994794e-01 1.150769e-02 1.334758e+00 2.465269e-03 -1.158723e-02 9.999298e-01 5.199469e-01
9.995487e-01 -3.000947e-02 -1.353524e-03 5.006910e+01 3.002043e-02 9.995090e-01 8.974993e-03 1.371780e+00 1.083524e-03 -9.011575e-03 9.999588e-01 5.351083e-01
9.995556e-01 -2.976452e-02 -1.600540e-03 5.115809e+01 2.977852e-02 9.995106e-01 9.574989e-03 1.405025e+00 1.314761e-03 -9.618396e-03 9.999529e-01 5.426101e-01
9.995670e-01 -2.929930e-02 -2.732992e-03 5.222855e+01 2.932132e-02 9.995348e-01 8.397575e-03 1.440403e+00 2.485678e-03 -8.474073e-03 9.999610e-01 5.710217e-01
9.995672e-01 -2.908487e-02 -4.427855e-03 5.330366e+01 2.912960e-02 9.995216e-01 1.039727e-02 1.475459e+00 4.123334e-03 -1.052175e-02 9.999362e-01 5.938764e-01
9.995795e-01 -2.858843e-02 -4.854576e-03 5.439025e+01 2.862374e-02 9.995631e-01 7.365718e-03 1.509811e+00 4.641881e-03 -7.501576e-03 9.999611e-01 6.151820e-01
9.995599e-01 -2.883460e-02 -6.973088e-03 5.544326e+01 2.886608e-02 9.995733e-01 4.456180e-03 1.544969e+00 6.841621e-03 -4.655504e-03 9.999658e-01 6.499111e-01
9.995608e-01 -2.849284e-02 -8.146002e-03 5.652567e+01 2.852773e-02 9.995842e-01 4.199546e-03 1.575444e+00 8.022957e-03 -4.430089e-03 9.999580e-01 6.844658e-01
9.995716e-01 -2.852040e-02 -6.575533e-03 5.759593e+01 2.853866e-02 9.995890e-01 2.700678e-03 1.609498e+00 6.495806e-03 -2.887178e-03 9.999747e-01 7.049121e-01
9.996089e-01 -2.793564e-02 -1.311751e-03 5.868216e+01 2.793603e-02 9.996096e-01 2.791211e-04 1.641581e+00 1.303442e-03 -3.156571e-04 9.999991e-01 6.985987e-01
9.996035e-01 -2.786194e-02 4.082906e-03 5.977286e+01 2.786229e-02 9.996118e-01 -2.774885e-05 1.676882e+00 -4.080548e-03 1.414969e-04 9.999917e-01 7.030053e-01
9.996043e-01 -2.766790e-02 5.068928e-03 6.085897e+01 2.767184e-02 9.996168e-01 -7.083837e-04 1.706868e+00 -5.047387e-03 8.483700e-04 9.999869e-01 7.206151e-01
9.996281e-01 -2.716974e-02 2.345492e-03 6.194823e+01 2.717627e-02 9.996268e-01 -2.802034e-03 1.734527e+00 -2.268486e-03 2.864733e-03 9.999933e-01 7.303290e-01
9.996405e-01 -2.680039e-02 -7.777489e-04 6.303123e+01 2.679693e-02 9.996322e-01 -4.164476e-03 1.763785e+00 8.890725e-04 4.142137e-03 9.999910e-01 7.448353e-01
9.996341e-01 -2.682973e-02 -3.433088e-03 6.412292e+01 2.681961e-02 9.996359e-01 -2.958594e-03 1.801553e+00 3.511217e-03 2.865438e-03 9.999897e-01 7.663679e-01
9.996241e-01 -2.668846e-02 -6.267129e-03 6.519910e+01 2.666786e-02 9.996387e-01 -3.348520e-03 1.836794e+00 6.354231e-03 3.180131e-03 9.999747e-01 8.016517e-01
9.996414e-01 -2.597690e-02 -6.511525e-03 6.628876e+01 2.597094e-02 9.996622e-01 -9.989335e-04 1.879218e+00 6.535275e-03 8.294648e-04 9.999783e-01 8.194649e-01
9.996686e-01 -2.532626e-02 -4.608098e-03 6.739687e+01 2.533635e-02 9.996767e-01 2.145335e-03 1.914779e+00 4.552275e-03 -2.261377e-03 9.999871e-01 8.299379e-01
9.996762e-01 -2.520696e-02 -3.485281e-03 6.848056e+01 2.521914e-02 9.996758e-01 3.495179e-03 1.955106e+00 3.396048e-03 -3.581943e-03 9.999878e-01 8.532975e-01
9.996744e-01 -2.535930e-02 -2.806854e-03 6.958474e+01 2.536996e-02 9.996708e-01 3.831272e-03 1.990441e+00 2.708771e-03 -3.901234e-03 9.999887e-01 8.618032e-01
9.996724e-01 -2.547933e-02 -2.414934e-03 7.067416e+01 2.548533e-02 9.996721e-01 2.485677e-03 2.020632e+00 2.350809e-03 -2.546408e-03 9.999940e-01 8.801078e-01
9.996737e-01 -2.549229e-02 -1.597501e-03 7.177512e+01 2.549550e-02 9.996729e-01 2.027251e-03 2.052414e+00 1.545299e-03 -2.067319e-03 9.999967e-01 8.896635e-01
9.996721e-01 -2.560474e-02 3.288634e-04 7.286558e+01 2.560443e-02 9.996718e-01 8.916575e-04 2.079113e+00 -3.515861e-04 -8.829448e-04 9.999995e-01 9.041460e-01
9.996632e-01 -2.588448e-02 1.890153e-03 7.396227e+01 2.588520e-02 9.996648e-01 -3.566165e-04 2.110700e+00 -1.880288e-03 4.054234e-04 9.999982e-01 9.220120e-01
9.996515e-01 -2.637140e-02 1.202604e-03 7.505497e+01 2.637104e-02 9.996521e-01 3.129143e-04 2.147486e+00 -1.210438e-03 -2.810913e-04 9.999992e-01 9.332550e-01
9.996356e-01 -2.690420e-02 -2.217632e-03 7.613062e+01 2.690588e-02 9.996377e-01 7.318164e-04 2.182810e+00 2.197140e-03 -7.912170e-04 9.999973e-01 9.481494e-01
9.996142e-01 -2.754242e-02 -3.591093e-03 7.720313e+01 2.755112e-02 9.996175e-01 2.396594e-03 2.219310e+00 3.523711e-03 -2.494608e-03 9.999907e-01 9.533195e-01
9.995919e-01 -2.844952e-02 -2.593214e-03 7.827832e+01 2.845903e-02 9.995881e-01 3.708090e-03 2.260372e+00 2.486652e-03 -3.780377e-03 9.999897e-01 9.645897e-01
9.995820e-01 -2.889638e-02 8.844027e-04 7.935519e+01 2.889351e-02 9.995777e-01 3.099531e-03 2.302093e+00 -9.735944e-04 -3.072682e-03 9.999948e-01 9.904401e-01
9.995576e-01 -2.949477e-02 3.831260e-03 8.041710e+01 2.948100e-02 9.995589e-01 3.602022e-03 2.335784e+00 -3.935810e-03 -3.487479e-03 9.999862e-01 9.817353e-01
9.995353e-01 -3.015674e-02 4.446804e-03 8.149709e+01 3.013734e-02 9.995362e-01 4.366136e-03 2.377886e+00 -4.576410e-03 -4.230092e-03 9.999806e-01 9.939715e-01
9.995240e-01 -3.063812e-02 3.617978e-03 8.255261e+01 3.062005e-02 9.995189e-01 4.948853e-03 2.414011e+00 -3.767861e-03 -4.835714e-03 9.999812e-01 1.011294e+00
9.995089e-01 -3.114500e-02 3.464840e-03 8.360539e+01 3.112961e-02 9.995056e-01 4.409397e-03 2.449332e+00 -3.600457e-03 -4.299372e-03 9.999843e-01 1.030522e+00
9.994974e-01 -3.149031e-02 3.654840e-03 8.464839e+01 3.147643e-02 9.994973e-01 3.796567e-03 2.485802e+00 -3.772558e-03 -3.679617e-03 9.999861e-01 1.045470e+00
9.994658e-01 -3.244440e-02 3.937290e-03 8.569022e+01 3.243295e-02 9.994696e-01 2.936686e-03 2.530318e+00 -4.030481e-03 -2.807420e-03 9.999880e-01 1.061966e+00
9.994364e-01 -3.310144e-02 5.576506e-03 8.669861e+01 3.308736e-02 9.994491e-01 2.598497e-03 2.566167e+00 -5.659448e-03 -2.412521e-03 9.999810e-01 1.072161e+00
9.994057e-01 -3.356645e-02 7.844255e-03 8.769739e+01 3.355889e-02 9.994361e-01 1.092029e-03 2.600101e+00 -7.876488e-03 -8.281354e-04 9.999686e-01 1.084253e+00
9.993750e-01 -3.419171e-02 8.974769e-03 8.867570e+01 3.418506e-02 9.994151e-01 8.931335e-04 2.636043e+00 -9.000058e-03 -5.857722e-04 9.999593e-01 1.094180e+00
9.992939e-01 -3.637157e-02 9.420385e-03 8.961866e+01 3.637039e-02 9.993383e-01 2.959943e-04 2.677810e+00 -9.424917e-03 4.683775e-05 9.999556e-01 1.098144e+00
9.991823e-01 -3.936866e-02 9.203555e-03 9.053372e+01 3.936239e-02 9.992246e-01 8.615424e-04 2.716242e+00 -9.230337e-03 -4.985642e-04 9.999573e-01 1.108398e+00
9.990588e-01 -4.246641e-02 8.837372e-03 9.143359e+01 4.246474e-02 9.990979e-01 3.765912e-04 2.757169e+00 -8.845392e-03 -9.600711e-07 9.999609e-01 1.120932e+00
9.989263e-01 -4.543199e-02 9.060695e-03 9.231591e+01 4.543228e-02 9.989674e-01 1.732578e-04 2.799157e+00 -9.059210e-03 2.385762e-04 9.999589e-01 1.126131e+00
9.987515e-01 -4.895103e-02 9.964028e-03 9.317971e+01 4.895305e-02 9.988011e-01 4.113676e-05 2.848799e+00 -9.954096e-03 4.466842e-04 9.999503e-01 1.131264e+00
9.986097e-01 -5.156574e-02 1.094332e-02 9.401341e+01 5.155210e-02 9.986691e-01 1.524401e-03 2.896743e+00 -1.100737e-02 -9.581302e-04 9.999390e-01 1.136210e+00
9.984294e-01 -5.461716e-02 1.248293e-02 9.483715e+01 5.459637e-02 9.985065e-01 2.000218e-03 2.946048e+00 -1.257354e-02 -1.315554e-03 9.999201e-01 1.149223e+00
9.982727e-01 -5.727921e-02 1.306292e-02 9.562445e+01 5.723995e-02 9.983548e-01 3.359722e-03 2.995455e+00 -1.323387e-02 -2.606198e-03 9.999090e-01 1.154971e+00
9.981180e-01 -5.981017e-02 1.353807e-02 9.638264e+01 5.975162e-02 9.982023e-01 4.689148e-03 3.048297e+00 -1.379419e-02 -3.871401e-03 9.998974e-01 1.163241e+00
9.979680e-01 -6.245056e-02 1.264228e-02 9.710880e+01 6.237936e-02 9.980348e-01 5.950398e-03 3.098328e+00 -1.298904e-02 -5.149689e-03 9.999024e-01 1.176337e+00
9.978602e-01 -6.473062e-02 9.218323e-03 9.782054e+01 6.466691e-02 9.978820e-01 7.049549e-03 3.151050e+00 -9.655120e-03 -6.438344e-03 9.999326e-01 1.191992e+00
9.977264e-01 -6.717648e-02 5.414507e-03 9.849263e+01 6.712233e-02 9.976983e-01 9.628704e-03 3.205148e+00 -6.048867e-03 -9.243377e-03 9.999390e-01 1.203100e+00
9.976091e-01 -6.904709e-02 2.944096e-03 9.912935e+01 6.900730e-02 9.975443e-01 1.196699e-02 3.257365e+00 -3.763152e-03 -1.173521e-02 9.999241e-01 1.206539e+00
9.975407e-01 -7.005350e-02 2.249781e-03 9.974289e+01 7.001816e-02 9.974592e-01 1.313384e-02 3.309596e+00 -3.164137e-03 -1.294401e-02 9.999112e-01 1.208716e+00
9.975796e-01 -6.948240e-02 2.680725e-03 1.003343e+02 6.943811e-02 9.974869e-01 1.407857e-02 3.356661e+00 -3.652201e-03 -1.385835e-02 9.998973e-01 1.217738e+00
9.977604e-01 -6.677625e-02 3.883473e-03 1.009053e+02 6.670705e-02 9.976470e-01 1.582735e-02 3.401061e+00 -4.931226e-03 -1.553285e-02 9.998672e-01 1.208955e+00
9.980901e-01 -6.156084e-02 5.129329e-03 1.014466e+02 6.145703e-02 9.979401e-01 1.839947e-02 3.442521e+00 -6.251450e-03 -1.804910e-02 9.998176e-01 1.219479e+00
9.985029e-01 -5.431676e-02 6.459527e-03 1.019826e+02 5.418540e-02 9.983498e-01 1.901739e-02 3.478136e+00 -7.481831e-03 -1.863891e-02 9.997983e-01 1.223020e+00
9.989390e-01 -4.518058e-02 8.915025e-03 1.024855e+02 4.500196e-02 9.988002e-01 1.931053e-02 3.503111e+00 -9.776790e-03 -1.888885e-02 9.997738e-01 1.226675e+00
9.993897e-01 -3.339362e-02 1.025082e-02 1.029674e+02 3.319467e-02 9.992683e-01 1.900043e-02 3.513020e+00 -1.087781e-02 -1.864856e-02 9.997669e-01 1.234680e+00
9.997378e-01 -2.022029e-02 1.074359e-02 1.034217e+02 2.002082e-02 9.996310e-01 1.835972e-02 3.517233e+00 -1.111087e-02 -1.813981e-02 9.997737e-01 1.233323e+00
9.999316e-01 -4.988701e-03 1.058067e-02 1.038537e+02 4.798511e-03 9.998278e-01 1.792511e-02 3.512884e+00 -1.066828e-02 -1.787311e-02 9.997833e-01 1.236159e+00
9.998739e-01 1.288730e-02 9.277211e-03 1.042694e+02 -1.303431e-02 9.997876e-01 1.596421e-02 3.505070e+00 -9.069504e-03 -1.608312e-02 9.998295e-01 1.241743e+00
9.993959e-01 3.419658e-02 6.193394e-03 1.046769e+02 -3.429105e-02 9.992862e-01 1.584974e-02 3.485202e+00 -5.646966e-03 -1.605254e-02 9.998552e-01 1.236807e+00
9.982723e-01 5.869335e-02 2.738534e-03 1.050973e+02 -5.872564e-02 9.981793e-01 1.376252e-02 3.451155e+00 -1.925780e-03 -1.389957e-02 9.999015e-01 1.240508e+00
9.962903e-01 8.604430e-02 1.438336e-03 1.054802e+02 -8.605539e-02 9.962181e-01 1.199429e-02 3.407093e+00 -4.008565e-04 -1.207357e-02 9.999270e-01 1.242855e+00
9.932646e-01 1.158661e-01 7.179398e-04 1.058688e+02 -1.158680e-01 9.932267e-01 8.679898e-03 3.339946e+00 2.926290e-04 -8.704622e-03 9.999621e-01 1.240463e+00
9.889714e-01 1.481061e-01 2.967389e-04 1.062364e+02 -1.481057e-01 9.889581e-01 5.158394e-03 3.275137e+00 4.705273e-04 -5.145453e-03 9.999866e-01 1.234808e+00
9.829826e-01 1.836970e-01 -7.236989e-04 1.066227e+02 -1.836932e-01 9.829768e-01 3.665931e-03 3.180684e+00 1.384799e-03 -3.470608e-03 9.999930e-01 1.241692e+00
9.750624e-01 2.219266e-01 -1.391186e-03 1.069686e+02 -2.219248e-01 9.750628e-01 1.346797e-03 3.076582e+00 1.655384e-03 -1.004473e-03 9.999982e-01 1.245093e+00
9.650594e-01 2.620255e-01 -1.750530e-03 1.073513e+02 -2.620270e-01 9.650603e-01 -6.852359e-04 2.950629e+00 1.509818e-03 1.119979e-03 9.999982e-01 1.237100e+00
9.529663e-01 3.030698e-01 -1.962794e-03 1.076614e+02 -3.030698e-01 9.529683e-01 2.906019e-04 2.837402e+00 1.958553e-03 3.179296e-04 9.999980e-01 1.260415e+00
9.378866e-01 3.469381e-01 -1.627090e-03 1.080000e+02 -3.469345e-01 9.378869e-01 2.159651e-03 2.696418e+00 2.275292e-03 -1.461015e-03 9.999964e-01 1.273782e+00
9.200370e-01 3.918306e-01 -8.762265e-04 1.083598e+02 -3.918292e-01 9.200369e-01 1.427838e-03 2.522044e+00 1.365632e-03 -9.703331e-04 9.999986e-01 1.282403e+00
9.001358e-01 4.356092e-01 5.818925e-04 1.086298e+02 -4.356095e-01 9.001345e-01 1.496101e-03 2.372692e+00 1.279338e-04 -1.600172e-03 9.999987e-01 1.288586e+00
8.770345e-01 4.804274e-01 3.310175e-04 1.089594e+02 -4.804275e-01 8.770344e-01 4.476646e-04 2.164171e+00 -7.524347e-05 -5.516472e-04 9.999998e-01 1.295938e+00
8.522022e-01 5.232122e-01 -5.992764e-04 1.092076e+02 -5.232122e-01 8.522024e-01 1.638941e-04 1.978804e+00 5.964562e-04 1.738778e-04 9.999998e-01 1.309489e+00
8.245653e-01 5.657620e-01 -2.319111e-03 1.095037e+02 -5.657611e-01 8.245685e-01 1.093495e-03 1.752821e+00 2.530924e-03 4.104050e-04 9.999967e-01 1.298543e+00
7.944932e-01 6.072643e-01 -3.265690e-03 1.097333e+02 -6.072508e-01 7.944986e-01 4.313925e-03 1.547998e+00 5.214279e-03 -1.444291e-03 9.999853e-01 1.311928e+00
7.607476e-01 6.490413e-01 -2.929821e-03 1.100236e+02 -6.489926e-01 7.607339e-01 9.617544e-03 1.291087e+00 8.470997e-03 -5.415091e-03 9.999495e-01 1.343117e+00
7.239479e-01 6.898499e-01 -2.568237e-03 1.102431e+02 -6.897629e-01 7.239074e-01 1.361081e-02 1.056549e+00 1.124858e-02 -8.082045e-03 9.999041e-01 1.333175e+00
6.848210e-01 7.287071e-01 -2.492383e-03 1.104762e+02 -7.286221e-01 6.847867e-01 1.330031e-02 7.748985e-01 1.139878e-02 -7.292325e-03 9.999084e-01 1.348042e+00
6.438589e-01 7.651398e-01 -2.605194e-03 1.107115e+02 -7.650867e-01 6.438484e-01 1.008259e-02 4.623202e-01 9.391940e-03 -4.498565e-03 9.999458e-01 1.389094e+00
6.004165e-01 7.996852e-01 -1.905096e-03 1.108783e+02 -7.996464e-01 6.004081e-01 8.706396e-03 1.763326e-01 8.106210e-03 -3.704061e-03 9.999603e-01 1.371501e+00
5.539476e-01 8.325509e-01 1.057470e-03 1.111066e+02 -8.325337e-01 5.539268e-01 7.272853e-03 -1.823141e-01 5.469258e-03 -4.909159e-03 9.999730e-01 1.410943e+00
5.066906e-01 8.621251e-01 2.184014e-03 1.112444e+02 -8.621190e-01 5.066723e-01 5.833246e-03 -4.819962e-01 3.922410e-03 -4.838531e-03 9.999806e-01 1.384470e+00
4.557120e-01 8.901206e-01 3.447146e-03 1.114328e+02 -8.901266e-01 4.557129e-01 5.641949e-04 -8.785527e-01 -1.068708e-03 -3.325507e-03 9.999939e-01 1.426748e+00
4.048671e-01 9.143506e-01 6.759970e-03 1.115456e+02 -9.143737e-01 4.048703e-01 9.388938e-04 -1.214674e+00 -1.878434e-03 -6.561265e-03 9.999767e-01 1.412325e+00
3.539985e-01 9.351965e-01 9.636227e-03 1.116700e+02 -9.352461e-01 3.539757e-01 4.030888e-03 -1.585406e+00 3.586797e-04 -1.043917e-02 9.999455e-01 1.407187e+00
3.026713e-01 9.530225e-01 1.176891e-02 1.118087e+02 -9.530814e-01 3.025775e-01 9.108847e-03 -1.999785e+00 5.119927e-03 -1.397371e-02 9.998893e-01 1.438126e+00
2.562867e-01 9.665433e-01 1.054993e-02 1.118776e+02 -9.665704e-01 2.561769e-01 1.072052e-02 -2.379282e+00 7.659197e-03 -1.294478e-02 9.998869e-01 1.408396e+00
2.137733e-01 9.768739e-01 4.311279e-03 1.119705e+02 -9.768426e-01 2.137220e-01 1.007208e-02 -2.822114e+00 8.917736e-03 -6.364584e-03 9.999400e-01 1.423859e+00
1.788857e-01 9.838682e-01 -1.766228e-03 1.119998e+02 -9.838251e-01 1.788944e-01 9.211371e-03 -3.230986e+00 9.378744e-03 8.987718e-05 9.999560e-01 1.427570e+00
1.476428e-01 9.890339e-01 -3.676372e-03 1.120609e+02 -9.889824e-01 1.476734e-01 1.031364e-02 -3.688331e+00 1.074344e-02 2.113133e-03 9.999400e-01 1.430392e+00
1.202776e-01 9.927393e-01 -1.471478e-03 1.120970e+02 -9.927012e-01 1.202859e-01 8.698405e-03 -4.136543e+00 8.812246e-03 4.145138e-04 9.999611e-01 1.426872e+00
9.466708e-02 9.954970e-01 4.883655e-03 1.121491e+02 -9.954991e-01 9.464306e-02 4.935834e-03 -4.620456e+00 4.451403e-03 -5.328936e-03 9.999759e-01 1.437093e+00
7.034147e-02 9.974726e-01 1.003296e-02 1.121979e+02 -9.975217e-01 7.032102e-02 2.376381e-03 -5.131240e+00 1.664846e-03 -1.017525e-02 9.999468e-01 1.433908e+00
4.814863e-02 9.988075e-01 8.086062e-03 1.121981e+02 -9.988396e-01 4.815632e-02 -7.596353e-04 -5.639892e+00 -1.148125e-03 -8.040103e-03 9.999670e-01 1.449723e+00
2.772731e-02 9.996139e-01 1.831968e-03 1.121938e+02 -9.996154e-01 2.772832e-02 -5.394402e-04 -6.171522e+00 -5.900293e-04 -1.816306e-03 9.999982e-01 1.458029e+00
9.294987e-03 9.999486e-01 -4.071888e-03 1.122055e+02 -9.999554e-01 9.302020e-03 1.710247e-03 -6.743489e+00 1.748036e-03 4.055809e-03 9.999902e-01 1.466623e+00
-4.841685e-03 9.999762e-01 -4.905523e-03 1.121939e+02 -9.999731e-01 -4.814625e-03 5.525745e-03 -7.300946e+00 5.501996e-03 4.932146e-03 9.999727e-01 1.495979e+00
-1.636744e-02 9.998659e-01 -5.741867e-04 1.122039e+02 -9.998177e-01 -1.636100e-02 9.851621e-03 -7.911112e+00 9.840905e-03 7.353277e-04 9.999513e-01 1.501065e+00
-2.272689e-02 9.997399e-01 -1.932181e-03 1.121830e+02 -9.996968e-01 -2.270746e-02 9.530297e-03 -8.523047e+00 9.483942e-03 2.148188e-03 9.999527e-01 1.492793e+00
-2.537727e-02 9.996508e-01 -7.372293e-03 1.121508e+02 -9.996508e-01 -2.532148e-02 7.567063e-03 -9.179018e+00 7.377743e-03 7.561749e-03 9.999442e-01 1.506943e+00
-2.523947e-02 9.996455e-01 -8.475775e-03 1.121321e+02 -9.996656e-01 -2.519047e-02 5.840951e-03 -9.850042e+00 5.625372e-03 8.620364e-03 9.999470e-01 1.507151e+00
-2.345765e-02 9.997055e-01 -6.222333e-03 1.121259e+02 -9.997123e-01 -2.342582e-02 5.143277e-03 -1.051937e+01 4.995999e-03 6.341192e-03 9.999674e-01 1.535010e+00
-2.202070e-02 9.997562e-01 -1.619188e-03 1.121238e+02 -9.997404e-01 -2.201080e-02 5.901653e-03 -1.122096e+01 5.864575e-03 1.748726e-03 9.999813e-01 1.535287e+00
-2.089989e-02 9.997805e-01 -1.524590e-03 1.121148e+02 -9.997618e-01 -2.088988e-02 6.332390e-03 -1.192262e+01 6.299151e-03 1.656573e-03 9.999788e-01 1.555556e+00
-1.991653e-02 9.997997e-01 -1.987633e-03 1.121026e+02 -9.997769e-01 -1.990199e-02 7.084109e-03 -1.264865e+01 7.043133e-03 2.128279e-03 9.999729e-01 1.545647e+00
-1.918924e-02 9.998146e-01 -1.639024e-03 1.120947e+02 -9.997939e-01 -1.917791e-02 6.669204e-03 -1.340293e+01 6.636534e-03 1.766664e-03 9.999764e-01 1.572564e+00
-1.837170e-02 9.998304e-01 -1.327460e-03 1.120829e+02 -9.998144e-01 -1.836371e-02 5.843182e-03 -1.416111e+01 5.817813e-03 1.434562e-03 9.999821e-01 1.580702e+00
-1.816428e-02 9.998314e-01 -2.702717e-03 1.120779e+02 -9.998231e-01 -1.815081e-02 4.944683e-03 -1.494371e+01 4.894793e-03 2.792055e-03 9.999841e-01 1.582458e+00
-1.853216e-02 9.998223e-01 -3.508919e-03 1.120603e+02 -9.998270e-01 -1.852620e-02 1.740252e-03 -1.570965e+01 1.674936e-03 3.540562e-03 9.999923e-01 1.599404e+00
-1.953280e-02 9.998067e-01 -2.271064e-03 1.120505e+02 -9.998088e-01 -1.953042e-02 1.017081e-03 -1.649935e+01 9.725300e-04 2.290495e-03 9.999969e-01 1.603485e+00
-2.079237e-02 9.997824e-01 -1.732946e-03 1.120433e+02 -9.997837e-01 -2.079129e-02 6.263462e-04 -1.730344e+01 5.901799e-04 1.745594e-03 9.999983e-01 1.588347e+00
-2.175844e-02 9.997578e-01 -3.302527e-03 1.120197e+02 -9.997592e-01 -2.176774e-02 -2.777365e-03 -1.808697e+01 -2.848581e-03 3.241301e-03 9.999907e-01 1.616188e+00
-2.276862e-02 9.997296e-01 -4.717763e-03 1.119979e+02 -9.997318e-01 -2.278805e-02 -4.128393e-03 -1.891431e+01 -4.234785e-03 4.622499e-03 9.999803e-01 1.632862e+00
-2.411509e-02 9.997035e-01 -3.368432e-03 1.119812e+02 -9.996993e-01 -2.412975e-02 -4.363811e-03 -1.972595e+01 -4.443796e-03 3.262185e-03 9.999848e-01 1.620550e+00
-2.524924e-02 9.996812e-01 2.688723e-04 1.119716e+02 -9.996812e-01 -2.524924e-02 1.549282e-04 -2.054242e+01 1.616677e-04 -2.648747e-04 9.999999e-01 1.623422e+00
-2.632618e-02 9.996522e-01 -1.632199e-03 1.119574e+02 -9.996417e-01 -2.631795e-02 4.922046e-03 -2.137866e+01 4.877378e-03 1.761192e-03 9.999865e-01 1.613427e+00
-2.725923e-02 9.996230e-01 -3.303960e-03 1.119328e+02 -9.996141e-01 -2.724111e-02 5.437853e-03 -2.221631e+01 5.345799e-03 3.450917e-03 9.999797e-01 1.635703e+00
-2.835810e-02 9.995975e-01 8.364542e-04 1.119156e+02 -9.995909e-01 -2.836096e-02 3.688095e-03 -2.307143e+01 3.710333e-03 -7.315245e-04 9.999928e-01 1.648329e+00
-2.929723e-02 9.995697e-01 1.527866e-03 1.118993e+02 -9.995707e-01 -2.929807e-02 5.231380e-04 -2.392318e+01 5.676762e-04 -1.511884e-03 9.999987e-01 1.644975e+00
-2.959633e-02 9.995605e-01 1.700273e-03 1.118799e+02 -9.995549e-01 -2.958977e-02 -3.804063e-03 -2.476505e+01 -3.752080e-03 -1.812102e-03 9.999913e-01 1.647861e+00
-2.998137e-02 9.995377e-01 5.075480e-03 1.118639e+02 -9.995176e-01 -2.993870e-02 -8.279514e-03 -2.561703e+01 -8.123732e-03 -5.321261e-03 9.999529e-01 1.645079e+00
-2.988195e-02 9.995228e-01 7.844543e-03 1.118485e+02 -9.995121e-01 -2.980816e-02 -9.349821e-03 -2.646908e+01 -9.111528e-03 -8.120103e-03 9.999255e-01 1.640323e+00
-2.905357e-02 9.995622e-01 5.615462e-03 1.118242e+02 -9.995677e-01 -2.902734e-02 -4.693034e-03 -2.729367e+01 -4.527977e-03 -5.749383e-03 9.999732e-01 1.672310e+00
-2.815664e-02 9.995935e-01 4.497600e-03 1.118063e+02 -9.995906e-01 -2.817893e-02 4.986349e-03 -2.811630e+01 5.111059e-03 -4.355359e-03 9.999775e-01 1.696423e+00
-2.778971e-02 9.996124e-01 1.726468e-03 1.117846e+02 -9.995760e-01 -2.780366e-02 8.658480e-03 -2.895374e+01 8.703125e-03 -1.485119e-03 9.999610e-01 1.733577e+00
-2.668595e-02 9.996440e-01 2.073545e-04 1.117616e+02 -9.996384e-01 -2.668655e-02 3.355162e-03 -2.978559e+01 3.359501e-03 -1.177441e-04 9.999943e-01 1.745892e+00
-2.585161e-02 9.996561e-01 -4.426382e-03 1.117345e+02 -9.996604e-01 -2.586591e-02 -3.210738e-03 -3.062145e+01 -3.324125e-03 4.341876e-03 9.999850e-01 1.732788e+00
-2.561688e-02 9.996558e-01 -5.688686e-03 1.117180e+02 -9.996516e-01 -2.565229e-02 -6.249774e-03 -3.144674e+01 -6.393549e-03 5.526604e-03 9.999643e-01 1.738188e+00
-2.598691e-02 9.996534e-01 -4.213022e-03 1.117039e+02 -9.996415e-01 -2.601337e-02 -6.348893e-03 -3.226639e+01 -6.456288e-03 4.046523e-03 9.999710e-01 1.752173e+00
-2.728009e-02 9.996269e-01 -1.395405e-03 1.116930e+02 -9.996080e-01 -2.728832e-02 -6.262440e-03 -3.308765e+01 -6.298181e-03 1.224018e-03 9.999794e-01 1.768238e+00
-2.903736e-02 9.995784e-01 -1.549737e-04 1.116786e+02 -9.995561e-01 -2.903771e-02 -6.676796e-03 -3.390059e+01 -6.678481e-03 -3.897162e-05 9.999777e-01 1.776721e+00
-3.123462e-02 9.995117e-01 1.020653e-03 1.116544e+02 -9.994875e-01 -3.122663e-02 -7.056904e-03 -3.471205e+01 -7.021586e-03 -1.240549e-03 9.999746e-01 1.783333e+00
-3.327513e-02 9.994439e-01 2.139390e-03 1.116364e+02 -9.994253e-01 -3.326046e-02 -6.538799e-03 -3.551849e+01 -6.464006e-03 -2.355739e-03 9.999763e-01 1.793325e+00
-3.536904e-02 9.993696e-01 3.107497e-03 1.116116e+02 -9.993513e-01 -3.534698e-02 -6.906402e-03 -3.631898e+01 -6.792207e-03 -3.349753e-03 9.999713e-01 1.798244e+00
-3.754818e-02 9.992847e-01 4.521745e-03 1.115930e+02 -9.992678e-01 -3.751349e-02 -7.528040e-03 -3.712216e+01 -7.353028e-03 -4.801097e-03 9.999614e-01 1.805118e+00
-3.927708e-02 9.992198e-01 4.135348e-03 1.115638e+02 -9.991938e-01 -3.924084e-02 -8.489071e-03 -3.791698e+01 -8.320173e-03 -4.465440e-03 9.999554e-01 1.817142e+00
-4.173446e-02 9.991172e-01 4.820504e-03 1.115382e+02 -9.990930e-01 -4.169166e-02 -8.668642e-03 -3.869701e+01 -8.460014e-03 -5.177911e-03 9.999508e-01 1.822158e+00
-4.340076e-02 9.990445e-01 5.172575e-03 1.115089e+02 -9.990258e-01 -4.335737e-02 -8.232576e-03 -3.948064e+01 -8.000440e-03 -5.524835e-03 9.999527e-01 1.838612e+00
-4.468417e-02 9.989883e-01 5.105406e-03 1.114754e+02 -9.989691e-01 -4.464114e-02 -8.258410e-03 -4.025380e+01 -8.022143e-03 -5.469162e-03 9.999529e-01 1.848765e+00
-4.562199e-02 9.989519e-01 3.759276e-03 1.114390e+02 -9.989184e-01 -4.558587e-02 -9.184898e-03 -4.103588e+01 -9.003900e-03 -4.174241e-03 9.999508e-01 1.864195e+00
-4.697573e-02 9.988908e-01 3.303092e-03 1.114069e+02 -9.988540e-01 -4.694307e-02 -9.348108e-03 -4.180910e+01 -9.182680e-03 -3.738439e-03 9.999508e-01 1.868681e+00
-4.828060e-02 9.988258e-01 4.025244e-03 1.113735e+02 -9.987908e-01 -4.824054e-02 -9.493937e-03 -4.256050e+01 -9.288609e-03 -4.478747e-03 9.999468e-01 1.884422e+00
-4.921699e-02 9.987755e-01 5.038188e-03 1.113485e+02 -9.987358e-01 -4.916203e-02 -1.049558e-02 -4.331683e+01 -1.023503e-02 -5.548377e-03 9.999322e-01 1.896891e+00
-5.005598e-02 9.987349e-01 4.802443e-03 1.113199e+02 -9.986828e-01 -4.999793e-02 -1.153105e-02 -4.404832e+01 -1.127635e-02 -5.373315e-03 9.999220e-01 1.913044e+00
-5.066800e-02 9.987090e-01 3.617856e-03 1.112878e+02 -9.986480e-01 -5.062211e-02 -1.181733e-02 -4.477213e+01 -1.161893e-02 -4.211725e-03 9.999236e-01 1.934230e+00
-5.094314e-02 9.986917e-01 4.452278e-03 1.112537e+02 -9.986404e-01 -5.089021e-02 -1.129766e-02 -4.547514e+01 -1.105630e-02 -5.021763e-03 9.999263e-01 1.930413e+00
-5.102420e-02 9.986861e-01 4.761755e-03 1.112247e+02 -9.986587e-01 -5.097973e-02 -9.052184e-03 -4.619220e+01 -8.797538e-03 -5.217249e-03 9.999477e-01 1.960589e+00
-5.104887e-02 9.986788e-01 5.884849e-03 1.111980e+02 -9.986711e-01 -5.100501e-02 -7.386243e-03 -4.689513e+01 -7.076328e-03 -6.254089e-03 9.999554e-01 1.956336e+00
-5.135274e-02 9.986660e-01 5.407932e-03 1.111643e+02 -9.986589e-01 -5.131519e-02 -6.871356e-03 -4.759019e+01 -6.584680e-03 -5.753542e-03 9.999618e-01 1.970027e+00
-5.136740e-02 9.986739e-01 3.472288e-03 1.111297e+02 -9.986575e-01 -5.134261e-02 -6.890384e-03 -4.828565e+01 -6.702971e-03 -3.821566e-03 9.999703e-01 1.972052e+00
-5.177951e-02 9.986564e-01 2.122893e-03 1.110957e+02 -9.986281e-01 -5.176115e-02 -7.922384e-03 -4.898054e+01 -7.801855e-03 -2.530196e-03 9.999664e-01 1.988902e+00
-5.188513e-02 9.986305e-01 6.734802e-03 1.110745e+02 -9.986295e-01 -5.183625e-02 -7.237948e-03 -4.966542e+01 -6.878928e-03 -7.101113e-03 9.999511e-01 1.981467e+00
-5.189025e-02 9.986317e-01 6.521680e-03 1.110509e+02 -9.986290e-01 -5.184269e-02 -7.265185e-03 -5.033914e+01 -6.917141e-03 -6.889729e-03 9.999523e-01 2.000864e+00
-5.174923e-02 9.986526e-01 3.880249e-03 1.110153e+02 -9.986256e-01 -5.171478e-02 -8.513086e-03 -5.103904e+01 -8.300950e-03 -4.315461e-03 9.999563e-01 2.017006e+00
-5.298138e-02 9.985870e-01 4.162498e-03 1.109820e+02 -9.985566e-01 -5.294204e-02 -9.070684e-03 -5.172196e+01 -8.837496e-03 -4.637065e-03 9.999502e-01 2.016215e+00
-5.648267e-02 9.983688e-01 8.339624e-03 1.109483e+02 -9.983627e-01 -5.640280e-02 -9.526651e-03 -5.239241e+01 -9.040734e-03 -8.864060e-03 9.999198e-01 2.028850e+00
-6.174099e-02 9.980632e-01 7.609648e-03 1.109189e+02 -9.980507e-01 -6.166708e-02 -9.589373e-03 -5.307277e+01 -9.101535e-03 -8.186872e-03 9.999251e-01 2.027616e+00
-6.773937e-02 9.976629e-01 8.957516e-03 1.108735e+02 -9.976851e-01 -6.768155e-02 -6.604773e-03 -5.374298e+01 -5.983077e-03 -9.384184e-03 9.999381e-01 2.046975e+00
-7.465315e-02 9.971449e-01 1.136441e-02 1.108261e+02 -9.972053e-01 -7.461429e-02 -3.805343e-03 -5.443092e+01 -2.946531e-03 -1.161673e-02 9.999282e-01 2.040164e+00
-8.186972e-02 9.965640e-01 1.255112e-02 1.107661e+02 -9.966417e-01 -8.184254e-02 -2.664810e-03 -5.509629e+01 -1.628438e-03 -1.272713e-02 9.999177e-01 2.041568e+00
-8.795822e-02 9.960367e-01 1.321247e-02 1.107106e+02 -9.961230e-01 -8.792853e-02 -2.814651e-03 -5.579042e+01 -1.641744e-03 -1.340881e-02 9.999087e-01 2.043432e+00
-9.330857e-02 9.955451e-01 1.354307e-02 1.106516e+02 -9.956350e-01 -9.327090e-02 -3.388183e-03 -5.649422e+01 -2.109916e-03 -1.380010e-02 9.999025e-01 2.057561e+00
-9.786499e-02 9.950717e-01 1.596714e-02 1.105941e+02 -9.951985e-01 -9.782648e-02 -3.176918e-03 -5.717327e+01 -1.599252e-03 -1.620138e-02 9.998675e-01 2.082510e+00
-1.018230e-01 9.946339e-01 1.831944e-02 1.105240e+02 -9.948012e-01 -1.017739e-01 -3.590905e-03 -5.787850e+01 -1.707197e-03 -1.858983e-02 9.998257e-01 2.080340e+00
-1.045256e-01 9.943671e-01 1.756287e-02 1.104512e+02 -9.945133e-01 -1.044337e-01 -6.077491e-03 -5.858040e+01 -4.209104e-03 -1.810176e-02 9.998273e-01 2.088378e+00
-1.064438e-01 9.941849e-01 1.631617e-02 1.103783e+02 -9.942922e-01 -1.063067e-01 -9.052654e-03 -5.930935e+01 -7.265494e-03 -1.718664e-02 9.998259e-01 2.100752e+00
-1.080009e-01 9.939992e-01 1.736172e-02 1.103065e+02 -9.941067e-01 -1.078151e-01 -1.130382e-02 -6.001991e+01 -9.364136e-03 -1.848023e-02 9.997854e-01 2.098984e+00
-1.093571e-01 9.938607e-01 1.679531e-02 1.102319e+02 -9.939433e-01 -1.091504e-01 -1.277225e-02 -6.075127e+01 -1.086063e-02 -1.809032e-02 9.997774e-01 2.092332e+00
-1.099004e-01 9.938191e-01 1.566700e-02 1.101551e+02 -9.939138e-01 -1.097634e-01 -9.353082e-03 -6.149131e+01 -7.575610e-03 -1.659955e-02 9.998335e-01 2.102085e+00
-1.100382e-01 9.938681e-01 1.085638e-02 1.100685e+02 -9.939157e-01 -1.099772e-01 -6.061445e-03 -6.220123e+01 -4.830323e-03 -1.145731e-02 9.999227e-01 2.097699e+00
-1.109246e-01 9.938152e-01 5.203837e-03 1.099751e+02 -9.938276e-01 -1.109148e-01 -2.128755e-03 -6.295898e+01 -1.538407e-03 -5.407848e-03 9.999842e-01 2.127995e+00
-1.116620e-01 9.937398e-01 3.597702e-03 1.098950e+02 -9.937455e-01 -1.116565e-01 -1.663143e-03 -6.368967e+01 -1.251024e-03 -3.760910e-03 9.999921e-01 2.132576e+00
-1.118726e-01 9.937058e-01 5.767387e-03 1.098169e+02 -9.937187e-01 -1.118542e-01 -3.413903e-03 -6.445281e+01 -2.747309e-03 -6.113083e-03 9.999775e-01 2.142462e+00
-1.116505e-01 9.937438e-01 2.802739e-03 1.097344e+02 -9.937230e-01 -1.116273e-01 -7.366419e-03 -6.520235e+01 -7.007470e-03 -3.607608e-03 9.999689e-01 2.120420e+00
-1.119465e-01 9.937142e-01 4.101133e-04 1.096524e+02 -9.936786e-01 -1.119390e-01 -8.525889e-03 -6.594282e+01 -8.426390e-03 -1.361964e-03 9.999636e-01 2.126273e+00
-1.127149e-01 9.936274e-01 -3.929966e-04 1.095714e+02 -9.935898e-01 -1.127141e-01 -8.664477e-03 -6.669966e+01 -8.653556e-03 -5.861375e-04 9.999624e-01 2.139243e+00
-1.143441e-01 9.934410e-01 8.146858e-04 1.094945e+02 -9.934078e-01 -1.143335e-01 -8.314077e-03 -6.744180e+01 -8.166398e-03 -1.759980e-03 9.999651e-01 2.136763e+00
-1.164525e-01 9.931958e-01 1.095073e-03 1.094123e+02 -9.931673e-01 -1.164405e-01 -7.779895e-03 -6.818792e+01 -7.599447e-03 -1.993578e-03 9.999691e-01 2.149883e+00
-1.183282e-01 9.929746e-01 -7.639200e-06 1.093221e+02 -9.929466e-01 -1.183250e-01 -7.522465e-03 -6.891378e+01 -7.470520e-03 -8.825343e-04 9.999717e-01 2.154092e+00
-1.202319e-01 9.927458e-01 -2.998523e-04 1.092349e+02 -9.927179e-01 -1.202308e-01 -7.475799e-03 -6.966382e+01 -7.457620e-03 -6.011605e-04 9.999720e-01 2.162320e+00
-1.222631e-01 9.924971e-01 -1.070165e-03 1.091451e+02 -9.924654e-01 -1.222677e-01 -7.934204e-03 -7.041620e+01 -8.005522e-03 9.204171e-05 9.999679e-01 2.179125e+00
-1.239264e-01 9.922912e-01 -9.154432e-04 1.090620e+02 -9.922647e-01 -1.239297e-01 -7.244530e-03 -7.115865e+01 -7.302133e-03 1.057485e-05 9.999734e-01 2.162716e+00
-1.249617e-01 9.921582e-01 2.645643e-03 1.089687e+02 -9.921417e-01 -1.249418e-01 -6.681615e-03 -7.192477e+01 -6.298667e-03 -3.459798e-03 9.999742e-01 2.182457e+00
-1.260068e-01 9.920257e-01 2.657425e-03 1.088817e+02 -9.920138e-01 -1.259896e-01 -5.925593e-03 -7.267361e+01 -5.543533e-03 -3.382869e-03 9.999789e-01 2.178952e+00
-1.271774e-01 9.918788e-01 1.611170e-03 1.087856e+02 -9.918631e-01 -1.271656e-01 -6.057010e-03 -7.345332e+01 -5.802934e-03 -2.368374e-03 9.999803e-01 2.218464e+00
-1.282934e-01 9.917353e-01 1.500317e-03 1.086845e+02 -9.917113e-01 -1.282792e-01 -7.319489e-03 -7.421895e+01 -7.066535e-03 -2.426921e-03 9.999721e-01 2.204122e+00
-1.294188e-01 9.915863e-01 2.700403e-03 1.085929e+02 -9.915506e-01 -1.293889e-01 -9.272031e-03 -7.501176e+01 -8.844617e-03 -3.877561e-03 9.999534e-01 2.199501e+00
-1.310462e-01 9.913599e-01 5.689484e-03 1.084943e+02 -9.913265e-01 -1.309799e-01 -1.077501e-02 -7.579874e+01 -9.936704e-03 -7.052160e-03 9.999257e-01 2.195279e+00
-1.333025e-01 9.910630e-01 4.951318e-03 1.083888e+02 -9.910199e-01 -1.332405e-01 -1.124484e-02 -7.657458e+01 -1.048463e-02 -6.405820e-03 9.999245e-01 2.199978e+00
-1.354189e-01 9.907813e-01 3.788737e-03 1.082855e+02 -9.907324e-01 -1.353695e-01 -1.115969e-02 -7.738148e+01 -1.054393e-02 -5.264856e-03 9.999306e-01 2.217655e+00
