1.000000e+00 0.000000e+00 0.000000e+00 0.000000e+00 0.000000e+00 1.000000e+00 0.000000e+00 0.000000e+00 0.000000e+00 0.000000e+00 1.000000e+00 0.000000e+00
9.999994e-01 -1.196835e-04 1.069683e-03 1.311438e+00 1.204308e-04 9.999998e-01 -6.985949e-04 7.435053e-03 -1.069599e-03 6.987233e-04 9.999992e-01 1.934512e-02
9.999989e-01 -3.754229e-04 1.440008e-03 2.627149e+00 3.778300e-04 9.999985e-01 -1.671705e-03 1.437462e-02 -1.439378e-03 1.672247e-03 9.999976e-01 3.209037e-02
9.999990e-01 -5.870792e-04 1.279918e-03 3.947577e+00 5.899439e-04 9.999973e-01 -2.239014e-03 1.345564e-02 -1.278600e-03 2.239767e-03 9.999967e-01 7.295319e-02
9.999994e-01 -2.402169e-04 1.084387e-03 5.264640e+00 2.431848e-04 9.999962e-01 -2.737577e-03 2.439442e-02 -1.083725e-03 2.737839e-03 9.999956e-01 8.486362e-02
9.999987e-01 -5.129232e-04 1.493214e-03 6.594107e+00 5.172387e-04 9.999957e-01 -2.891127e-03 2.751413e-02 -1.491725e-03 2.891896e-03 9.999947e-01 9.458835e-02
9.999972e-01 -4.341632e-04 2.317024e-03 7.925816e+00 4.423374e-04 9.999937e-01 -3.528525e-03 2.338046e-02 -2.315478e-03 3.529540e-03 9.999911e-01 1.305766e-01
9.999973e-01 -5.806271e-04 2.279430e-03 9.258204e+00 5.888382e-04 9.999933e-01 -3.603245e-03 3.500975e-02 -2.277323e-03 3.604577e-03 9.999909e-01 1.328268e-01
9.999983e-01 -1.086303e-03 1.523590e-03 1.059446e+01 1.090839e-03 9.999950e-01 -2.979508e-03 3.837685e-02 -1.520346e-03 2.981164e-03 9.999944e-01 1.496953e-01
9.999996e-01 -8.613139e-04 -5.473554e-05 1.191512e+01 8.612475e-04 9.999989e-01 -1.201267e-03 5.379224e-02 5.577015e-05 1.201220e-03 9.999993e-01 1.436458e-01
9.999993e-01 -8.295390e-04 -8.954465e-04 1.326998e+01 8.311383e-04 9.999980e-01 1.787169e-03 6.761074e-02 8.939622e-04 -1.787912e-03 9.999980e-01 1.674028e-01
9.999987e-01 -7.856317e-04 -1.369811e-03 1.461352e+01 7.912892e-04 9.999911e-01 4.134529e-03 8.218354e-02 1.366551e-03 -4.135607e-03 9.999905e-01 1.763881e-01
9.999998e-01 -4.719947e-04 -3.714165e-04 1.596542e+01 4.737641e-04 9.999885e-01 4.778522e-03 9.515566e-02 3.691567e-04 -4.778697e-03 9.999885e-01 1.930490e-01
9.999990e-01 -4.083111e-04 1.335997e-03 1.732718e+01 4.048135e-04 9.999965e-01 2.617141e-03 9.436192e-02 -1.337061e-03 -2.616598e-03 9.999957e-01 2.008565e-01
9.999970e-01 -1.134171e-04 2.434356e-03 1.868072e+01 1.161381e-04 9.999993e-01 -1.117635e-03 9.457429e-02 -2.434227e-03 1.117914e-03 9.999964e-01 2.349459e-01
9.999990e-01 -7.034134e-04 1.185533e-03 2.003960e+01 7.069548e-04 9.999953e-01 -2.989389e-03 9.534379e-02 -1.183425e-03 2.990224e-03 9.999948e-01 2.489275e-01
9.999999e-01 -3.955289e-04 1.599080e-04 2.138836e+01 3.961553e-04 9.999922e-01 -3.936657e-03 9.808055e-02 -1.583497e-04 3.936720e-03 9.999923e-01 2.391275e-01
9.999999e-01 -1.438804e-04 -4.977844e-04 2.276004e+01 1.428363e-04 9.999978e-01 -2.096810e-03 1.025286e-01 4.980850e-04 2.096738e-03 9.999977e-01 2.688875e-01
9.999998e-01 6.126896e-04 2.444900e-04 2.412356e+01 -6.128518e-04 9.999996e-01 6.638537e-04 1.160537e-01 -2.440832e-04 -6.640034e-04 9.999998e-01 2.608588e-01
9.999868e-01 1.615779e-03 4.874629e-03 2.550222e+01 -1.616155e-03 9.999987e-01 7.324826e-05 1.219565e-01 -4.874505e-03 -8.112545e-05 9.999881e-01 2.717567e-01
9.999842e-01 1.741250e-03 5.341694e-03 2.688245e+01 -1.733541e-03 9.999974e-01 -1.447495e-03 1.113582e-01 -5.344200e-03 1.438212e-03 9.999847e-01 2.875695e-01
9.999839e-01 1.739293e-03 5.397310e-03 2.825672e+01 -1.708994e-03 9.999828e-01 -5.613250e-03 1.108975e-01 -5.406980e-03 5.603936e-03 9.999697e-01 3.094337e-01
9.999917e-01 1.612548e-03 3.742488e-03 2.963089e+01 -1.593514e-03 9.999858e-01 -5.083228e-03 1.134052e-01 -3.750632e-03 5.077222e-03 9.999801e-01 2.971883e-01
9.999941e-01 2.521378e-03 2.324480e-03 3.101233e+01 -2.509206e-03 9.999832e-01 -5.224486e-03 1.127580e-01 -2.337614e-03 5.218623e-03 9.999837e-01 3.340617e-01
9.999952e-01 2.890044e-03 1.118338e-03 3.239810e+01 -2.886752e-03 9.999915e-01 -2.933714e-03 1.175326e-01 -1.126807e-03 2.930471e-03 9.999951e-01 3.313453e-01
9.999943e-01 3.384222e-03 1.669620e-04 3.378613e+01 -3.383955e-03 9.999930e-01 -1.575885e-03 1.222162e-01 -1.722939e-04 1.575311e-03 9.999987e-01 3.628061e-01
9.999936e-01 3.541793e-03 6.098255e-04 3.518941e+01 -3.540831e-03 9.999925e-01 -1.571226e-03 1.263171e-01 -6.153858e-04 1.569057e-03 9.999986e-01 3.417988e-01
9.999938e-01 3.112787e-03 1.640157e-03 3.658794e+01 -3.108059e-03 9.999911e-01 -2.877508e-03 1.225184e-01 -1.649100e-03 2.872392e-03 9.999945e-01 3.526358e-01
9.999931e-01 2.879267e-03 2.332801e-03 3.799586e+01 -2.873490e-03 9.999928e-01 -2.476022e-03 1.271783e-01 -2.339914e-03 2.469302e-03 9.999942e-01 3.578643e-01
9.999939e-01 2.718210e-03 2.173081e-03 3.939368e+01 -2.716270e-03 9.999959e-01 -8.954283e-04 1.341787e-01 -2.175506e-03 8.895202e-04 9.999973e-01 3.600569e-01
9.999936e-01 2.909204e-03 2.091737e-03 4.080008e+01 -2.910965e-03 9.999954e-01 8.388990e-04 1.445161e-01 -2.089286e-03 -8.449826e-04 9.999974e-01 3.708161e-01
9.999932e-01 2.889713e-03 2.301540e-03 4.222520e+01 -2.894261e-03 9.999939e-01 1.975241e-03 1.516109e-01 -2.295817e-03 -1.981889e-03 9.999954e-01 3.776259e-01
9.999935e-01 2.629321e-03 2.476677e-03 4.361664e+01 -2.634493e-03 9.999943e-01 2.087153e-03 1.586032e-01 -2.471175e-03 -2.093664e-03 9.999948e-01 3.886780e-01
9.999934e-01 2.506587e-03 2.611687e-03 4.504236e+01 -2.510713e-03 9.999956e-01 1.577797e-03 1.693727e-01 -2.607721e-03 -1.584344e-03 9.999954e-01 4.183781e-01
9.999964e-01 1.682516e-03 2.068934e-03 4.645908e+01 -1.686483e-03 9.999967e-01 1.917109e-03 1.708734e-01 -2.065701e-03 -1.920591e-03 9.999960e-01 4.444719e-01
9.999970e-01 8.363540e-04 2.317961e-03 4.790233e+01 -8.400097e-04 9.999984e-01 1.576540e-03 1.781767e-01 -2.316639e-03 -1.578482e-03 9.999961e-01 4.778418e-01
9.999962e-01 -1.926486e-04 2.751995e-03 4.931581e+01 1.871908e-04 9.999980e-01 1.983320e-03 1.814588e-01 -2.752372e-03 -1.982797e-03 9.999942e-01 4.907574e-01
9.999952e-01 -1.133681e-03 2.899053e-03 5.073489e+01 1.127406e-03 9.999970e-01 2.165270e-03 1.904292e-01 -2.901499e-03 -2.161991e-03 9.999934e-01 5.088608e-01
9.999939e-01 -2.253507e-03 2.658112e-03 5.218813e+01 2.247134e-03 9.999946e-01 2.398193e-03 1.978488e-01 -2.663502e-03 -2.392206e-03 9.999936e-01 5.281675e-01
9.999889e-01 -3.478753e-03 3.176880e-03 5.360511e+01 3.473648e-03 9.999927e-01 1.611023e-03 2.088231e-01 -3.182461e-03 -1.599970e-03 9.999937e-01 5.432305e-01
9.999847e-01 -4.336271e-03 3.419785e-03 5.506608e+01 4.336277e-03 9.999906e-01 5.734929e-06 2.129672e-01 -3.419777e-03 9.094291e-06 9.999942e-01 5.512846e-01
9.999826e-01 -4.755686e-03 3.487497e-03 5.647905e+01 4.755084e-03 9.999887e-01 1.808156e-04 2.253750e-01 -3.488317e-03 -1.642291e-04 9.999939e-01 5.847086e-01
9.999810e-01 -5.324341e-03 3.110058e-03 5.791336e+01 5.328375e-03 9.999850e-01 -1.290248e-03 2.307462e-01 -3.103142e-03 1.306795e-03 9.999943e-01 6.015146e-01
9.999799e-01 -5.280979e-03 3.512511e-03 5.936931e+01 5.288274e-03 9.999838e-01 -2.070836e-03 2.459738e-01 -3.501518e-03 2.089370e-03 9.999917e-01 6.221444e-01
9.999780e-01 -5.096914e-03 4.248635e-03 6.078275e+01 5.107472e-03 9.999839e-01 -2.477759e-03 2.515690e-01 -4.235937e-03 2.499404e-03 9.999879e-01 6.444300e-01
9.999782e-01 -4.496492e-03 4.824145e-03 6.223473e+01 4.518182e-03 9.999797e-01 -4.494781e-03 2.694664e-01 -4.803836e-03 4.516480e-03 9.999782e-01 6.526682e-01
9.999822e-01 -3.975932e-03 4.440146e-03 6.364125e+01 4.000071e-03 9.999772e-01 -5.441138e-03 2.792941e-01 -4.418411e-03 5.458802e-03 9.999753e-01 6.580923e-01
9.999877e-01 -3.537504e-03 3.487823e-03 6.507049e+01 3.560055e-03 9.999726e-01 -6.480715e-03 2.865707e-01 -3.464802e-03 6.493052e-03 9.999729e-01 6.543837e-01
9.999891e-01 -2.809203e-03 3.738831e-03 6.651623e+01 2.832808e-03 9.999760e-01 -6.323320e-03 3.001755e-01 -3.720978e-03 6.333843e-03 9.999730e-01 6.733419e-01
9.999914e-01 -2.084493e-03 3.593601e-03 6.788210e+01 2.104779e-03 9.999818e-01 -5.650470e-03 3.143812e-01 -3.581757e-03 5.657985e-03 9.999776e-01 6.842375e-01
9.999902e-01 -1.537009e-03 4.148173e-03 6.934203e+01 1.556364e-03 9.999879e-01 -4.666558e-03 3.283343e-01 -4.140950e-03 4.672969e-03 9.999805e-01 6.934837e-01
9.999883e-01 -8.721244e-04 4.763010e-03 7.073802e+01 8.852098e-04 9.999958e-01 -2.745865e-03 3.402557e-01 -4.760596e-03 2.750050e-03 9.999849e-01 7.027221e-01
9.999860e-01 -2.734087e-05 5.296395e-03 7.218486e+01 2.554110e-05 9.999999e-01 3.398778e-04 3.561164e-01 -5.296404e-03 -3.397377e-04 9.999859e-01 7.087265e-01
9.999878e-01 3.244980e-04 4.936083e-03 7.354492e+01 -3.407277e-04 9.999945e-01 3.287476e-03 3.628483e-01 -4.934989e-03 -3.289117e-03 9.999824e-01 7.063065e-01
9.999900e-01 1.143636e-03 4.309738e-03 7.495078e+01 -1.174107e-03 9.999743e-01 7.074213e-03 3.784862e-01 -4.301537e-03 -7.079203e-03 9.999657e-01 7.232541e-01
9.999913e-01 1.797178e-03 3.767551e-03 7.639450e+01 -1.831878e-03 9.999558e-01 9.227045e-03 3.902318e-01 -3.750802e-03 -9.233867e-03 9.999503e-01 7.208163e-01
9.999881e-01 2.269701e-03 4.319877e-03 7.775620e+01 -2.309374e-03 9.999550e-01 9.200958e-03 4.013157e-01 -4.298800e-03 -9.210824e-03 9.999483e-01 7.364117e-01
9.999896e-01 2.355813e-03 3.915593e-03 7.917815e+01 -2.395677e-03 9.999450e-01 1.020752e-02 4.057547e-01 -3.891331e-03 -1.021679e-02 9.999402e-01 7.662978e-01
9.999921e-01 2.306223e-03 3.220326e-03 8.052994e+01 -2.337215e-03 9.999506e-01 9.653671e-03 4.183730e-01 -3.197904e-03 -9.661121e-03 9.999482e-01 7.774305e-01
9.999921e-01 2.158456e-03 3.327532e-03 8.190502e+01 -2.191644e-03 9.999475e-01 1.000255e-02 4.242784e-01 -3.305767e-03 -1.000977e-02 9.999444e-01 8.004050e-01
9.999928e-01 1.826801e-03 3.322546e-03 8.332214e+01 -1.862297e-03 9.999409e-01 1.071185e-02 4.285268e-01 -3.302781e-03 -1.071796e-02 9.999371e-01 8.132633e-01
9.999942e-01 1.329928e-03 3.147782e-03 8.468090e+01 -1.363546e-03 9.999418e-01 1.070200e-02 4.379429e-01 -3.133366e-03 -1.070623e-02 9.999378e-01 8.252990e-01
9.999949e-01 6.181438e-04 3.143646e-03 8.610194e+01 -6.534745e-04 9.999365e-01 1.125019e-02 4.443646e-01 -3.136492e-03 -1.125219e-02 9.999318e-01 8.346080e-01
9.999941e-01 -3.685270e-04 3.414862e-03 8.743936e+01 3.315380e-04 9.999413e-01 1.082600e-02 4.519797e-01 -3.418652e-03 -1.082481e-02 9.999356e-01 8.237112e-01
9.999907e-01 -1.362283e-03 4.095199e-03 8.883643e+01 1.324363e-03 9.999564e-01 9.248067e-03 4.690515e-01 -4.107619e-03 -9.242557e-03 9.999489e-01 8.252615e-01
9.999855e-01 -2.510446e-03 4.773579e-03 9.023114e+01 2.478576e-03 9.999747e-01 6.670667e-03 4.793168e-01 -4.790205e-03 -6.658738e-03 9.999664e-01 8.241981e-01
9.999838e-01 -3.291138e-03 4.647986e-03 9.158097e+01 3.265316e-03 9.999793e-01 5.552288e-03 4.850700e-01 -4.666163e-03 -5.537021e-03 9.999738e-01 8.266594e-01
9.999828e-01 -3.703361e-03 4.558389e-03 9.296206e+01 3.690774e-03 9.999894e-01 2.766665e-03 4.988510e-01 -4.568586e-03 -2.749793e-03 9.999858e-01 8.322713e-01
9.999837e-01 -3.945128e-03 4.114805e-03 9.432088e+01 3.934710e-03 9.999890e-01 2.536674e-03 5.095814e-01 -4.124768e-03 -2.520442e-03 9.999883e-01 8.324046e-01
9.999853e-01 -4.020012e-03 3.643896e-03 9.571907e+01 4.009020e-03 9.999874e-01 3.018986e-03 5.218755e-01 -3.655986e-03 -3.004333e-03 9.999888e-01 8.422090e-01
9.999881e-01 -3.938228e-03 2.896389e-03 9.706447e+01 3.930158e-03 9.999884e-01 2.786644e-03 5.339051e-01 -2.907330e-03 -2.775227e-03 9.999919e-01 8.505451e-01
9.999911e-01 -3.742160e-03 1.972949e-03 9.842844e+01 3.736936e-03 9.999895e-01 2.645053e-03 5.470177e-01 -1.982827e-03 -2.637656e-03 9.999946e-01 8.572201e-01
9.999900e-01 -3.503082e-03 2.774374e-03 9.982637e+01 3.494447e-03 9.999890e-01 3.110904e-03 5.612903e-01 -2.785241e-03 -3.101178e-03 9.999913e-01 8.678181e-01
9.999871e-01 -3.438513e-03 3.738624e-03 1.011895e+02 3.426351e-03 9.999889e-01 3.254507e-03 5.720884e-01 -3.749773e-03 -3.241656e-03 9.999877e-01 8.807693e-01
9.999851e-01 -3.333117e-03 4.323674e-03 1.025664e+02 3.315493e-03 9.999862e-01 4.076979e-03 5.864829e-01 -4.337204e-03 -4.062584e-03 9.999824e-01 8.795646e-01
9.999890e-01 -3.099211e-03 3.530529e-03 1.039158e+02 3.087241e-03 9.999895e-01 3.390852e-03 5.964094e-01 -3.541001e-03 -3.379915e-03 9.999880e-01 8.969671e-01
9.999940e-01 -2.932465e-03 1.862591e-03 1.052579e+02 2.925952e-03 9.999896e-01 3.489946e-03 6.084893e-01 -1.872806e-03 -3.484475e-03 9.999922e-01 9.012529e-01
9.999952e-01 -3.022170e-03 6.407666e-04 1.065934e+02 3.020198e-03 9.999908e-01 3.056327e-03 6.199464e-01 -6.499975e-04 -3.054377e-03 9.999951e-01 9.171257e-01
9.999956e-01 -2.828603e-03 8.698741e-04 1.079455e+02 2.826409e-03 9.999928e-01 2.512813e-03 6.279278e-01 -8.769756e-04 -2.510344e-03 9.999965e-01 9.364039e-01
9.999961e-01 -2.302515e-03 1.608714e-03 1.093076e+02 2.302351e-03 9.999973e-01 1.038274e-04 6.328747e-01 -1.608949e-03 -1.001232e-04 9.999987e-01 9.317954e-01
9.999956e-01 -1.546826e-03 2.541746e-03 1.106365e+02 1.552038e-03 9.999967e-01 -2.050208e-03 6.372668e-01 -2.538566e-03 2.054144e-03 9.999947e-01 9.418172e-01
9.999982e-01 -7.814399e-04 1.756139e-03 1.119484e+02 7.871531e-04 9.999944e-01 -3.254935e-03 6.406701e-01 -1.753585e-03 3.256312e-03 9.999931e-01 9.487073e-01
9.999999e-01 2.228373e-05 2.550553e-04 1.132902e+02 -2.215077e-05 9.999999e-01 -5.212796e-04 6.467847e-01 -2.550668e-04 5.212739e-04 9.999998e-01 9.623804e-01
9.999989e-01 8.969678e-04 -1.153733e-03 1.146719e+02 -8.949382e-04 9.999980e-01 1.758485e-03 6.481993e-01 1.155308e-03 -1.757451e-03 9.999978e-01 9.902997e-01
9.999961e-01 2.282607e-03 -1.612992e-03 1.160249e+02 -2.276421e-03 9.999901e-01 3.826632e-03 6.608233e-01 1.621710e-03 -3.822945e-03 9.999914e-01 9.937938e-01
9.999930e-01 3.705661e-03 -4.378001e-04 1.174015e+02 -3.703841e-03 9.999848e-01 4.087552e-03 6.691115e-01 4.529406e-04 -4.085902e-03 9.999915e-01 1.009885e+00
9.999884e-01 4.598547e-03 1.458233e-03 1.187506e+02 -4.603390e-03 9.999838e-01 3.335295e-03 6.695033e-01 -1.442871e-03 -3.341969e-03 9.999934e-01 1.019362e+00
9.999832e-01 5.414028e-03 2.066333e-03 1.201112e+02 -5.421475e-03 9.999788e-01 3.615751e-03 6.692882e-01 -2.046713e-03 -3.626893e-03 9.999914e-01 1.035688e+00
9.999787e-01 6.385216e-03 1.350358e-03 1.214884e+02 -6.390872e-03 9.999707e-01 4.226052e-03 6.655267e-01 -1.323334e-03 -4.234592e-03 9.999902e-01 1.051736e+00
9.999698e-01 7.669944e-03 1.212403e-03 1.228411e+02 -7.676205e-03 9.999568e-01 5.247095e-03 6.659830e-01 -1.172106e-03 -5.256243e-03 9.999855e-01 1.068569e+00
9.999611e-01 8.787261e-03 7.942626e-04 1.242015e+02 -8.792835e-03 9.999346e-01 7.310459e-03 6.676869e-01 -7.299718e-04 -7.317159e-03 9.999729e-01 1.071838e+00
9.999491e-01 1.008909e-02 -2.952839e-05 1.255565e+02 -1.008845e-02 9.999105e-01 8.785048e-03 6.635253e-01 1.181589e-04 -8.784303e-03 9.999614e-01 1.093206e+00
9.999378e-01 1.111587e-02 -8.462378e-04 1.269207e+02 -1.110824e-02 9.999018e-01 8.541291e-03 6.578525e-01 9.410986e-04 -8.531359e-03 9.999632e-01 1.102937e+00
9.999269e-01 1.207848e-02 -6.552567e-04 1.282779e+02 -1.207373e-02 9.999038e-01 6.825800e-03 6.485950e-01 7.376390e-04 -6.817389e-03 9.999765e-01 1.125736e+00
9.999156e-01 1.299204e-02 -3.096247e-05 1.296517e+02 -1.299139e-02 9.998845e-01 7.890836e-03 6.407694e-01 1.334769e-04 -7.889768e-03 9.999689e-01 1.140987e+00
9.999049e-01 1.377865e-02 6.125159e-04 1.310494e+02 -1.378234e-02 9.998839e-01 6.504150e-03 6.272537e-01 -5.228264e-04 -6.511973e-03 9.999787e-01 1.143161e+00
9.999011e-01 1.404571e-02 7.278225e-04 1.323968e+02 -1.404927e-02 9.998881e-01 5.143200e-03 6.121157e-01 -6.555012e-04 -5.152917e-03 9.999865e-01 1.154383e+00
9.999016e-01 1.399721e-02 9.244861e-04 1.337745e+02 -1.400081e-02 9.998940e-01 3.999819e-03 5.994967e-01 -8.684018e-04 -4.012369e-03 9.999916e-01 1.167846e+00
9.999043e-01 1.376537e-02 1.373165e-03 1.351196e+02 -1.376975e-02 9.998999e-01 3.236901e-03 5.858344e-01 -1.328470e-03 -3.255500e-03 9.999938e-01 1.175696e+00
9.999123e-01 1.320975e-02 9.214036e-04 1.364682e+02 -1.321214e-02 9.999092e-01 2.645392e-03 5.717672e-01 -8.863750e-04 -2.657333e-03 9.999961e-01 1.191909e+00
9.999265e-01 1.210808e-02 6.491110e-04 1.378174e+02 -1.210922e-02 9.999251e-01 1.775915e-03 5.635494e-01 -6.275594e-04 -1.783645e-03 9.999982e-01 1.206903e+00
9.999385e-01 1.099794e-02 1.424616e-03 1.391824e+02 -1.099762e-02 9.999395e-01 -2.276466e-04 5.489440e-01 -1.427033e-03 2.119652e-04 9.999990e-01 1.212682e+00
9.999490e-01 1.000980e-02 1.357376e-03 1.405301e+02 -1.000925e-02 9.999498e-01 -4.126752e-04 5.399501e-01 -1.361439e-03 3.990678e-04 9.999990e-01 1.215354e+00
9.999605e-01 8.780413e-03 1.348164e-03 1.418848e+02 -8.779065e-03 9.999610e-01 -1.003159e-03 5.286136e-01 -1.356920e-03 9.912843e-04 9.999986e-01 1.220062e+00
9.999706e-01 7.646244e-03 6.027927e-04 1.432310e+02 -7.645658e-03 9.999703e-01 -9.687803e-04 5.278737e-01 -6.101823e-04 9.641430e-04 9.999993e-01 1.236656e+00
9.999781e-01 6.612760e-03 2.226844e-04 1.445910e+02 -6.612544e-03 9.999777e-01 -9.541919e-04 5.218940e-01 -2.289893e-04 9.526985e-04 9.999995e-01 1.240284e+00
9.999820e-01 5.713540e-03 -1.829889e-03 1.459644e+02 -5.715313e-03 9.999832e-01 -9.649956e-04 5.151734e-01 1.824345e-03 9.754366e-04 9.999979e-01 1.290016e+00
9.999859e-01 4.748336e-03 -2.378462e-03 1.473046e+02 -4.756898e-03 9.999822e-01 -3.607391e-03 5.149679e-01 2.361291e-03 3.618655e-03 9.999906e-01 1.317181e+00
9.999928e-01 3.758781e-03 -3.836743e-04 1.487082e+02 -3.763025e-03 9.999241e-01 -1.173645e-02 5.043741e-01 3.395305e-04 1.173781e-02 9.999310e-01 1.326074e+00
9.999972e-01 2.245188e-03 7.847749e-04 1.500410e+02 -2.231103e-03 9.998442e-01 -1.750932e-02 4.884460e-01 -8.239643e-04 1.750753e-02 9.998464e-01 1.351886e+00
9.999980e-01 1.057344e-03 -1.678188e-03 1.514178e+02 -1.089415e-03 9.998146e-01 -1.922615e-02 4.789259e-01 1.657548e-03 1.922794e-02 9.998137e-01 1.379457e+00
9.999894e-01 1.547288e-03 -4.320671e-03 1.527916e+02 -1.619877e-03 9.998568e-01 -1.684779e-02 4.817699e-01 4.293984e-03 1.685461e-02 9.998487e-01 1.429071e+00
9.999778e-01 2.408660e-03 -6.222040e-03 1.541321e+02 -2.499260e-03 9.998904e-01 -1.459472e-02 4.930182e-01 6.186204e-03 1.460995e-02 9.998741e-01 1.434254e+00
9.999756e-01 3.279326e-03 -6.166883e-03 1.555146e+02 -3.369008e-03 9.998879e-01 -1.458870e-02 4.992166e-01 6.118351e-03 1.460912e-02 9.998745e-01 1.466275e+00
9.999842e-01 3.980634e-03 -3.968165e-03 1.568855e+02 -4.049595e-03 9.998382e-01 -1.752454e-02 4.935592e-01 3.897764e-03 1.754033e-02 9.998385e-01 1.479774e+00
9.999889e-01 4.538485e-03 -1.320457e-03 1.582534e+02 -4.567311e-03 9.997316e-01 -2.271390e-02 4.821896e-01 1.217016e-03 2.271968e-02 9.997411e-01 1.497573e+00
9.999895e-01 4.582560e-03 -7.884445e-05 1.596402e+02 -4.583105e-03 9.996818e-01 -2.480478e-02 4.702769e-01 -3.485004e-05 2.480488e-02 9.996923e-01 1.535874e+00
9.999892e-01 4.637611e-03 -2.818020e-04 1.609744e+02 -4.643293e-03 9.996634e-01 -2.552425e-02 4.649030e-01 1.633356e-04 2.552528e-02 9.996741e-01 1.561903e+00
9.999844e-01 5.584285e-03 -1.216946e-04 1.623678e+02 -5.585605e-03 9.997132e-01 -2.328473e-02 4.658303e-01 -8.368937e-06 2.328505e-02 9.997289e-01 1.589918e+00
9.999778e-01 6.644753e-03 -5.752659e-04 1.637130e+02 -6.655216e-03 9.997646e-01 -2.065096e-02 4.709022e-01 4.379100e-04 2.065433e-02 9.997866e-01 1.607108e+00
9.999686e-01 7.511363e-03 -2.538038e-03 1.650960e+02 -7.552886e-03 9.998309e-01 -1.676708e-02 4.729882e-01 2.411665e-03 1.678573e-02 9.998562e-01 1.631274e+00
9.999601e-01 8.268854e-03 -3.378583e-03 1.664527e+02 -8.318625e-03 9.998530e-01 -1.499324e-02 4.732295e-01 3.254110e-03 1.502075e-02 9.998819e-01 1.656500e+00
9.999601e-01 8.558621e-03 -2.543258e-03 1.678138e+02 -8.594374e-03 9.998595e-01 -1.439672e-02 4.743471e-01 2.419685e-03 1.441800e-02 9.998931e-01 1.667911e+00
9.999618e-01 8.318061e-03 -2.696570e-03 1.692112e+02 -8.354709e-03 9.998688e-01 -1.387688e-02 4.666406e-01 2.580787e-03 1.389888e-02 9.999001e-01 1.683634e+00
9.999600e-01 7.859003e-03 -4.265541e-03 1.705517e+02 -7.913716e-03 9.998846e-01 -1.296536e-02 4.655355e-01 4.163154e-03 1.299860e-02 9.999068e-01 1.702997e+00
9.999545e-01 7.332696e-03 -6.099184e-03 1.719287e+02 -7.400946e-03 9.999094e-01 -1.124370e-02 4.621783e-01 6.016185e-03 1.128833e-02 9.999182e-01 1.705387e+00
9.999493e-01 7.107287e-03 -7.126859e-03 1.733116e+02 -7.161383e-03 9.999455e-01 -7.593873e-03 4.663382e-01 7.072499e-03 7.644527e-03 9.999458e-01 1.718593e+00
9.999492e-01 7.314090e-03 -6.944187e-03 1.746904e+02 -7.365968e-03 9.999449e-01 -7.474790e-03 4.728696e-01 6.889133e-03 7.525560e-03 9.999480e-01 1.729011e+00
9.999544e-01 7.997066e-03 -5.214092e-03 1.760991e+02 -8.034631e-03 9.999416e-01 -7.223827e-03 4.756860e-01 5.156018e-03 7.265391e-03 9.999603e-01 1.738303e+00
9.999593e-01 8.040365e-03 -4.076246e-03 1.775212e+02 -8.073686e-03 9.999336e-01 -8.224969e-03 4.772169e-01 4.009844e-03 8.257545e-03 9.999579e-01 1.752156e+00
9.999692e-01 7.170416e-03 -3.179372e-03 1.789327e+02 -7.201791e-03 9.999244e-01 -9.969085e-03 4.669147e-01 3.107649e-03 9.991676e-03 9.999452e-01 1.791109e+00
9.999796e-01 5.600310e-03 -3.074917e-03 1.803539e+02 -5.635561e-03 9.999171e-01 -1.157736e-02 4.654247e-01 3.009825e-03 1.159446e-02 9.999282e-01 1.811184e+00
9.999707e-01 3.650959e-03 -6.728662e-03 1.817468e+02 -3.728244e-03 9.999268e-01 -1.150936e-02 4.598205e-01 6.686150e-03 1.153411e-02 9.999111e-01 1.825133e+00
9.999446e-01 2.161778e-03 -1.030366e-02 1.831672e+02 -2.251938e-03 9.999592e-01 -8.746697e-03 4.658764e-01 1.028433e-02 8.769415e-03 9.999087e-01 1.866057e+00
9.999388e-01 1.562673e-03 -1.094990e-02 1.845683e+02 -1.663075e-03 9.999566e-01 -9.166071e-03 4.794671e-01 1.093510e-02 9.183721e-03 9.998980e-01 1.848704e+00
9.999476e-01 1.403661e-03 -1.014197e-02 1.859822e+02 -1.457982e-03 9.999846e-01 -5.350582e-03 4.901002e-01 1.013430e-02 5.365089e-03 9.999343e-01 1.900741e+00
9.999704e-01 1.532856e-03 -7.534611e-03 1.874207e+02 -1.561707e-03 9.999915e-01 -3.824787e-03 4.999553e-01 7.528683e-03 3.836441e-03 9.999643e-01 1.938926e+00
9.999793e-01 1.880731e-03 -6.155897e-03 1.888465e+02 -1.906415e-03 9.999895e-01 -4.169052e-03 5.129676e-01 6.147991e-03 4.180701e-03 9.999723e-01 1.970544e+00
9.999822e-01 2.010285e-03 -5.609704e-03 1.902797e+02 -2.041840e-03 9.999821e-01 -5.625115e-03 5.177510e-01 5.598295e-03 5.636469e-03 9.999685e-01 1.973122e+00
9.999865e-01 1.884089e-03 -4.839621e-03 1.917009e+02 -1.919460e-03 9.999714e-01 -7.314414e-03 5.170042e-01 4.825701e-03 7.323605e-03 9.999616e-01 2.000839e+00
9.999895e-01 1.898400e-03 -4.167276e-03 1.931270e+02 -1.938015e-03 9.999528e-01 -9.522934e-03 5.128556e-01 4.149002e-03 9.530910e-03 9.999460e-01 2.030118e+00
9.999897e-01 2.202936e-03 -3.966236e-03 1.945380e+02 -2.248113e-03 9.999322e-01 -1.142221e-02 5.130025e-01 3.940805e-03 1.143101e-02 9.999269e-01 2.056753e+00
9.999915e-01 2.512141e-03 -3.272312e-03 1.959632e+02 -2.554229e-03 9.999133e-01 -1.292179e-02 5.089486e-01 3.239567e-03 1.293004e-02 9.999111e-01 2.088548e+00
9.999937e-01 2.939340e-03 -2.007873e-03 1.973990e+02 -2.973109e-03 9.998506e-01 -1.702803e-02 5.048065e-01 1.957522e-03 1.703389e-02 9.998530e-01 2.099625e+00
9.999933e-01 3.268614e-03 -1.659513e-03 1.988297e+02 -3.298113e-03 9.998308e-01 -1.809526e-02 4.996212e-01 1.600086e-03 1.810061e-02 9.998349e-01 2.142396e+00
9.999816e-01 3.478456e-03 -4.968865e-03 2.002843e+02 -3.557970e-03 9.998643e-01 -1.608421e-02 5.001330e-01 4.912243e-03 1.610159e-02 9.998583e-01 2.163460e+00
9.999489e-01 3.899462e-03 -9.328956e-03 2.017330e+02 -4.001557e-03 9.999321e-01 -1.095039e-02 5.100056e-01 9.285620e-03 1.098716e-02 9.998965e-01 2.190966e+00
9.999421e-01 5.107542e-03 -9.473867e-03 2.031844e+02 -5.154273e-03 9.999747e-01 -4.914832e-03 5.229309e-01 9.448524e-03 4.963378e-03 9.999430e-01 2.174820e+00
9.999576e-01 6.315664e-03 -6.700216e-03 2.046398e+02 -6.318397e-03 9.999800e-01 -3.867970e-04 5.427768e-01 6.697638e-03 4.291152e-04 9.999775e-01 2.222082e+00
9.999624e-01 7.252291e-03 -4.752160e-03 2.060801e+02 -7.247781e-03 9.999733e-01 9.655473e-04 5.433806e-01 4.759036e-03 -9.310684e-04 9.999883e-01 2.275877e+00
9.999720e-01 6.783298e-03 -3.162364e-03 2.075558e+02 -6.775687e-03 9.999741e-01 2.411372e-03 5.363609e-01 3.178640e-03 -2.389877e-03 9.999921e-01 2.271780e+00
9.999790e-01 5.602987e-03 -3.258089e-03 2.090302e+02 -5.599490e-03 9.999837e-01 1.081285e-03 5.323833e-01 3.264094e-03 -1.063019e-03 9.999941e-01 2.310141e+00
9.999850e-01 4.486383e-03 -3.138872e-03 2.104865e+02 -4.488226e-03 9.999897e-01 -5.800883e-04 5.245501e-01 3.136237e-03 5.941676e-04 9.999949e-01 2.335602e+00
9.999841e-01 4.146204e-03 -3.821968e-03 2.119217e+02 -4.147707e-03 9.999913e-01 -3.852748e-04 5.297223e-01 3.820338e-03 4.011211e-04 9.999926e-01 2.349264e+00
9.999852e-01 4.023048e-03 -3.680919e-03 2.133861e+02 -4.019366e-03 9.999914e-01 1.007347e-03 5.326164e-01 3.684940e-03 -9.925374e-04 9.999927e-01 2.392483e+00
9.999871e-01 3.926067e-03 -3.208787e-03 2.148797e+02 -3.920218e-03 9.999906e-01 1.827145e-03 5.351133e-01 3.215931e-03 -1.814542e-03 9.999932e-01 2.412274e+00
9.999890e-01 3.530781e-03 -3.095454e-03 2.163329e+02 -3.526796e-03 9.999930e-01 1.291935e-03 5.394899e-01 3.099994e-03 -1.281004e-03 9.999944e-01 2.442348e+00
9.999868e-01 3.180276e-03 -4.030588e-03 2.177924e+02 -3.178847e-03 9.999949e-01 3.610039e-04 5.405435e-01 4.031715e-03 -3.481865e-04 9.999918e-01 2.442749e+00
9.999863e-01 3.147679e-03 -4.181137e-03 2.192695e+02 -3.142962e-03 9.999944e-01 1.134460e-03 5.356613e-01 4.184685e-03 -1.121304e-03 9.999906e-01 2.489034e+00
9.999879e-01 2.621124e-03 -4.158142e-03 2.207634e+02 -2.614887e-03 9.999955e-01 1.504582e-03 5.367072e-01 4.162067e-03 -1.493691e-03 9.999902e-01 2.526877e+00
9.999892e-01 2.423936e-03 -3.974647e-03 2.222592e+02 -2.412818e-03 9.999931e-01 2.799670e-03 5.437323e-01 3.981406e-03 -2.790050e-03 9.999882e-01 2.558122e+00
9.999896e-01 2.226926e-03 -3.991192e-03 2.237586e+02 -2.213924e-03 9.999923e-01 3.259139e-03 5.489196e-01 3.998419e-03 -3.250269e-03 9.999867e-01 2.592334e+00
9.999900e-01 1.762794e-03 -4.108849e-03 2.252153e+02 -1.749902e-03 9.999936e-01 3.138871e-03 5.599235e-01 4.114355e-03 -3.131649e-03 9.999866e-01 2.601636e+00
9.999889e-01 1.356097e-03 -4.506890e-03 2.267118e+02 -1.338559e-03 9.999915e-01 3.892081e-03 5.630488e-01 4.512130e-03 -3.886006e-03 9.999823e-01 2.637140e+00
9.999903e-01 9.415259e-04 -4.292586e-03 2.282221e+02 -9.207163e-04 9.999878e-01 4.847202e-03 5.683234e-01 4.297097e-03 -4.843203e-03 9.999790e-01 2.664742e+00
9.999898e-01 8.594619e-04 -4.431712e-03 2.297073e+02 -8.373329e-04 9.999872e-01 4.992773e-03 5.730397e-01 4.435947e-03 -4.989011e-03 9.999777e-01 2.703478e+00
9.999904e-01 1.065411e-03 -4.244278e-03 2.312011e+02 -1.048078e-03 9.999911e-01 4.084147e-03 5.800442e-01 4.248592e-03 -4.079659e-03 9.999827e-01 2.718821e+00
9.999903e-01 1.062011e-03 -4.267788e-03 2.326980e+02 -1.045242e-03 9.999917e-01 3.929605e-03 5.891854e-01 4.271926e-03 -3.925106e-03 9.999832e-01 2.748049e+00
9.999927e-01 1.030715e-03 -3.667644e-03 2.341971e+02 -1.022620e-03 9.999970e-01 2.208345e-03 5.921995e-01 3.669909e-03 -2.204579e-03 9.999908e-01 2.770442e+00
9.999931e-01 9.422553e-04 -3.588010e-03 2.357222e+02 -9.368791e-04 9.999985e-01 1.499778e-03 5.954176e-01 3.589417e-03 -1.496406e-03 9.999924e-01 2.788238e+00
9.999909e-01 9.171462e-04 -4.153086e-03 2.372097e+02 -9.136118e-04 9.999992e-01 8.528139e-04 6.043410e-01 4.153865e-03 -8.490119e-04 9.999910e-01 2.805736e+00
9.999902e-01 1.304624e-03 -4.226407e-03 2.387405e+02 -1.291166e-03 9.999941e-01 3.185326e-03 6.062898e-01 4.230537e-03 -3.179838e-03 9.999860e-01 2.838395e+00
9.999917e-01 1.707940e-03 -3.715609e-03 2.402253e+02 -1.687857e-03 9.999840e-01 5.401432e-03 6.179905e-01 3.724775e-03 -5.395115e-03 9.999785e-01 2.873296e+00
9.999961e-01 2.184835e-03 -1.772371e-03 2.417364e+02 -2.176320e-03 9.999862e-01 4.792449e-03 6.274470e-01 1.782817e-03 -4.788572e-03 9.999869e-01 2.902420e+00
9.999958e-01 2.831086e-03 -5.879913e-04 2.432678e+02 -2.828976e-03 9.999897e-01 3.558486e-03 6.253729e-01 5.980596e-04 -3.556808e-03 9.999935e-01 2.909711e+00
9.999933e-01 3.247888e-03 -1.707398e-03 2.447512e+02 -3.242171e-03 9.999892e-01 3.340327e-03 6.308737e-01 1.718229e-03 -3.334769e-03 9.999930e-01 2.927464e+00
9.999892e-01 3.830078e-03 -2.661315e-03 2.462909e+02 -3.821427e-03 9.999874e-01 3.248002e-03 6.357774e-01 2.673722e-03 -3.237797e-03 9.999912e-01 2.940045e+00
9.999888e-01 4.000613e-03 -2.532331e-03 2.477845e+02 -3.991248e-03 9.999852e-01 3.692708e-03 6.437461e-01 2.547067e-03 -3.682559e-03 9.999900e-01 2.955600e+00
9.999902e-01 3.887504e-03 -2.119949e-03 2.493128e+02 -3.884671e-03 9.999915e-01 1.339039e-03 6.493329e-01 2.125136e-03 -1.330790e-03 9.999968e-01 2.950494e+00
9.999924e-01 3.510469e-03 -1.717864e-03 2.508620e+02 -3.508979e-03 9.999934e-01 8.699581e-04 6.537679e-01 1.720907e-03 -8.639236e-04 9.999982e-01 2.962864e+00
9.999928e-01 3.246544e-03 -1.949004e-03 2.523692e+02 -3.244265e-03 9.999940e-01 1.171665e-03 6.577206e-01 1.952796e-03 -1.165333e-03 9.999974e-01 2.970425e+00
9.999936e-01 3.247227e-03 -1.506429e-03 2.539362e+02 -3.242499e-03 9.999899e-01 3.130711e-03 6.654776e-01 1.516579e-03 -3.125806e-03 9.999940e-01 2.992348e+00
9.999935e-01 3.575917e-03 -4.647288e-04 2.554205e+02 -3.573913e-03 9.999846e-01 4.243981e-03 6.603664e-01 4.798978e-04 -4.242293e-03 9.999909e-01 3.036588e+00
9.999937e-01 3.489889e-03 -6.947622e-04 2.569715e+02 -3.486617e-03 9.999831e-01 4.655873e-03 6.630954e-01 7.109989e-04 -4.653421e-03 9.999889e-01 3.050991e+00
9.999939e-01 3.483351e-03 -3.220334e-04 2.585185e+02 -3.481891e-03 9.999841e-01 4.426952e-03 6.719264e-01 3.374489e-04 -4.425803e-03 9.999902e-01 3.075637e+00
9.999945e-01 3.316422e-03 1.597908e-04 2.600604e+02 -3.317060e-03 9.999858e-01 4.168531e-03 6.720357e-01 -1.459639e-04 -4.169038e-03 9.999913e-01 3.083528e+00
9.999933e-01 3.520424e-03 1.057718e-03 2.616155e+02 -3.522980e-03 9.999909e-01 2.424285e-03 6.660202e-01 -1.049174e-03 -2.427995e-03 9.999965e-01 3.113128e+00
9.999949e-01 3.129476e-03 5.975775e-04 2.631772e+02 -3.130163e-03 9.999945e-01 1.153268e-03 6.615666e-01 -5.939651e-04 -1.155132e-03 9.999992e-01 3.125823e+00
9.999952e-01 3.078470e-03 2.704914e-04 2.647304e+02 -3.078710e-03 9.999949e-01 8.876451e-04 6.580139e-01 -2.677574e-04 -8.884736e-04 9.999996e-01 3.133718e+00
9.999933e-01 3.526279e-03 1.011460e-03 2.662742e+02 -3.524317e-03 9.999919e-01 -1.934964e-03 6.629736e-01 -1.018275e-03 1.931386e-03 9.999976e-01 3.149463e+00
9.999843e-01 4.025426e-03 3.888163e-03 2.677904e+02 -4.009317e-03 9.999834e-01 -4.141955e-03 6.594601e-01 -3.904772e-03 4.126301e-03 9.999838e-01 3.178932e+00
9.999846e-01 4.085813e-03 3.752647e-03 2.693618e+02 -4.067917e-03 9.999804e-01 -4.764179e-03 6.541487e-01 -3.772039e-03 4.748841e-03 9.999816e-01 3.203323e+00
9.999866e-01 4.397427e-03 2.724811e-03 2.708928e+02 -4.380938e-03 9.999722e-01 -6.028226e-03 6.514404e-01 -2.751244e-03 6.016208e-03 9.999781e-01 3.211558e+00
9.999827e-01 5.250342e-03 2.674735e-03 2.724560e+02 -5.236923e-03 9.999738e-01 -4.999338e-03 6.472588e-01 -2.700913e-03 4.985244e-03 9.999839e-01 3.219566e+00
9.999753e-01 6.279023e-03 3.148394e-03 2.739865e+02 -6.269806e-03 9.999760e-01 -2.928994e-03 6.543834e-01 -3.166710e-03 2.909182e-03 9.999908e-01 3.248833e+00
9.999678e-01 7.425257e-03 3.036814e-03 2.755389e+02 -7.422771e-03 9.999721e-01 -8.291135e-04 6.418172e-01 -3.042886e-03 8.065453e-04 9.999951e-01 3.266342e+00
9.999608e-01 8.390252e-03 2.828934e-03 2.771091e+02 -8.385970e-03 9.999637e-01 -1.521878e-03 6.377446e-01 -2.841600e-03 1.498095e-03 9.999948e-01 3.254948e+00
9.999543e-01 9.265444e-03 2.358166e-03 2.786487e+02 -9.258023e-03 9.999522e-01 -3.139082e-03 6.301495e-01 -2.387139e-03 3.117106e-03 9.999923e-01 3.241127e+00
9.999459e-01 1.015281e-02 2.247619e-03 2.801785e+02 -1.015401e-02 9.999483e-01 5.229554e-04 6.258453e-01 -2.242193e-03 -5.457495e-04 9.999973e-01 3.310610e+00
9.999377e-01 1.097641e-02 2.051367e-03 2.817196e+02 -1.097426e-02 9.999392e-01 -1.055674e-03 6.198952e-01 -2.062830e-03 1.033096e-03 9.999973e-01 3.306654e+00
9.999288e-01 1.176221e-02 1.991464e-03 2.832843e+02 -1.175933e-02 9.999298e-01 -1.451651e-03 6.115478e-01 -2.008399e-03 1.428130e-03 9.999970e-01 3.323390e+00
9.999185e-01 1.247320e-02 2.728880e-03 2.848616e+02 -1.246362e-02 9.999162e-01 -3.499467e-03 5.951802e-01 -2.772301e-03 3.465170e-03 9.999902e-01 3.333090e+00
9.999129e-01 1.285490e-02 2.997711e-03 2.864083e+02 -1.284412e-02 9.999111e-01 -3.587474e-03 5.796396e-01 -3.043561e-03 3.548659e-03 9.999891e-01 3.351206e+00
9.999132e-01 1.314272e-02 8.824366e-04 2.879934e+02 -1.314057e-02 9.999108e-01 -2.405023e-03 5.599350e-01 -9.139664e-04 2.393218e-03 9.999967e-01 3.386980e+00
9.999160e-01 1.295391e-02 -4.639427e-04 2.895577e+02 -1.295559e-02 9.999087e-01 -3.820910e-03 5.430585e-01 4.144047e-04 3.826599e-03 9.999926e-01 3.385018e+00
9.999266e-01 1.210432e-02 -5.215281e-04 2.911347e+02 -1.210658e-02 9.999163e-01 -4.574766e-03 5.298443e-01 4.661100e-04 4.580745e-03 9.999894e-01 3.409895e+00
9.999334e-01 1.153342e-02 -4.841344e-04 2.926444e+02 -1.153615e-02 9.999149e-01 -6.081972e-03 5.145159e-01 4.139473e-04 6.087152e-03 9.999814e-01 3.431336e+00
9.999440e-01 1.049287e-02 -1.412053e-03 2.942318e+02 -1.050141e-02 9.999257e-01 -6.183772e-03 5.034740e-01 1.347063e-03 6.198254e-03 9.999799e-01 3.446843e+00
9.999474e-01 1.005514e-02 -2.001415e-03 2.958226e+02 -1.006331e-02 9.999409e-01 -4.115365e-03 4.881913e-01 1.959916e-03 4.135289e-03 9.999895e-01 3.484685e+00
9.999522e-01 9.603335e-03 -1.828956e-03 2.973831e+02 -9.613808e-03 9.999369e-01 -5.806558e-03 4.746068e-01 1.773079e-03 5.823864e-03 9.999815e-01 3.476368e+00
9.999596e-01 8.807779e-03 -1.787024e-03 2.989593e+02 -8.818349e-03 9.999431e-01 -5.995661e-03 4.710593e-01 1.734114e-03 6.011177e-03 9.999804e-01 3.491585e+00
9.999701e-01 7.706068e-03 -6.234562e-04 3.005639e+02 -7.710649e-03 9.999405e-01 -7.713549e-03 4.589902e-01 5.639780e-04 7.718126e-03 9.999701e-01 3.472884e+00
9.999751e-01 7.058430e-03 1.541073e-04 3.021299e+02 -7.057067e-03 9.999467e-01 -7.541889e-03 4.549437e-01 -2.073330e-04 7.540614e-03 9.999716e-01 3.488226e+00
9.999699e-01 7.748246e-03 3.598324e-04 3.037175e+02 -7.745788e-03 9.999496e-01 -6.393025e-03 4.477309e-01 -4.093490e-04 6.390045e-03 9.999795e-01 3.504378e+00
9.999599e-01 8.881732e-03 1.130695e-03 3.053183e+02 -8.875106e-03 9.999442e-01 -5.735952e-03 4.443325e-01 -1.181577e-03 5.725687e-03 9.999829e-01 3.543142e+00
9.999554e-01 9.399896e-03 8.938342e-04 3.069066e+02 -9.394407e-03 9.999381e-01 -5.958028e-03 4.327581e-01 -9.497837e-04 5.949365e-03 9.999819e-01 3.553526e+00
9.999533e-01 9.654828e-03 2.920112e-04 3.085097e+02 -9.652377e-03 9.999255e-01 -7.472655e-03 4.200986e-01 -3.641366e-04 7.469488e-03 9.999720e-01 3.563832e+00
9.999484e-01 1.009173e-02 -1.199724e-03 3.100895e+02 -1.010185e-02 9.999107e-01 -8.756363e-03 4.033120e-01 1.111250e-03 8.768030e-03 9.999610e-01 3.569819e+00
9.999455e-01 1.018224e-02 -2.334583e-03 3.116976e+02 -1.020174e-02 9.999118e-01 -8.499580e-03 3.942035e-01 2.247832e-03 8.522933e-03 9.999611e-01 3.576187e+00
9.999614e-01 8.288734e-03 -2.932345e-03 3.132958e+02 -8.311583e-03 9.999345e-01 -7.867791e-03 3.879661e-01 2.866938e-03 7.891859e-03 9.999648e-01 3.594829e+00
9.999769e-01 6.254974e-03 -2.679121e-03 3.148995e+02 -6.275404e-03 9.999508e-01 -7.686232e-03 3.768782e-01 2.630912e-03 7.702867e-03 9.999669e-01 3.604700e+00
9.999828e-01 5.860169e-03 -2.548865e-04 3.165255e+02 -5.861650e-03 9.999632e-01 -6.261626e-03 3.719117e-01 2.181830e-04 6.263013e-03 9.999804e-01 3.618575e+00
9.999720e-01 6.138222e-03 4.278313e-03 3.181737e+02 -6.105268e-03 9.999519e-01 -7.673580e-03 3.678722e-01 -4.325210e-03 7.647245e-03 9.999614e-01 3.656819e+00
9.999678e-01 6.442849e-03 4.777724e-03 3.198019e+02 -6.402961e-03 9.999449e-01 -8.317375e-03 3.636858e-01 -4.831049e-03 8.286515e-03 9.999540e-01 3.673996e+00
9.999701e-01 6.786312e-03 3.712887e-03 3.214159e+02 -6.752282e-03 9.999357e-01 -9.102405e-03 3.557481e-01 -3.774420e-03 9.077063e-03 9.999517e-01 3.687163e+00
9.999679e-01 7.094337e-03 3.717870e-03 3.230434e+02 -7.061968e-03 9.999377e-01 -8.648221e-03 3.438595e-01 -3.778991e-03 8.621689e-03 9.999557e-01 3.679739e+00
9.999642e-01 7.520386e-03 3.888587e-03 3.246643e+02 -7.485596e-03 9.999325e-01 -8.885117e-03 3.370582e-01 -3.955144e-03 8.855690e-03 9.999530e-01 3.684463e+00
9.999605e-01 7.955568e-03 3.963875e-03 3.262875e+02 -7.920359e-03 9.999297e-01 -8.820199e-03 3.265505e-01 -4.033766e-03 8.788456e-03 9.999533e-01 3.695366e+00
9.999586e-01 8.516053e-03 3.185783e-03 3.279322e+02 -8.491685e-03 9.999352e-01 -7.585803e-03 3.211127e-01 -3.250178e-03 7.558437e-03 9.999661e-01 3.709605e+00
9.999532e-01 9.307335e-03 2.631648e-03 3.295450e+02 -9.289231e-03 9.999337e-01 -6.809880e-03 3.173327e-01 -2.694855e-03 6.785115e-03 9.999734e-01 3.714115e+00
9.999385e-01 1.005328e-02 4.671606e-03 3.311725e+02 -1.001686e-02 9.999198e-01 -7.755197e-03 3.062143e-01 -4.749197e-03 7.707926e-03 9.999590e-01 3.751323e+00
9.999339e-01 1.016669e-02 5.370287e-03 3.328037e+02 -1.011980e-02 9.999111e-01 -8.686770e-03 2.984651e-01 -5.458125e-03 8.631849e-03 9.999478e-01 3.767199e+00
9.999373e-01 1.011077e-02 4.810940e-03 3.344289e+02 -1.006666e-02 9.999079e-01 -9.106467e-03 2.858818e-01 -4.902571e-03 9.057465e-03 9.999470e-01 3.787469e+00
9.999364e-01 1.027903e-02 4.644301e-03 3.360595e+02 -1.024407e-02 9.999195e-01 -7.490742e-03 2.678888e-01 -4.720924e-03 7.442689e-03 9.999611e-01 3.799025e+00
9.999467e-01 9.968351e-03 2.698647e-03 3.376743e+02 -9.952783e-03 9.999341e-01 -5.722159e-03 2.573945e-01 -2.755510e-03 5.694995e-03 9.999800e-01 3.793591e+00
9.999537e-01 9.590189e-03 7.224153e-04 3.392752e+02 -9.586818e-03 9.999438e-01 -4.533973e-03 2.499846e-01 -7.658563e-04 4.526837e-03 9.999894e-01 3.836720e+00
9.999630e-01 8.580375e-03 4.810230e-04 3.408822e+02 -8.578544e-03 9.999564e-01 -3.687304e-03 2.431465e-01 -5.126405e-04 3.683042e-03 9.999931e-01 3.840881e+00
9.999645e-01 7.732038e-03 3.329589e-03 3.425034e+02 -7.721860e-03 9.999655e-01 -3.058892e-03 2.391029e-01 -3.353126e-03 3.033073e-03 9.999898e-01 3.859137e+00
9.999511e-01 6.838813e-03 7.141810e-03 3.441321e+02 -6.826309e-03 9.999751e-01 -1.773663e-03 2.408249e-01 -7.153763e-03 1.724824e-03 9.999729e-01 3.880725e+00
9.999668e-01 5.434516e-03 6.067967e-03 3.457405e+02 -5.425911e-03 9.999843e-01 -1.433579e-03 2.377065e-01 -6.075663e-03 1.400607e-03 9.999806e-01 3.899264e+00
9.999784e-01 3.755527e-03 5.391447e-03 3.473397e+02 -3.749558e-03 9.999924e-01 -1.116788e-03 2.379351e-01 -5.395600e-03 1.096549e-03 9.999849e-01 3.924851e+00
9.999824e-01 1.913748e-03 5.619753e-03 3.489320e+02 -1.900003e-03 9.999952e-01 -2.450205e-03 2.336268e-01 -5.624415e-03 2.439485e-03 9.999812e-01 3.919469e+00
9.999802e-01 1.014875e-03 6.220380e-03 3.505491e+02 -9.889957e-04 9.999908e-01 -4.162140e-03 2.367524e-01 -6.224547e-03 4.155905e-03 9.999720e-01 3.927197e+00
9.999836e-01 7.744632e-04 5.678129e-03 3.521489e+02 -7.493452e-04 9.999899e-01 -4.424430e-03 2.441265e-01 -5.681498e-03 4.420103e-03 9.999741e-01 3.948647e+00
9.999855e-01 5.570589e-04 5.363205e-03 3.537487e+02 -5.327351e-04 9.999896e-01 -4.535676e-03 2.466926e-01 -5.365675e-03 4.532753e-03 9.999753e-01 3.964662e+00
9.999859e-01 7.585892e-04 5.251957e-03 3.553510e+02 -7.345688e-04 9.999893e-01 -4.574038e-03 2.497149e-01 -5.255370e-03 4.570116e-03 9.999757e-01 3.968740e+00
9.999866e-01 5.028943e-04 5.138236e-03 3.569586e+02 -4.748387e-04 9.999850e-01 -5.459939e-03 2.611239e-01 -5.140904e-03 5.457426e-03 9.999719e-01 3.993243e+00
9.999876e-01 6.611614e-04 4.929824e-03 3.585454e+02 -6.320195e-04 9.999824e-01 -5.910561e-03 2.640446e-01 -4.933645e-03 5.907373e-03 9.999704e-01 4.018754e+00
9.999914e-01 4.974607e-04 4.133198e-03 3.601487e+02 -4.721076e-04 9.999811e-01 -6.132729e-03 2.687167e-01 -4.136171e-03 6.130725e-03 9.999726e-01 4.042758e+00
9.999921e-01 3.164097e-04 3.962284e-03 3.617368e+02 -2.889737e-04 9.999760e-01 -6.922955e-03 2.701404e-01 -3.964379e-03 6.921756e-03 9.999682e-01 4.047673e+00
9.999970e-01 5.747304e-04 2.386040e-03 3.633451e+02 -5.580279e-04 9.999754e-01 -6.994847e-03 2.755436e-01 -2.390001e-03 6.993494e-03 9.999727e-01 4.054105e+00
