1.000000e+00 0.000000e+00 0.000000e+00 0.000000e+00 0.000000e+00 1.000000e+00 0.000000e+00 0.000000e+00 0.000000e+00 0.000000e+00 1.000000e+00 0.000000e+00
9.999967e-01 -1.443364e-03 2.123853e-03 1.545257e+00 1.445787e-03 9.999983e-01 -1.139614e-03 2.221913e-03 -2.122204e-03 1.142681e-03 9.999971e-01 1.219386e-03
9.999921e-01 -2.329353e-03 3.223767e-03 3.071897e+00 2.334804e-03 9.999958e-01 -1.688138e-03 4.440097e-03 -3.219821e-03 1.695651e-03 9.999934e-01 1.943500e-02
9.999874e-01 -4.097391e-03 2.903206e-03 4.584144e+00 4.099623e-03 9.999913e-01 -7.630408e-04 2.814730e-02 -2.900054e-03 7.749333e-04 9.999955e-01 1.262177e-02
9.999831e-01 -5.115627e-03 2.768952e-03 6.118968e+00 5.116749e-03 9.999868e-01 -3.981504e-04 4.394363e-02 -2.766879e-03 4.123117e-04 9.999961e-01 1.909073e-02
9.999729e-01 -6.656691e-03 3.128472e-03 7.637517e+00 6.657968e-03 9.999778e-01 -3.979565e-04 6.911608e-02 -3.125753e-03 4.187750e-04 9.999951e-01 2.943974e-02
9.999593e-01 -8.339721e-03 3.437845e-03 9.152199e+00 8.341215e-03 9.999651e-01 -4.204803e-04 7.644586e-02 -3.434218e-03 4.491390e-04 9.999940e-01 2.834185e-02
9.999472e-01 -9.669740e-03 3.486181e-03 1.068134e+01 9.673161e-03 9.999527e-01 -9.659274e-04 8.998703e-02 -3.476676e-03 9.995988e-04 9.999934e-01 3.618228e-02
9.999350e-01 -1.086917e-02 3.439869e-03 1.218638e+01 1.087649e-02 9.999386e-01 -2.116798e-03 1.119624e-01 -3.416650e-03 2.154074e-03 9.999918e-01 3.816357e-02
9.999199e-01 -1.207597e-02 3.792618e-03 1.367756e+01 1.208430e-02 9.999246e-01 -2.181606e-03 1.326154e-01 -3.765987e-03 2.227262e-03 9.999904e-01 6.283902e-02
9.999093e-01 -1.280621e-02 4.160740e-03 1.517694e+01 1.281519e-02 9.999156e-01 -2.139423e-03 1.531337e-01 -4.132991e-03 2.192550e-03 9.999890e-01 8.121321e-02
9.998991e-01 -1.338192e-02 4.750723e-03 1.666835e+01 1.338733e-02 9.999098e-01 -1.108219e-03 1.892287e-01 -4.735464e-03 1.171707e-03 9.999881e-01 9.154866e-02
9.998921e-01 -1.367629e-02 5.355401e-03 1.815642e+01 1.367635e-02 9.999065e-01 2.549165e-05 2.223871e-01 -5.355249e-03 4.775340e-05 9.999856e-01 9.914712e-02
9.998860e-01 -1.389009e-02 5.925908e-03 1.964498e+01 1.388807e-02 9.999035e-01 3.821312e-04 2.464447e-01 -5.930644e-03 -2.997882e-04 9.999824e-01 1.082102e-01
9.998760e-01 -1.450264e-02 6.131867e-03 2.113281e+01 1.450038e-02 9.998948e-01 4.127985e-04 2.789623e-01 -6.137209e-03 -3.238330e-04 9.999811e-01 1.175226e-01
9.998736e-01 -1.464704e-02 6.176044e-03 2.259968e+01 1.464310e-02 9.998925e-01 6.836755e-04 3.051111e-01 -6.185394e-03 -5.931528e-04 9.999807e-01 1.256220e-01
9.998657e-01 -1.484511e-02 6.948775e-03 2.406060e+01 1.483588e-02 9.998890e-01 1.377137e-03 3.358682e-01 -6.968447e-03 -1.273861e-03 9.999749e-01 1.321958e-01
9.998624e-01 -1.461206e-02 7.856499e-03 2.552740e+01 1.459841e-02 9.998918e-01 1.791352e-03 3.766972e-01 -7.881825e-03 -1.676413e-03 9.999675e-01 1.346887e-01
9.998726e-01 -1.425680e-02 7.179342e-03 2.697714e+01 1.424233e-02 9.998965e-01 2.062968e-03 4.076561e-01 -7.208010e-03 -1.960455e-03 9.999721e-01 1.419741e-01
9.998777e-01 -1.446507e-02 5.947968e-03 2.842633e+01 1.445149e-02 9.998929e-01 2.320418e-03 4.378855e-01 -5.980896e-03 -2.234177e-03 9.999796e-01 1.534333e-01
9.998902e-01 -1.379806e-02 5.400889e-03 2.987313e+01 1.379424e-02 9.999046e-01 7.446801e-04 4.742573e-01 -5.410648e-03 -6.700972e-04 9.999852e-01 1.556491e-01
9.998888e-01 -1.316456e-02 7.007124e-03 3.132207e+01 1.316359e-02 9.999133e-01 1.852594e-04 4.876074e-01 -7.008956e-03 -9.299991e-05 9.999754e-01 1.468571e-01
9.998839e-01 -1.286249e-02 8.163228e-03 3.273802e+01 1.287151e-02 9.999166e-01 -1.053273e-03 5.070301e-01 -8.148999e-03 1.158223e-03 9.999661e-01 1.464851e-01
9.998946e-01 -1.228758e-02 7.741381e-03 3.414804e+01 1.230078e-02 9.999230e-01 -1.659919e-03 5.219331e-01 -7.720389e-03 1.754969e-03 9.999686e-01 1.504826e-01
9.999081e-01 -1.201738e-02 6.268909e-03 3.553703e+01 1.202752e-02 9.999264e-01 -1.581940e-03 5.510474e-01 -6.249437e-03 1.657194e-03 9.999791e-01 1.524310e-01
9.999205e-01 -1.134175e-02 5.507799e-03 3.693536e+01 1.134571e-02 9.999354e-01 -6.894217e-04 5.763433e-01 -5.499624e-03 7.518568e-04 9.999846e-01 1.497586e-01
9.999329e-01 -1.041024e-02 5.084683e-03 3.830040e+01 1.041330e-02 9.999456e-01 -5.745693e-04 6.098398e-01 -5.078425e-03 6.274790e-04 9.999869e-01 1.773424e-01
9.999411e-01 -9.161690e-03 5.824833e-03 3.966730e+01 9.163447e-03 9.999580e-01 -2.749999e-04 6.424810e-01 -5.822069e-03 3.283593e-04 9.999830e-01 1.822774e-01
9.999508e-01 -7.061413e-03 6.960070e-03 4.100725e+01 7.061743e-03 9.999751e-01 -2.288216e-05 6.631592e-01 -6.959735e-03 7.203126e-05 9.999758e-01 1.824988e-01
9.999557e-01 -5.092388e-03 7.918729e-03 4.232785e+01 5.094600e-03 9.999870e-01 -2.592684e-04 6.742033e-01 -7.917306e-03 2.995997e-04 9.999686e-01 1.952316e-01
9.999595e-01 -3.161565e-03 8.427692e-03 4.361699e+01 3.163760e-03 9.999950e-01 -2.471491e-04 6.997662e-01 -8.426868e-03 2.738023e-04 9.999645e-01 2.023511e-01
9.999670e-01 5.125939e-04 8.113970e-03 4.488750e+01 -5.083355e-04 9.999998e-01 -5.268750e-04 7.061837e-01 -8.114238e-03 5.227330e-04 9.999669e-01 2.134251e-01
9.999680e-01 4.087802e-03 6.874125e-03 4.615935e+01 -4.079884e-03 9.999910e-01 -1.165549e-03 7.098665e-01 -6.878828e-03 1.137466e-03 9.999757e-01 2.246651e-01
9.999455e-01 8.515576e-03 6.036895e-03 4.741346e+01 -8.505698e-03 9.999624e-01 -1.660052e-03 6.959928e-01 -6.050805e-03 1.608614e-03 9.999804e-01 2.435766e-01
9.999055e-01 1.223487e-02 6.270455e-03 4.864434e+01 -1.222554e-02 9.999241e-01 -1.524116e-03 6.991228e-01 -6.288626e-03 1.447312e-03 9.999792e-01 2.433616e-01
9.998241e-01 1.764190e-02 6.369255e-03 4.984879e+01 -1.763357e-02 9.998436e-01 -1.360507e-03 6.999081e-01 -6.392261e-03 1.247955e-03 9.999788e-01 2.601477e-01
9.996842e-01 2.451886e-02 5.499341e-03 5.106765e+01 -2.451784e-02 9.996994e-01 -2.518527e-04 6.744484e-01 -5.503863e-03 1.169412e-04 9.999849e-01 2.681754e-01
9.994609e-01 3.235168e-02 5.597190e-03 5.225311e+01 -3.235736e-02 9.994760e-01 9.278485e-04 6.520305e-01 -5.564239e-03 -1.108459e-03 9.999839e-01 2.739221e-01
9.991661e-01 4.027347e-02 6.725730e-03 5.343041e+01 -4.028827e-02 9.991859e-01 2.079770e-03 6.249409e-01 -6.636496e-03 -2.349004e-03 9.999752e-01 2.848832e-01
9.986853e-01 5.070831e-02 7.509603e-03 5.459364e+01 -5.073638e-02 9.987056e-01 3.595976e-03 5.894738e-01 -7.317537e-03 -3.972258e-03 9.999653e-01 2.922838e-01
9.979766e-01 6.309270e-02 7.876596e-03 5.573461e+01 -6.313753e-02 9.979892e-01 5.578365e-03 5.510693e-01 -7.508804e-03 -6.064387e-03 9.999534e-01 3.003317e-01
9.969326e-01 7.774796e-02 8.979808e-03 5.687066e+01 -7.781763e-02 9.969379e-01 7.689537e-03 4.975573e-01 -8.354465e-03 -8.364738e-03 9.999301e-01 3.126462e-01
9.954600e-01 9.461256e-02 1.038986e-02 5.800488e+01 -9.470960e-02 9.954616e-01 9.282251e-03 4.198864e-01 -9.464492e-03 -1.022413e-02 9.999030e-01 3.105128e-01
9.936541e-01 1.118654e-01 1.173489e-02 5.912013e+01 -1.119804e-01 9.936636e-01 9.644036e-03 3.257805e-01 -1.058170e-02 -1.089691e-02 9.998847e-01 3.150478e-01
9.913080e-01 1.310405e-01 1.169623e-02 6.022094e+01 -1.311506e-01 9.913198e-01 9.192758e-03 2.019489e-01 -1.039008e-02 -1.064682e-02 9.998893e-01 3.234623e-01
9.883885e-01 1.515528e-01 1.095282e-02 6.132672e+01 -1.516474e-01 9.883991e-01 8.386605e-03 4.959609e-02 -9.554744e-03 -9.950191e-03 9.999049e-01 3.264502e-01
9.849929e-01 1.722885e-01 1.027515e-02 6.239671e+01 -1.723564e-01 9.850156e-01 6.121911e-03 -1.299733e-01 -9.066449e-03 -7.801027e-03 9.999285e-01 3.161058e-01
9.807982e-01 1.946631e-01 1.187671e-02 6.347065e+01 -1.946945e-01 9.808627e-01 1.535346e-03 -3.145436e-01 -1.135055e-02 -3.818194e-03 9.999283e-01 3.293580e-01
9.759099e-01 2.178132e-01 1.253657e-02 6.449704e+01 -2.177791e-01 9.759897e-01 -4.041533e-03 -5.427308e-01 -1.311586e-02 1.213969e-03 9.999133e-01 3.141328e-01
9.702475e-01 2.418736e-01 1.081230e-02 6.551788e+01 -2.417857e-01 9.702895e-01 -8.826838e-03 -7.948322e-01 -1.262604e-02 5.949958e-03 9.999026e-01 3.074913e-01
9.635898e-01 2.672522e-01 8.418849e-03 6.652161e+01 -2.671240e-01 9.635630e-01 -1.382313e-02 -1.087728e+00 -1.180635e-02 1.107095e-02 9.998690e-01 3.067930e-01
9.559244e-01 2.935168e-01 7.508847e-03 6.749494e+01 -2.933617e-01 9.558519e-01 -1.691451e-02 -1.379702e+00 -1.214204e-02 1.396619e-02 9.998288e-01 2.953458e-01
9.471047e-01 3.208249e-01 8.007358e-03 6.849283e+01 -3.206257e-01 9.470044e-01 -1.954245e-02 -1.736707e+00 -1.385271e-02 1.594138e-02 9.997770e-01 2.868077e-01
9.370296e-01 3.491387e-01 8.814739e-03 6.943343e+01 -3.488605e-01 9.368781e-01 -2.357502e-02 -2.084581e+00 -1.648929e-02 1.901537e-02 9.996832e-01 2.758451e-01
9.259450e-01 3.775790e-01 7.740858e-03 7.036931e+01 -3.772818e-01 9.257426e-01 -2.567301e-02 -2.451045e+00 -1.685963e-02 2.085131e-02 9.996404e-01 2.712237e-01
9.136817e-01 4.064198e-01 2.940306e-03 7.129218e+01 -4.062141e-01 9.134077e-01 -2.600840e-02 -2.871162e+00 -1.325603e-02 2.256901e-02 9.996574e-01 2.633600e-01
9.004096e-01 4.350350e-01 -2.639304e-03 7.214306e+01 -4.349411e-01 9.000507e-01 -2.711041e-02 -3.255817e+00 -9.418469e-03 2.555841e-02 9.996290e-01 2.760296e-01
8.861181e-01 4.634143e-01 -6.477725e-03 7.299607e+01 -4.633960e-01 8.856784e-01 -2.894779e-02 -3.699458e+00 -7.677634e-03 2.865291e-02 9.995599e-01 2.679923e-01
8.698913e-01 4.932238e-01 -4.389611e-03 7.385413e+01 -4.931289e-01 8.694634e-01 -2.927845e-02 -4.196626e+00 -1.062422e-02 2.763371e-02 9.995617e-01 2.725288e-01
8.518553e-01 5.237767e-01 7.351500e-04 7.467325e+01 -5.235462e-01 8.515203e-01 -2.850552e-02 -4.659126e+00 -1.555652e-02 2.389769e-02 9.995934e-01 2.623937e-01
8.318629e-01 5.549721e-01 3.189610e-03 7.548438e+01 -5.546801e-01 8.315871e-01 -2.815830e-02 -5.222950e+00 -1.827950e-02 2.165463e-02 9.995984e-01 2.419919e-01
8.104024e-01 5.858714e-01 1.648474e-03 7.625338e+01 -5.856861e-01 8.102108e-01 -2.302458e-02 -5.743480e+00 -1.482506e-02 1.769369e-02 9.997336e-01 2.497244e-01
7.881529e-01 6.154771e-01 -1.671242e-03 7.700258e+01 -6.154133e-01 7.880256e-01 -1.679731e-02 -6.297101e+00 -9.021376e-03 1.426735e-02 9.998575e-01 2.467896e-01
7.652562e-01 6.437187e-01 -3.036265e-03 7.772909e+01 -6.436855e-01 7.651470e-01 -1.480027e-02 -6.921518e+00 -7.204025e-03 1.328040e-02 9.998859e-01 2.370568e-01
7.417672e-01 6.706560e-01 -1.450601e-03 7.842690e+01 -6.705828e-01 7.416505e-01 -1.652823e-02 -7.501467e+00 -1.000892e-02 1.323285e-02 9.998624e-01 2.352973e-01
7.171085e-01 6.969581e-01 -2.157074e-03 7.910753e+01 -6.968848e-01 7.169802e-01 -1.706053e-02 -8.137026e+00 -1.034390e-02 1.373748e-02 9.998521e-01 2.247294e-01
6.912334e-01 7.226223e-01 -3.674509e-03 7.974602e+01 -7.225775e-01 6.911105e-01 -1.575455e-02 -8.806600e+00 -8.845099e-03 1.354519e-02 9.998691e-01 2.399543e-01
6.656462e-01 7.462517e-01 -4.843268e-03 8.036480e+01 -7.462341e-01 6.655412e-01 -1.376864e-02 -9.429424e+00 -7.051479e-03 1.277926e-02 9.998935e-01 2.280917e-01
6.382527e-01 7.698084e-01 -5.335557e-03 8.095914e+01 -7.698019e-01 6.381608e-01 -1.248649e-02 -1.013986e+01 -6.207263e-03 1.207686e-02 9.999078e-01 2.340399e-01
6.102538e-01 7.921855e-01 -5.693631e-03 8.152685e+01 -7.921865e-01 6.101726e-01 -1.139321e-02 -1.082146e+01 -5.551437e-03 1.146317e-02 9.999189e-01 2.308189e-01
5.809404e-01 8.139107e-01 -7.596389e-03 8.208365e+01 -8.139461e-01 5.809112e-01 -5.829650e-03 -1.154711e+01 -3.319863e-04 9.569730e-03 9.999542e-01 2.395962e-01
5.505570e-01 8.347158e-01 -1.167512e-02 8.258498e+01 -8.347511e-01 5.506201e-01 2.849653e-03 -1.235142e+01 8.807209e-03 8.176927e-03 9.999278e-01 2.395321e-01
5.199226e-01 8.541112e-01 -1.321133e-02 8.306572e+01 -8.540676e-01 5.200574e-01 1.043535e-02 -1.310609e+01 1.578360e-02 5.857797e-03 9.998583e-01 2.439049e-01
4.879518e-01 8.727767e-01 -1.280409e-02 8.354049e+01 -8.726590e-01 4.881040e-01 1.486203e-02 -1.390160e+01 1.922096e-02 3.921651e-03 9.998076e-01 2.658948e-01
4.553552e-01 8.902651e-01 -8.931899e-03 8.398105e+01 -8.901433e-01 4.554411e-01 1.478008e-02 -1.474556e+01 1.722614e-02 1.220485e-03 9.998509e-01 2.874823e-01
4.218146e-01 9.066753e-01 -3.555850e-03 8.438207e+01 -9.065736e-01 4.218215e-01 1.382614e-02 -1.555984e+01 1.403576e-02 -2.608431e-03 9.998981e-01 3.175914e-01
3.880559e-01 9.216347e-01 1.532870e-03 8.474612e+01 -9.215488e-01 3.879958e-01 1.439377e-02 -1.642351e+01 1.267105e-02 -6.998205e-03 9.998952e-01 3.393941e-01
3.526085e-01 9.357310e-01 8.656904e-03 8.511024e+01 -9.356855e-01 3.524361e-01 1.678414e-02 -1.728705e+01 1.265443e-02 -1.401837e-02 9.998217e-01 3.577715e-01
3.170118e-01 9.483161e-01 1.415447e-02 8.543461e+01 -9.483283e-01 3.167358e-01 1.876548e-02 -1.814449e+01 1.331237e-02 -1.937196e-02 9.997237e-01 3.495429e-01
2.812582e-01 9.594654e-01 1.788576e-02 8.572071e+01 -9.595556e-01 2.809516e-01 1.786530e-02 -1.907747e+01 1.211611e-02 -2.218714e-02 9.996804e-01 3.794470e-01
2.447860e-01 9.693887e-01 1.911887e-02 8.599580e+01 -9.695040e-01 2.444775e-01 1.711670e-02 -1.997815e+01 1.191860e-02 -2.272575e-02 9.996707e-01 3.941327e-01
2.083938e-01 9.778542e-01 1.932553e-02 8.621195e+01 -9.779736e-01 2.080989e-01 1.620562e-02 -2.091722e+01 1.182511e-02 -2.227701e-02 9.996819e-01 4.170043e-01
1.734964e-01 9.846618e-01 1.844397e-02 8.636629e+01 -9.847633e-01 1.732283e-01 1.527313e-02 -2.189277e+01 1.184385e-02 -2.081278e-02 9.997132e-01 4.209529e-01
1.381602e-01 9.903393e-01 1.183725e-02 8.651058e+01 -9.903406e-01 1.379991e-01 1.348952e-02 -2.283121e+01 1.172567e-02 -1.358662e-02 9.998389e-01 4.628277e-01
1.049954e-01 9.944150e-01 1.072012e-02 8.660718e+01 -9.943681e-01 1.048218e-01 1.564389e-02 -2.378617e+01 1.443281e-02 -1.230228e-02 9.998202e-01 4.916953e-01
7.158476e-02 9.973803e-01 1.040885e-02 8.667687e+01 -9.972197e-01 7.134891e-02 2.149969e-02 -2.477606e+01 2.070070e-02 -1.191896e-02 9.997147e-01 4.668768e-01
4.261851e-02 9.990758e-01 5.598530e-03 8.672720e+01 -9.988142e-01 4.247397e-02 2.379819e-02 -2.576033e+01 2.353840e-02 -6.606137e-03 9.997011e-01 5.269634e-01
1.636457e-02 9.998597e-01 3.606445e-03 8.674092e+01 -9.996110e-01 1.627880e-02 2.264899e-02 -2.673662e+01 2.258710e-02 -3.975686e-03 9.997370e-01 5.468310e-01
-6.444097e-03 9.999747e-01 3.011013e-03 8.674533e+01 -9.997762e-01 -6.503463e-03 2.013255e-02 -2.776179e+01 2.015163e-02 -2.880603e-03 9.997928e-01 5.552242e-01
-2.597356e-02 9.996588e-01 2.785772e-03 8.673235e+01 -9.994959e-01 -2.602005e-02 1.819594e-02 -2.873677e+01 1.826221e-02 -2.311756e-03 9.998305e-01 5.604622e-01
-4.249918e-02 9.990942e-01 2.211745e-03 8.669394e+01 -9.988857e-01 -4.253554e-02 2.045358e-02 -2.973304e+01 2.052913e-02 -1.340023e-03 9.997883e-01 5.900165e-01
-5.736065e-02 9.983536e-01 9.490309e-05 8.662523e+01 -9.980325e-01 -5.734456e-02 2.535820e-02 -3.073244e+01 2.532189e-02 1.359843e-03 9.996784e-01 5.988079e-01
-6.911349e-02 9.976035e-01 -3.295292e-03 8.655785e+01 -9.971834e-01 -6.898713e-02 2.943166e-02 -3.170175e+01 2.913379e-02 5.320129e-03 9.995614e-01 6.478209e-01
-7.941222e-02 9.968044e-01 -8.666449e-03 8.647520e+01 -9.963018e-01 -7.907999e-02 3.360733e-02 -3.270706e+01 3.281459e-02 1.130323e-02 9.993975e-01 6.727097e-01
-8.528364e-02 9.962916e-01 -1.139270e-02 8.639979e+01 -9.956689e-01 -8.479440e-02 3.812138e-02 -3.370766e+01 3.701397e-02 1.459449e-02 9.992082e-01 7.149280e-01
-8.924806e-02 9.959258e-01 -1.290679e-02 8.631060e+01 -9.951322e-01 -8.861828e-02 4.311304e-02 -3.469975e+01 4.179361e-02 1.669172e-02 9.989868e-01 7.417983e-01
-9.243119e-02 9.956225e-01 -1.387688e-02 8.621132e+01 -9.947041e-01 -9.169888e-02 4.642388e-02 -3.566397e+01 4.494816e-02 1.809439e-02 9.988254e-01 7.950259e-01
-9.515929e-02 9.953613e-01 -1.416564e-02 8.613123e+01 -9.943196e-01 -9.435892e-02 4.924497e-02 -3.665905e+01 4.767989e-02 1.877128e-02 9.986863e-01 8.372687e-01
-9.750926e-02 9.951358e-01 -1.402623e-02 8.603609e+01 -9.939520e-01 -9.665859e-02 5.212026e-02 -3.764628e+01 5.051098e-02 1.902361e-02 9.985423e-01 8.901054e-01
-9.954464e-02 9.949215e-01 -1.489886e-02 8.593142e+01 -9.935777e-01 -9.857833e-02 5.554803e-02 -3.865139e+01 5.379722e-02 2.033269e-02 9.983448e-01 9.451957e-01
-1.011300e-01 9.947473e-01 -1.583833e-02 8.580687e+01 -9.933929e-01 -1.000985e-01 5.613583e-02 -3.963780e+01 5.425556e-02 2.141068e-02 9.982975e-01 9.983057e-01
-1.037520e-01 9.944598e-01 -1.688946e-02 8.571730e+01 -9.931604e-01 -1.026722e-01 5.559539e-02 -4.063520e+01 5.355330e-02 2.254208e-02 9.983105e-01 1.047342e+00
-1.061324e-01 9.942001e-01 -1.738641e-02 8.561758e+01 -9.929249e-01 -1.050273e-01 5.540356e-02 -4.166420e+01 5.325618e-02 2.314351e-02 9.983127e-01 1.118578e+00
-1.087059e-01 9.939416e-01 -1.622480e-02 8.549986e+01 -9.925993e-01 -1.076415e-01 5.621500e-02 -4.267734e+01 5.412796e-02 2.221561e-02 9.982868e-01 1.182770e+00
-1.110244e-01 9.937058e-01 -1.492355e-02 8.540482e+01 -9.922372e-01 -1.099887e-01 5.803648e-02 -4.368114e+01 5.602977e-02 2.125115e-02 9.982029e-01 1.235116e+00
-1.136377e-01 9.934382e-01 -1.293874e-02 8.529162e+01 -9.918222e-01 -1.126720e-01 5.995009e-02 -4.470774e+01 5.809887e-02 1.964551e-02 9.981175e-01 1.294899e+00
-1.162153e-01 9.931754e-01 -9.825818e-03 8.518672e+01 -9.913031e-01 -1.153700e-01 6.330775e-02 -4.573301e+01 6.174210e-02 1.709770e-02 9.979457e-01 1.353186e+00
-1.183496e-01 9.929590e-01 -5.112105e-03 8.507682e+01 -9.907832e-01 -1.177454e-01 6.696989e-02 -4.676755e+01 6.589641e-02 1.299083e-02 9.977419e-01 1.409319e+00
-1.212351e-01 9.926218e-01 -2.007137e-03 8.495537e+01 -9.902765e-01 -1.208093e-01 6.897601e-02 -4.781740e+01 6.822461e-02 1.034994e-02 9.976163e-01 1.476696e+00
-1.238444e-01 9.923017e-01 2.887675e-04 8.484612e+01 -9.900550e-01 -1.235836e-01 6.721944e-02 -4.885630e+01 6.673764e-02 8.038846e-03 9.977382e-01 1.558680e+00
-1.268181e-01 9.919247e-01 1.666775e-03 8.472351e+01 -9.898766e-01 -1.266638e-01 6.403852e-02 -4.992429e+01 6.373250e-02 6.471331e-03 9.979460e-01 1.621717e+00
-1.291703e-01 9.916204e-01 1.973315e-03 8.459200e+01 -9.897032e-01 -1.290437e-01 6.192964e-02 -5.098766e+01 6.166534e-02 6.046470e-03 9.980786e-01 1.701397e+00
-1.313640e-01 9.913312e-01 2.457055e-03 8.446823e+01 -9.893890e-01 -1.312610e-01 6.228996e-02 -5.203432e+01 6.207249e-02 5.751671e-03 9.980551e-01 1.767701e+00
-1.322706e-01 9.912109e-01 2.377563e-03 8.430361e+01 -9.891478e-01 -1.321492e-01 6.421343e-02 -5.308281e+01 6.396324e-02 6.141783e-03 9.979333e-01 1.835165e+00
-1.330732e-01 9.911026e-01 2.725532e-03 8.416292e+01 -9.889418e-01 -1.329637e-01 6.568807e-02 -5.413797e+01 6.546600e-02 6.045920e-03 9.978365e-01 1.905545e+00
-1.336672e-01 9.910203e-01 3.413756e-03 8.403769e+01 -9.888049e-01 -1.335974e-01 6.645668e-02 -5.520511e+01 6.631599e-02 5.507543e-03 9.977835e-01 1.985938e+00
-1.329987e-01 9.911010e-01 5.516883e-03 8.388649e+01 -9.889379e-01 -1.330731e-01 6.552573e-02 -5.628645e+01 6.567675e-02 3.258967e-03 9.978356e-01 2.064825e+00
-1.331530e-01 9.910594e-01 8.451440e-03 8.376114e+01 -9.889104e-01 -1.334205e-01 6.523161e-02 -5.736128e+01 6.577600e-02 3.280650e-04 9.978344e-01 2.143600e+00
-1.323545e-01 9.911312e-01 1.188652e-02 8.361356e+01 -9.889674e-01 -1.328515e-01 6.552804e-02 -5.845747e+01 6.652603e-02 -3.082447e-03 9.977799e-01 2.231497e+00
-1.322839e-01 9.910918e-01 1.542964e-02 8.347061e+01 -9.889227e-01 -1.330197e-01 6.586123e-02 -5.954653e+01 6.732697e-02 -6.546346e-03 9.977095e-01 2.317046e+00
-1.329699e-01 9.909551e-01 1.808791e-02 8.335667e+01 -9.888843e-01 -1.338729e-01 6.469975e-02 -6.062605e+01 6.653602e-02 -9.283733e-03 9.977408e-01 2.396044e+00
-1.332355e-01 9.909244e-01 1.781318e-02 8.321053e+01 -9.891749e-01 -1.340724e-01 5.964589e-02 -6.172688e+01 6.149282e-02 -9.673412e-03 9.980606e-01 2.467226e+00
-1.339476e-01 9.908921e-01 1.381369e-02 8.305524e+01 -9.895489e-01 -1.344911e-01 5.200897e-02 -6.283915e+01 5.339310e-02 -6.702842e-03 9.985511e-01 2.533406e+00
-1.345249e-01 9.908720e-01 8.718950e-03 8.289803e+01 -9.896834e-01 -1.347909e-01 4.856417e-02 -6.395626e+01 4.929610e-02 -2.095912e-03 9.987820e-01 2.567558e+00
-1.337789e-01 9.910095e-01 1.909540e-03 8.270804e+01 -9.897823e-01 -1.337087e-01 4.953038e-02 -6.505247e+01 4.934040e-02 4.736085e-03 9.987708e-01 2.638597e+00
-1.333565e-01 9.910650e-01 -2.479954e-03 8.255974e+01 -9.896579e-01 -1.330328e-01 5.366166e-02 -6.615507e+01 5.285228e-02 9.610433e-03 9.985561e-01 2.703367e+00
-1.324986e-01 9.911681e-01 -5.445572e-03 8.241857e+01 -9.894742e-01 -1.319457e-01 5.942168e-02 -6.725998e+01 5.817837e-02 1.326155e-02 9.982181e-01 2.745408e+00
-1.319488e-01 9.912427e-01 -5.273074e-03 8.224696e+01 -9.894292e-01 -1.313808e-01 6.139359e-02 -6.837007e+01 6.016316e-02 1.331813e-02 9.980997e-01 2.854715e+00
-1.321696e-01 9.912158e-01 -4.721972e-03 8.211913e+01 -9.894192e-01 -1.316395e-01 6.099670e-02 -6.950114e+01 5.983930e-02 1.273392e-02 9.981268e-01 2.897285e+00
-1.312810e-01 9.913346e-01 -4.584068e-03 8.196089e+01 -9.897898e-01 -1.308147e-01 5.660018e-02 -7.063550e+01 5.551004e-02 1.196779e-02 9.983864e-01 2.969672e+00
-1.311687e-01 9.913557e-01 -2.968052e-03 8.182408e+01 -9.898689e-01 -1.308067e-01 5.522002e-02 -7.176398e+01 5.435443e-02 1.018112e-02 9.984698e-01 3.031523e+00
-1.311427e-01 9.913628e-01 -1.310636e-03 8.167258e+01 -9.898556e-01 -1.308702e-01 5.530984e-02 -7.291753e+01 5.466059e-02 8.550818e-03 9.984684e-01 3.109126e+00
-1.306390e-01 9.914299e-01 -4.294503e-04 8.152081e+01 -9.896792e-01 -1.303825e-01 5.945919e-02 -7.404566e+01 5.889363e-02 8.192704e-03 9.982306e-01 3.171997e+00
-1.304158e-01 9.914586e-01 -1.280420e-03 8.136956e+01 -9.895954e-01 -1.300913e-01 6.146022e-02 -7.520233e+01 6.076869e-02 9.282473e-03 9.981087e-01 3.257994e+00
-1.299254e-01 9.915239e-01 -3.148071e-05 8.119647e+01 -9.898070e-01 -1.296985e-01 5.882621e-02 -7.633625e+01 5.832350e-02 7.674173e-03 9.982682e-01 3.347908e+00
-1.291351e-01 9.916214e-01 -3.308211e-03 8.105315e+01 -9.901760e-01 -1.287651e-01 5.450536e-02 -7.750733e+01 5.362270e-02 1.031427e-02 9.985080e-01 3.394430e+00
-1.296396e-01 9.915569e-01 -2.900896e-03 8.089757e+01 -9.902325e-01 -1.293139e-01 5.212972e-02 -7.868005e+01 5.131446e-02 9.630634e-03 9.986361e-01 3.469218e+00
-1.295165e-01 9.915773e-01 -3.308930e-04 8.076199e+01 -9.900633e-01 -1.293004e-01 5.528251e-02 -7.982381e+01 5.477409e-02 7.487598e-03 9.984707e-01 3.525722e+00
-1.290245e-01 9.916409e-01 1.056261e-03 8.060294e+01 -9.900560e-01 -1.288784e-01 5.638700e-02 -8.098154e+01 5.605179e-02 6.229544e-03 9.984084e-01 3.600952e+00
-1.293572e-01 9.915971e-01 1.439829e-03 8.045005e+01 -9.900021e-01 -1.292312e-01 5.652683e-02 -8.216095e+01 5.623791e-02 5.886715e-03 9.984000e-01 3.672962e+00
-1.289077e-01 9.916555e-01 1.517584e-03 8.029765e+01 -9.902069e-01 -1.288018e-01 5.385675e-02 -8.332610e+01 5.360280e-02 5.439823e-03 9.985475e-01 3.731153e+00
-1.280644e-01 9.917656e-01 4.928149e-04 8.013215e+01 -9.903743e-01 -1.279111e-01 5.288914e-02 -8.451054e+01 5.251668e-02 6.285148e-03 9.986002e-01 3.808472e+00
-1.273111e-01 9.918624e-01 -8.425033e-04 7.997437e+01 -9.904859e-01 -1.270896e-01 5.278034e-02 -8.571358e+01 5.224376e-02 7.554014e-03 9.986058e-01 3.884323e+00
-1.266032e-01 9.919492e-01 -2.921317e-03 7.981911e+01 -9.905908e-01 -1.262745e-01 5.277179e-02 -8.690668e+01 5.197805e-02 9.574907e-03 9.986023e-01 3.955744e+00
-1.253842e-01 9.921033e-01 -3.123037e-03 7.965857e+01 -9.907379e-01 -1.250449e-01 5.293533e-02 -8.812817e+01 5.212680e-02 9.731365e-03 9.985930e-01 4.016303e+00
-1.245514e-01 9.922082e-01 -3.174901e-03 7.951062e+01 -9.908538e-01 -1.242126e-01 5.272776e-02 -8.932369e+01 5.192254e-02 9.713171e-03 9.986039e-01 4.090485e+00
-1.230074e-01 9.923916e-01 -5.322035e-03 7.936610e+01 -9.911140e-01 -1.225719e-01 5.166624e-02 -9.055201e+01 5.062081e-02 1.163007e-02 9.986503e-01 4.150684e+00
-1.218499e-01 9.925429e-01 -3.328081e-03 7.921917e+01 -9.912772e-01 -1.215235e-01 5.100525e-02 -9.178606e+01 5.022046e-02 9.514038e-03 9.986928e-01 4.212506e+00
-1.208515e-01 9.926594e-01 -4.725886e-03 7.906873e+01 -9.914288e-01 -1.204609e-01 5.057979e-02 -9.301010e+01 4.963921e-02 1.079801e-02 9.987088e-01 4.277816e+00
-1.191341e-01 9.928716e-01 -3.617084e-03 7.892680e+01 -9.915876e-01 -1.187928e-01 5.140249e-02 -9.424110e+01 5.060639e-02 9.710444e-03 9.986715e-01 4.342033e+00
-1.180481e-01 9.930053e-01 -2.310968e-03 7.877492e+01 -9.916416e-01 -1.177633e-01 5.271547e-02 -9.545760e+01 5.207459e-02 8.514599e-03 9.986069e-01 4.419580e+00
-1.167239e-01 9.931645e-01 -3.441360e-04 7.864172e+01 -9.918408e-01 -1.165504e-01 5.165445e-02 -9.667300e+01 5.126125e-02 6.370629e-03 9.986650e-01 4.478395e+00
-1.159548e-01 9.932547e-01 1.961827e-04 7.850562e+01 -9.919524e-01 -1.158129e-01 5.116706e-02 -9.792696e+01 5.084463e-02 5.738455e-03 9.986901e-01 4.551127e+00
-1.159186e-01 9.932535e-01 3.261766e-03 7.837019e+01 -9.919236e-01 -1.159323e-01 5.145412e-02 -9.916492e+01 5.148512e-02 2.729057e-03 9.986700e-01 4.632082e+00
-1.164895e-01 9.931714e-01 6.384709e-03 7.822638e+01 -9.918819e-01 -1.166636e-01 5.059617e-02 -1.004201e+02 5.099553e-02 -4.389576e-04 9.986988e-01 4.703516e+00
-1.173271e-01 9.930670e-01 7.258671e-03 7.807878e+01 -9.918614e-01 -1.175424e-01 4.894022e-02 -1.017349e+02 4.945410e-02 -1.457591e-03 9.987754e-01 4.774676e+00
-1.187150e-01 9.928818e-01 9.620936e-03 7.793905e+01 -9.917520e-01 -1.190404e-01 4.751329e-02 -1.029979e+02 4.832036e-02 -3.901043e-03 9.988243e-01 4.844516e+00
-1.200722e-01 9.927071e-01 1.074264e-02 7.780645e+01 -9.916128e-01 -1.204472e-01 4.686806e-02 -1.042664e+02 4.782018e-02 -5.024985e-03 9.988433e-01 4.912175e+00
-1.223042e-01 9.924335e-01 1.084226e-02 7.765578e+01 -9.913391e-01 -1.226814e-01 4.686399e-02 -1.055346e+02 4.783953e-02 -5.016694e-03 9.988424e-01 4.985085e+00
-1.247872e-01 9.920924e-01 1.346087e-02 7.749585e+01 -9.911384e-01 -1.252668e-01 4.419526e-02 -1.067505e+02 4.553198e-02 -7.826583e-03 9.989322e-01 5.056475e+00
-1.272182e-01 9.917848e-01 1.337366e-02 7.734509e+01 -9.909632e-01 -1.276678e-01 4.114800e-02 -1.080269e+02 4.251734e-02 -8.018033e-03 9.990636e-01 5.094160e+00
-1.309179e-01 9.912847e-01 1.467779e-02 7.721105e+01 -9.904902e-01 -1.314161e-01 4.073348e-02 -1.092936e+02 4.230736e-02 -9.205469e-03 9.990622e-01 5.149934e+00
-1.367587e-01 9.903903e-01 2.059324e-02 7.704581e+01 -9.894608e-01 -1.375699e-01 4.518759e-02 -1.105265e+02 4.758636e-02 -1.419640e-02 9.987662e-01 5.227660e+00
-1.447366e-01 9.891958e-01 2.330904e-02 7.686202e+01 -9.882518e-01 -1.456871e-01 4.619445e-02 -1.117524e+02 4.909117e-02 -1.634917e-02 9.986605e-01 5.306161e+00
-1.531279e-01 9.880182e-01 1.928159e-02 7.669775e+01 -9.871137e-01 -1.538467e-01 4.401946e-02 -1.130122e+02 4.645845e-02 -1.229251e-02 9.988446e-01 5.367388e+00
-1.640129e-01 9.862918e-01 1.812528e-02 7.650255e+01 -9.854400e-01 -1.646506e-01 4.240679e-02 -1.142955e+02 4.480980e-02 -1.090612e-02 9.989360e-01 5.420794e+00
-1.778517e-01 9.838873e-01 1.829761e-02 7.627058e+01 -9.830198e-01 -1.784871e-01 4.259958e-02 -1.155433e+02 4.517907e-02 -1.041051e-02 9.989247e-01 5.503674e+00
-1.922050e-01 9.811853e-01 1.823475e-02 7.603672e+01 -9.803171e-01 -1.928228e-01 4.239762e-02 -1.167454e+02 4.511601e-02 -9.726806e-03 9.989344e-01 5.562883e+00
-2.052892e-01 9.785728e-01 1.586318e-02 7.582999e+01 -9.777253e-01 -2.057812e-01 4.132057e-02 -1.179453e+02 4.369953e-02 -7.027167e-03 9.990200e-01 5.605449e+00
-2.212117e-01 9.751142e-01 1.474066e-02 7.557050e+01 -9.742255e-01 -2.216439e-01 4.193144e-02 -1.191248e+02 4.415513e-02 -5.085000e-03 9.990118e-01 5.686497e+00
-2.362564e-01 9.715696e-01 1.534540e-02 7.529289e+01 -9.704913e-01 -2.367197e-01 4.593948e-02 -1.203163e+02 4.826596e-02 -4.039085e-03 9.988263e-01 5.740701e+00
-2.523003e-01 9.674694e-01 1.865005e-02 7.497120e+01 -9.663033e-01 -2.529187e-01 4.785846e-02 -1.215002e+02 5.101853e-02 -5.946906e-03 9.986800e-01 5.826948e+00
-2.676820e-01 9.632546e-01 2.206290e-02 7.467744e+01 -9.621890e-01 -2.684431e-01 4.615864e-02 -1.226828e+02 5.038516e-02 -8.872844e-03 9.986904e-01 5.896146e+00
-2.827973e-01 9.588190e-01 2.630935e-02 7.436440e+01 -9.580180e-01 -2.836981e-01 4.144034e-02 -1.238722e+02 4.719769e-02 -1.348562e-02 9.987946e-01 5.958546e+00
-2.977234e-01 9.542269e-01 2.849679e-02 7.404345e+01 -9.535738e-01 -2.986730e-01 3.862246e-02 -1.250599e+02 4.536581e-02 -1.567498e-02 9.988475e-01 6.009981e+00
-3.132570e-01 9.490983e-01 3.290159e-02 7.366812e+01 -9.485236e-01 -3.143922e-01 3.821791e-02 -1.262002e+02 4.661655e-02 -1.923591e-02 9.987276e-01 6.091042e+00
-3.274282e-01 9.442222e-01 3.514880e-02 7.327221e+01 -9.436207e-01 -3.286839e-01 3.933380e-02 -1.273338e+02 4.869268e-02 -2.028813e-02 9.986078e-01 6.155158e+00
-3.420333e-01 9.390240e-01 3.531371e-02 7.287515e+01 -9.383399e-01 -3.433135e-01 4.066939e-02 -1.284519e+02 5.031321e-02 -1.922598e-02 9.985484e-01 6.227349e+00
-3.561844e-01 9.337682e-01 3.478553e-02 7.246211e+01 -9.330382e-01 -3.574334e-01 4.100427e-02 -1.296030e+02 5.072198e-02 -1.785115e-02 9.985533e-01 6.290316e+00
-3.700273e-01 9.283648e-01 3.490919e-02 7.203704e+01 -9.276977e-01 -3.712441e-01 3.942980e-02 -1.307317e+02 4.956507e-02 -1.779507e-02 9.986123e-01 6.354985e+00
-3.844472e-01 9.224753e-01 3.521103e-02 7.159715e+01 -9.218544e-01 -3.856473e-01 3.821957e-02 -1.318453e+02 4.883564e-02 -1.776604e-02 9.986488e-01 6.419426e+00
-3.991277e-01 9.161036e-01 3.809174e-02 7.114794e+01 -9.154709e-01 -4.004784e-01 3.911303e-02 -1.329313e+02 5.108651e-02 -1.926079e-02 9.985085e-01 6.483334e+00
-4.135649e-01 9.096140e-01 3.958063e-02 7.066580e+01 -9.089196e-01 -4.150081e-01 4.041886e-02 -1.340138e+02 5.319183e-02 -1.925979e-02 9.983985e-01 6.558183e+00
-4.282490e-01 9.027623e-01 4.029359e-02 7.017045e+01 -9.019653e-01 -4.297506e-01 4.211335e-02 -1.350974e+02 5.533452e-02 -1.830843e-02 9.983000e-01 6.623805e+00
-4.425962e-01 8.958362e-01 3.982946e-02 6.964988e+01 -8.948663e-01 -4.441001e-01 4.460425e-02 -1.361779e+02 5.764636e-02 -1.590038e-02 9.982104e-01 6.694814e+00
-4.571079e-01 8.883961e-01 4.248729e-02 6.911771e+01 -8.872652e-01 -4.588009e-01 4.756681e-02 -1.372464e+02 6.175137e-02 -1.595433e-02 9.979640e-01 6.776758e+00
-4.719207e-01 8.804969e-01 4.490548e-02 6.855672e+01 -8.793160e-01 -4.737619e-01 4.851300e-02 -1.383134e+02 6.399004e-02 -1.659182e-02 9.978126e-01 6.853120e+00
-4.873155e-01 8.720438e-01 4.542626e-02 6.799567e+01 -8.709338e-01 -4.891450e-01 4.702894e-02 -1.393945e+02 6.323131e-02 -1.664533e-02 9.978601e-01 6.933885e+00
-5.024459e-01 8.632969e-01 4.760721e-02 6.739661e+01 -8.624550e-01 -5.043180e-01 4.283373e-02 -1.404547e+02 6.098740e-02 -1.953744e-02 9.979473e-01 6.997663e+00
-5.183686e-01 8.536931e-01 5.002664e-02 6.677299e+01 -8.529166e-01 -5.203571e-01 4.197926e-02 -1.415041e+02 6.186911e-02 -2.090782e-02 9.978653e-01 7.087107e+00
-5.337707e-01 8.439776e-01 5.282814e-02 6.612782e+01 -8.433148e-01 -5.358889e-01 4.053926e-02 -1.425323e+02 6.252424e-02 -2.291209e-02 9.977804e-01 7.158238e+00
-5.495263e-01 8.337266e-01 5.404427e-02 6.547482e+01 -8.330910e-01 -5.516944e-01 3.990977e-02 -1.435823e+02 6.308976e-02 -2.309232e-02 9.977407e-01 7.239130e+00
-5.650691e-01 8.230991e-01 5.660968e-02 6.480003e+01 -8.225457e-01 -5.673658e-01 3.891797e-02 -1.446180e+02 6.415174e-02 -2.457270e-02 9.976376e-01 7.316634e+00
-5.803349e-01 8.123252e-01 5.778847e-02 6.409163e+01 -8.117710e-01 -5.826923e-01 3.870364e-02 -1.456364e+02 6.511282e-02 -2.444993e-02 9.975783e-01 7.398073e+00
-5.950196e-01 8.015503e-01 5.889957e-02 6.334891e+01 -8.011584e-01 -5.973712e-01 3.596151e-02 -1.466420e+02 6.400985e-02 -2.579008e-02 9.976160e-01 7.479359e+00
-6.098168e-01 7.904259e-01 5.788244e-02 6.258879e+01 -7.901856e-01 -6.120079e-01 3.245187e-02 -1.476353e+02 6.107530e-02 -2.594817e-02 9.977958e-01 7.559523e+00
-6.244680e-01 7.789618e-01 5.708138e-02 6.182245e+01 -7.787803e-01 -6.265559e-01 3.047731e-02 -1.486291e+02 5.950533e-02 -2.542175e-02 9.979042e-01 7.642852e+00
-6.391398e-01 7.668750e-01 5.834037e-02 6.103451e+01 -7.667719e-01 -6.412629e-01 2.903903e-02 -1.496132e+02 5.968081e-02 -2.617376e-02 9.978743e-01 7.720423e+00
-6.538569e-01 7.540438e-01 6.236589e-02 6.024026e+01 -7.540209e-01 -6.562191e-01 2.880050e-02 -1.505751e+02 6.264251e-02 -2.819377e-02 9.976377e-01 7.805631e+00
-6.686360e-01 7.406457e-01 6.610444e-02 5.940789e+01 -7.406943e-01 -6.712329e-01 2.860511e-02 -1.515259e+02 6.555773e-02 -2.983678e-02 9.974026e-01 7.885813e+00
-6.841495e-01 7.261381e-01 6.828602e-02 5.854911e+01 -7.264599e-01 -6.867678e-01 2.461920e-02 -1.524610e+02 6.477357e-02 -3.276383e-02 9.973620e-01 7.974179e+00
-7.002696e-01 7.106204e-01 6.812818e-02 5.768001e+01 -7.112765e-01 -7.026734e-01 1.832957e-02 -1.533929e+02 6.089722e-02 -3.562234e-02 9.975082e-01 8.041513e+00
-7.167189e-01 6.938775e-01 6.963015e-02 5.679050e+01 -6.947286e-01 -7.191137e-01 1.510402e-02 -1.543051e+02 6.055232e-02 -3.754872e-02 9.974585e-01 8.124603e+00
-7.336584e-01 6.757614e-01 7.136101e-02 5.586791e+01 -6.767035e-01 -7.361284e-01 1.370398e-02 -1.551935e+02 6.179146e-02 -3.823620e-02 9.973564e-01 8.201691e+00
-7.502265e-01 6.569693e-01 7.450855e-02 5.491648e+01 -6.582580e-01 -7.527368e-01 9.157937e-03 -1.560563e+02 6.210180e-02 -4.217532e-02 9.971783e-01 8.274203e+00
-7.664944e-01 6.378835e-01 7.477459e-02 5.394059e+01 -6.391668e-01 -7.690223e-01 8.411424e-03 -1.569061e+02 6.286883e-02 -4.134612e-02 9.971650e-01 8.347623e+00
-7.821246e-01 6.183877e-01 7.667030e-02 5.295054e+01 -6.197015e-01 -7.847958e-01 8.142059e-03 -1.577129e+02 6.520545e-02 -4.114459e-02 9.970233e-01 8.459076e+00
-7.975808e-01 5.987399e-01 7.331519e-02 5.194738e+01 -5.998002e-01 -8.000988e-01 9.028035e-03 -1.585112e+02 6.406485e-02 -3.677387e-02 9.972680e-01 8.528872e+00
-8.118583e-01 5.795611e-01 7.067566e-02 5.090796e+01 -5.804610e-01 -8.142365e-01 9.162789e-03 -1.592677e+02 6.285709e-02 -3.358558e-02 9.974573e-01 8.628592e+00
-8.257704e-01 5.593866e-01 7.203870e-02 4.986700e+01 -5.601972e-01 -8.282950e-01 1.031236e-02 -1.600017e+02 6.543790e-02 -3.184023e-02 9.973485e-01 8.712666e+00
-8.391868e-01 5.386154e-01 7.522725e-02 4.880152e+01 -5.394582e-01 -8.419486e-01 1.037334e-02 -1.607118e+02 6.892472e-02 -3.187678e-02 9.971125e-01 8.812086e+00
-8.516926e-01 5.186312e-01 7.511214e-02 4.771411e+01 -5.193447e-01 -8.544911e-01 1.123313e-02 -1.614001e+02 7.000849e-02 -2.944192e-02 9.971118e-01 8.895736e+00
-8.632855e-01 4.995385e-01 7.210635e-02 4.660923e+01 -5.002096e-01 -8.658497e-01 9.729312e-03 -1.620581e+02 6.729343e-02 -2.766911e-02 9.973495e-01 9.004451e+00
-8.734750e-01 4.812939e-01 7.346986e-02 4.549865e+01 -4.819134e-01 -8.761593e-01 1.021940e-02 -1.626938e+02 6.928983e-02 -2.647973e-02 9.972451e-01 9.087256e+00
-8.828584e-01 4.636735e-01 7.462068e-02 4.439834e+01 -4.640391e-01 -8.857133e-01 1.341372e-02 -1.633045e+02 7.231210e-02 -2.278450e-02 9.971218e-01 9.196883e+00
-8.912624e-01 4.468211e-01 7.747734e-02 4.326987e+01 -4.473881e-01 -8.942744e-01 1.084779e-02 -1.638849e+02 7.413299e-02 -2.499421e-02 9.969351e-01 9.286298e+00
-8.993404e-01 4.301715e-01 7.835212e-02 4.211739e+01 -4.308875e-01 -9.023665e-01 8.395975e-03 -1.644591e+02 7.431404e-02 -2.621011e-02 9.968904e-01 9.379209e+00
-9.063975e-01 4.150646e-01 7.851902e-02 4.095521e+01 -4.158820e-01 -9.093961e-01 6.414870e-03 -1.650182e+02 7.406746e-02 -2.684022e-02 9.968920e-01 9.482199e+00
-9.125718e-01 4.011259e-01 7.944284e-02 3.979989e+01 -4.019870e-01 -9.156288e-01 5.544914e-03 -1.655534e+02 7.496434e-02 -2.687485e-02 9.968240e-01 9.591460e+00
-9.183779e-01 3.875752e-01 7.980169e-02 3.861298e+01 -3.886129e-01 -9.213974e-01 2.723461e-03 -1.660644e+02 7.458460e-02 -2.851079e-02 9.968070e-01 9.685987e+00
-9.240254e-01 3.742661e-01 7.811780e-02 3.742083e+01 -3.754897e-01 -9.268262e-01 -1.054947e-03 -1.665700e+02 7.200678e-02 -3.030722e-02 9.969436e-01 9.784033e+00
-9.288831e-01 3.625581e-01 7.568134e-02 3.622607e+01 -3.639279e-01 -9.314153e-01 -4.681866e-03 -1.670526e+02 6.879331e-02 -3.189146e-02 9.971210e-01 9.875052e+00
-9.332321e-01 3.518100e-01 7.285789e-02 3.501284e+01 -3.529879e-01 -9.356214e-01 -3.550919e-03 -1.675194e+02 6.691813e-02 -2.903179e-02 9.973360e-01 9.968223e+00
-9.364409e-01 3.434996e-01 7.132108e-02 3.382365e+01 -3.444087e-01 -9.388199e-01 -4.792595e-04 -1.679695e+02 6.679300e-02 -2.501240e-02 9.974533e-01 1.007404e+01
-9.384440e-01 3.378833e-01 7.182018e-02 3.261362e+01 -3.384250e-01 -9.409810e-01 4.858430e-03 -1.684069e+02 6.922300e-02 -1.974637e-02 9.974058e-01 1.017485e+01
-9.405555e-01 3.319845e-01 7.170855e-02 3.140907e+01 -3.323427e-01 -9.431312e-01 7.227838e-03 -1.688471e+02 7.003009e-02 -1.703363e-02 9.973994e-01 1.026798e+01
-9.423805e-01 3.267987e-01 7.156397e-02 3.020087e+01 -3.273037e-01 -9.449065e-01 4.883878e-03 -1.692828e+02 6.921730e-02 -1.882068e-02 9.974241e-01 1.036608e+01
-9.440126e-01 3.222024e-01 7.089541e-02 2.897157e+01 -3.230984e-01 -9.463648e-01 -1.241253e-03 -1.697323e+02 6.669297e-02 -2.407795e-02 9.974830e-01 1.045599e+01
-9.459268e-01 3.166257e-01 7.050475e-02 2.774906e+01 -3.179006e-01 -9.480956e-01 -7.365054e-03 -1.701579e+02 6.451327e-02 -2.938030e-02 9.974843e-01 1.055720e+01
-9.471065e-01 3.122337e-01 7.415769e-02 2.652533e+01 -3.140375e-01 -9.493109e-01 -1.375625e-02 -1.705886e+02 6.610354e-02 -3.631693e-02 9.971517e-01 1.063021e+01
-9.480734e-01 3.084117e-01 7.771545e-02 2.529036e+01 -3.105233e-01 -9.504241e-01 -1.643247e-02 -1.710035e+02 6.879465e-02 -3.971164e-02 9.968402e-01 1.072511e+01
-9.488423e-01 3.055223e-01 7.971694e-02 2.408098e+01 -3.077058e-01 -9.513401e-01 -1.641702e-02 -1.714048e+02 7.082213e-02 -4.010653e-02 9.966823e-01 1.081392e+01
-9.489012e-01 3.050553e-01 8.079705e-02 2.285012e+01 -3.072602e-01 -9.514890e-01 -1.612529e-02 -1.718096e+02 7.195840e-02 -4.012703e-02 9.966002e-01 1.090528e+01
-9.487237e-01 3.054148e-01 8.152019e-02 2.162786e+01 -3.074619e-01 -9.514639e-01 -1.355831e-02 -1.722154e+02 7.342260e-02 -3.792745e-02 9.965795e-01 1.101620e+01
-9.483514e-01 3.061219e-01 8.318274e-02 2.042406e+01 -3.081626e-01 -9.512506e-01 -1.259668e-02 -1.726257e+02 7.527149e-02 -3.757988e-02 9.964547e-01 1.111117e+01
-9.477648e-01 3.077016e-01 8.403252e-02 1.919617e+01 -3.097216e-01 -9.507535e-01 -1.183927e-02 -1.730438e+02 7.625125e-02 -3.724753e-02 9.963927e-01 1.121614e+01
-9.472183e-01 3.095596e-01 8.336886e-02 1.797501e+01 -3.113987e-01 -9.502298e-01 -9.713222e-03 -1.734558e+02 7.621274e-02 -3.516150e-02 9.964714e-01 1.132487e+01
-9.461877e-01 3.126691e-01 8.346570e-02 1.673962e+01 -3.145351e-01 -9.491942e-01 -9.891070e-03 -1.738772e+02 7.613254e-02 -3.561171e-02 9.964616e-01 1.144166e+01
-9.448764e-01 3.163266e-01 8.453360e-02 1.551944e+01 -3.183608e-01 -9.479009e-01 -1.142030e-02 -1.742941e+02 7.651693e-02 -3.770296e-02 9.963552e-01 1.154618e+01
-9.434700e-01 3.210377e-01 8.245785e-02 1.428989e+01 -3.231092e-01 -9.462755e-01 -1.277927e-02 -1.747259e+02 7.392520e-02 -3.869975e-02 9.965126e-01 1.166142e+01
-9.415041e-01 3.273798e-01 7.995473e-02 1.303885e+01 -3.294794e-01 -9.440550e-01 -1.428020e-02 -1.751685e+02 7.080659e-02 -3.978830e-02 9.966962e-01 1.175380e+01
-9.392097e-01 3.343367e-01 7.812685e-02 1.183224e+01 -3.364734e-01 -9.415634e-01 -1.561525e-02 -1.756053e+02 6.834063e-02 -4.095361e-02 9.968211e-01 1.184188e+01
-9.364241e-01 3.424524e-01 7.639728e-02 1.062170e+01 -3.443699e-01 -9.387426e-01 -1.311014e-02 -1.760460e+02 6.722777e-02 -3.858557e-02 9.969913e-01 1.194712e+01
-9.334171e-01 3.505248e-01 7.658608e-02 9.471270e+00 -3.524472e-01 -9.357448e-01 -1.277765e-02 -1.764715e+02 6.718612e-02 -3.891942e-02 9.969811e-01 1.203280e+01
-9.296838e-01 3.601911e-01 7.713825e-02 8.283807e+00 -3.619649e-01 -9.321390e-01 -9.913953e-03 -1.769341e+02 6.833265e-02 -3.713818e-02 9.969711e-01 1.211623e+01
-9.255085e-01 3.708512e-01 7.683619e-02 7.084482e+00 -3.725491e-01 -9.279732e-01 -8.555484e-03 -1.774123e+02 6.812910e-02 -3.654342e-02 9.970070e-01 1.222177e+01
-9.209678e-01 3.820565e-01 7.649498e-02 5.941757e+00 -3.836017e-01 -9.234790e-01 -6.061163e-03 -1.778922e+02 6.832579e-02 -3.492573e-02 9.970515e-01 1.229488e+01
-9.150622e-01 3.957418e-01 7.777921e-02 4.768072e+00 -3.972820e-01 -9.176842e-01 -4.779302e-03 -1.784001e+02 6.948537e-02 -3.527364e-02 9.969591e-01 1.239579e+01
-9.093435e-01 4.090361e-01 7.605438e-02 3.647185e+00 -4.103348e-01 -9.119338e-01 -1.597131e-03 -1.789023e+02 6.870326e-02 -3.266010e-02 9.971024e-01 1.247752e+01
