1.000000e+00 0.000000e+00 0.000000e+00 0.000000e+00 0.000000e+00 1.000000e+00 0.000000e+00 0.000000e+00 0.000000e+00 0.000000e+00 1.000000e+00 0.000000e+00
9.999788e-01 -6.501750e-03 4.045971e-04 9.455631e-02 6.501507e-03 9.999787e-01 5.979172e-04 3.875415e-03 -4.084760e-04 -5.952741e-04 9.999998e-01 -2.872840e-03
9.999088e-01 -1.344582e-02 1.240600e-03 1.876120e-01 1.344408e-02 9.999086e-01 1.402335e-03 1.354813e-02 -1.259342e-03 -1.385528e-03 9.999983e-01 -5.098699e-03
9.997805e-01 -2.093221e-02 9.363712e-04 2.817133e-01 2.093074e-02 9.997797e-01 1.551146e-03 2.110755e-02 -9.686339e-04 -1.531207e-03 9.999983e-01 -2.884628e-03
9.995483e-01 -3.005360e-02 -2.660296e-04 3.872200e-01 3.005392e-02 9.995474e-01 1.301166e-03 2.836028e-02 2.268045e-04 -1.308573e-03 9.999991e-01 2.860893e-03
9.991433e-01 -4.136477e-02 -1.267558e-03 4.995657e-01 4.136700e-02 9.991424e-01 1.782301e-03 3.966150e-02 1.192747e-03 -1.833210e-03 9.999976e-01 8.053752e-03
9.984889e-01 -5.492831e-02 -1.659852e-03 6.341717e-01 5.493138e-02 9.984884e-01 1.864348e-03 5.623716e-02 1.554937e-03 -1.952708e-03 9.999969e-01 2.220162e-02
9.974576e-01 -7.125188e-02 -1.234034e-03 7.697942e-01 7.125477e-02 9.974551e-01 2.483167e-03 7.514683e-02 1.053963e-03 -2.564785e-03 9.999962e-01 1.463337e-02
9.959818e-01 -8.954406e-02 -1.484492e-03 9.233190e-01 8.954631e-02 9.959815e-01 1.527540e-03 1.000941e-01 1.341744e-03 -1.654333e-03 9.999977e-01 1.670902e-02
9.939790e-01 -1.095610e-01 -1.486805e-03 1.086464e+00 1.095633e-01 9.939786e-01 1.594309e-03 1.213215e-01 1.303178e-03 -1.747609e-03 9.999976e-01 1.669000e-02
9.912807e-01 -1.317615e-01 -1.187053e-03 1.242783e+00 1.317633e-01 9.912798e-01 1.658197e-03 1.555838e-01 9.582156e-04 -1.800149e-03 9.999979e-01 2.403835e-02
9.878188e-01 -1.555869e-01 -2.600147e-03 1.427500e+00 1.555989e-01 9.878061e-01 5.307843e-03 2.137543e-01 1.742610e-03 -5.647766e-03 9.999825e-01 2.909182e-02
9.834895e-01 -1.809040e-01 -4.721754e-03 1.606706e+00 1.809416e-01 9.834490e-01 9.389361e-03 2.721138e-01 2.945032e-03 -1.008870e-02 9.999447e-01 2.381725e-02
9.781162e-01 -2.079686e-01 -6.149554e-03 1.785754e+00 2.080324e-01 9.780385e-01 1.277086e-02 3.254414e-01 3.358564e-03 -1.377069e-02 9.998996e-01 2.564696e-02
9.714351e-01 -2.371982e-01 -7.128417e-03 1.984742e+00 2.372773e-01 9.713435e-01 1.382725e-02 4.015395e-01 3.644343e-03 -1.512369e-02 9.998790e-01 2.840515e-02
9.632691e-01 -2.684316e-01 -7.566913e-03 2.163253e+00 2.685189e-01 9.631554e-01 1.514094e-02 4.513674e-01 3.223806e-03 -1.661666e-02 9.998567e-01 4.138178e-02
9.539642e-01 -2.998218e-01 -7.697308e-03 2.378955e+00 2.999110e-01 9.538248e-01 1.647954e-02 5.581719e-01 2.400959e-03 -1.802940e-02 9.998346e-01 4.337076e-02
9.427214e-01 -3.334845e-01 -8.032607e-03 2.575271e+00 3.335774e-01 9.425525e-01 1.791150e-02 6.511141e-01 1.597947e-03 -1.956505e-02 9.998073e-01 6.324933e-02
9.300612e-01 -3.672998e-01 -8.774689e-03 2.743184e+00 3.674035e-01 9.298511e-01 1.979011e-02 7.186006e-01 8.902506e-04 -2.162987e-02 9.997656e-01 6.646051e-02
9.164827e-01 -3.999498e-01 -9.977269e-03 2.962534e+00 4.000741e-01 9.162178e-01 2.203936e-02 8.701277e-01 3.267160e-04 -2.419034e-02 9.997073e-01 7.681335e-02
9.005734e-01 -4.345787e-01 -1.043921e-02 3.157723e+00 4.347039e-01 9.002899e-01 2.259724e-02 9.899054e-01 -4.219675e-04 -2.488844e-02 9.996902e-01 7.253023e-02
8.820565e-01 -4.710287e-01 -1.040589e-02 3.329853e+00 4.711435e-01 8.818549e-01 1.886171e-02 1.084236e+00 2.920749e-04 -2.153976e-02 9.997680e-01 6.007568e-02
8.610300e-01 -5.084655e-01 -9.497349e-03 3.554054e+00 5.085531e-01 8.609159e-01 1.405238e-02 1.247194e+00 1.031270e-03 -1.692943e-02 9.998562e-01 7.435473e-02
8.362128e-01 -5.483370e-01 -8.642926e-03 3.717482e+00 5.484041e-01 8.360770e-01 1.510538e-02 1.374490e+00 -1.056689e-03 -1.737113e-02 9.998485e-01 8.243649e-02
8.078142e-01 -5.893674e-01 -9.073310e-03 3.931726e+00 5.894201e-01 8.075775e-01 2.006453e-02 1.582883e+00 -4.497979e-03 -2.155641e-02 9.997575e-01 7.170321e-02
7.757148e-01 -6.310130e-01 -9.437975e-03 4.104349e+00 6.310520e-01 7.754393e-01 2.161923e-02 1.777461e+00 -6.323442e-03 -2.272621e-02 9.997217e-01 9.199679e-02
7.400827e-01 -6.724397e-01 -1.011540e-02 4.240131e+00 6.724818e-01 7.398103e-01 2.118911e-02 1.941377e+00 -6.764923e-03 -2.248411e-02 9.997243e-01 7.951186e-02
7.009215e-01 -7.131976e-01 -7.628545e-03 4.457642e+00 7.132040e-01 7.007425e-01 1.732092e-02 2.189959e+00 -7.007591e-03 -1.758131e-02 9.998209e-01 9.214581e-02
6.586292e-01 -7.524503e-01 -5.111819e-03 4.618771e+00 7.524332e-01 6.585188e-01 1.404226e-02 2.408063e+00 -7.199876e-03 -1.309495e-02 9.998884e-01 8.728546e-02
6.142465e-01 -7.891107e-01 -2.380045e-03 4.751382e+00 7.890624e-01 6.141688e-01 1.331481e-02 2.622864e+00 -9.045110e-03 -1.005658e-02 9.999085e-01 9.558845e-02
5.667591e-01 -8.238834e-01 -6.796000e-04 4.940189e+00 8.238201e-01 5.667050e-01 1.288531e-02 2.938245e+00 -1.023086e-02 -7.862738e-03 9.999167e-01 9.103177e-02
5.161083e-01 -8.565233e-01 3.014054e-04 5.077104e+00 8.564435e-01 5.160649e-01 1.347931e-02 3.219157e+00 -1.170089e-02 -6.698648e-03 9.999091e-01 9.450089e-02
4.635546e-01 -8.860678e-01 9.613385e-04 5.171054e+00 8.859773e-01 4.635223e-01 1.383284e-02 3.475677e+00 -1.270244e-02 -5.560552e-03 9.999039e-01 8.899782e-02
4.092359e-01 -9.124278e-01 1.260204e-03 5.330882e+00 9.123316e-01 4.092121e-01 1.402004e-02 3.850320e+00 -1.330796e-02 -4.587778e-03 9.999009e-01 9.258664e-02
3.543499e-01 -9.351115e-01 1.677101e-03 5.391669e+00 9.349921e-01 3.543323e-01 1.544682e-02 4.130578e+00 -1.503875e-02 -3.905505e-03 9.998793e-01 9.573866e-02
2.992043e-01 -9.541852e-01 2.750393e-03 5.520896e+00 9.540432e-01 2.992077e-01 1.662882e-02 4.548125e+00 -1.668991e-02 -2.351423e-03 9.998580e-01 9.373263e-02
2.454472e-01 -9.693885e-01 6.440879e-03 5.592946e+00 9.692284e-01 2.455244e-01 1.772078e-02 4.917158e+00 -1.875971e-02 1.893167e-03 9.998222e-01 1.101480e-01
1.947931e-01 -9.808171e-01 7.314846e-03 5.608235e+00 9.806577e-01 1.948961e-01 1.806099e-02 5.260986e+00 -1.914016e-02 3.655201e-03 9.998101e-01 1.223634e-01
1.470610e-01 -9.891167e-01 4.634993e-03 5.663147e+00 9.889566e-01 1.471211e-01 1.789833e-02 5.718985e+00 -1.838544e-02 1.951657e-03 9.998291e-01 1.272745e-01
1.047466e-01 -9.944980e-01 1.433604e-03 5.659854e+00 9.943410e-01 1.047556e-01 1.767725e-02 6.109407e+00 -1.773017e-02 -4.261423e-04 9.998427e-01 1.075103e-01
6.655341e-02 -9.977828e-01 -6.805985e-04 5.676725e+00 9.976511e-01 6.653351e-02 1.630572e-02 6.590367e+00 -1.622428e-02 -1.764204e-03 9.998668e-01 9.767938e-02
3.188014e-02 -9.994913e-01 -9.598295e-04 5.676182e+00 9.993888e-01 3.186303e-02 1.439144e-02 7.052914e+00 -1.435353e-02 -1.418046e-03 9.998960e-01 8.762372e-02
5.797744e-04 -9.999999e-01 -1.957579e-04 5.655689e+00 9.999214e-01 5.772710e-04 1.253002e-02 7.494163e+00 -1.252990e-02 -2.030092e-04 9.999215e-01 9.680519e-02
-2.632058e-02 -9.996536e-01 -2.956692e-04 5.628605e+00 9.995890e-01 -2.632225e-02 1.135949e-02 7.995292e+00 -1.136334e-02 3.439450e-06 9.999354e-01 9.707256e-02
-4.738784e-02 -9.988766e-01 -3.756271e-04 5.589188e+00 9.988309e-01 -4.738927e-02 9.550049e-03 8.490681e+00 -9.557120e-03 7.736715e-05 9.999543e-01 9.079874e-02
-6.389856e-02 -9.979561e-01 -9.666153e-04 5.546233e+00 9.979150e-01 -6.390464e-02 9.071841e-03 9.022988e+00 -9.115069e-03 -3.849235e-04 9.999584e-01 7.157693e-02
-7.707179e-02 -9.970229e-01 2.283374e-03 5.500341e+00 9.969772e-01 -7.704532e-02 1.002964e-02 9.566080e+00 -9.823862e-03 3.049475e-03 9.999471e-01 8.884921e-02
-8.672690e-02 -9.962303e-01 1.972737e-03 5.444648e+00 9.961833e-01 -8.670282e-02 1.007928e-02 1.012655e+01 -9.870239e-03 2.839351e-03 9.999472e-01 9.736726e-02
-9.359014e-02 -9.956108e-01 -6.063798e-04 5.374389e+00 9.955495e-01 -9.359109e-02 1.105736e-02 1.070855e+01 -1.106558e-02 4.311771e-04 9.999387e-01 1.051869e-01
-9.805584e-02 -9.951808e-01 -5.754768e-04 5.308687e+00 9.951148e-01 -9.805596e-02 1.147325e-02 1.129426e+01 -1.147439e-02 5.523533e-04 9.999340e-01 1.138350e-01
-9.969568e-02 -9.950146e-01 -2.645762e-03 5.248049e+00 9.949429e-01 -9.972048e-02 1.202675e-02 1.190463e+01 -1.223063e-02 -1.433368e-03 9.999242e-01 1.004469e-01
-9.866834e-02 -9.951167e-01 -2.707067e-03 5.185054e+00 9.950316e-01 -9.869552e-02 1.308837e-02 1.253285e+01 -1.329164e-02 -1.402210e-03 9.999107e-01 9.545965e-02
-9.709156e-02 -9.952719e-01 -2.704585e-03 5.119608e+00 9.951720e-01 -9.712029e-02 1.415901e-02 1.318515e+01 -1.435474e-02 -1.316807e-03 9.998961e-01 9.738203e-02
-9.525990e-02 -9.954473e-01 -3.230698e-03 5.053714e+00 9.953459e-01 -9.529674e-02 1.432397e-02 1.384737e+01 -1.456663e-02 -1.851163e-03 9.998922e-01 9.635972e-02
-9.361804e-02 -9.955762e-01 -7.997404e-03 4.981417e+00 9.955195e-01 -9.371400e-02 1.260580e-02 1.450682e+01 -1.329950e-02 -6.781442e-03 9.998885e-01 8.672685e-02
-9.230721e-02 -9.957035e-01 -7.367149e-03 4.914194e+00 9.956471e-01 -9.239280e-02 1.227813e-02 1.519879e+01 -1.290605e-02 -6.201720e-03 9.998975e-01 9.090374e-02
-9.063089e-02 -9.958411e-01 -9.318716e-03 4.849105e+00 9.957743e-01 -9.075618e-02 1.404298e-02 1.588948e+01 -1.483030e-02 -8.006611e-03 9.998580e-01 8.301055e-02
-8.864498e-02 -9.959902e-01 -1.208068e-02 4.783028e+00 9.958732e-01 -8.885860e-02 1.846978e-02 1.661834e+01 -1.946918e-02 -1.039358e-02 9.997565e-01 5.702557e-02
-8.672404e-02 -9.961727e-01 -1.093054e-02 4.712322e+00 9.960160e-01 -8.692873e-02 1.990223e-02 1.734705e+01 -2.077623e-02 -9.160993e-03 9.997422e-01 7.276744e-02
-8.493829e-02 -9.962814e-01 -1.444633e-02 4.643547e+00 9.961638e-01 -8.521676e-02 1.989285e-02 1.809540e+01 -2.104994e-02 -1.270124e-02 9.996977e-01 6.421617e-02
-8.326650e-02 -9.963906e-01 -1.650914e-02 4.574461e+00 9.963309e-01 -8.356762e-02 1.847824e-02 1.885582e+01 -1.979117e-02 -1.490995e-02 9.996930e-01 5.794524e-02
-8.161604e-02 -9.965329e-01 -1.615429e-02 4.504439e+00 9.964749e-01 -8.190548e-02 1.814471e-02 1.961138e+01 -1.940493e-02 -1.461645e-02 9.997048e-01 5.183154e-02
-8.015645e-02 -9.966748e-01 -1.464449e-02 4.439900e+00 9.965799e-01 -8.042765e-02 1.897598e-02 2.040510e+01 -2.009070e-02 -1.307336e-02 9.997127e-01 2.708444e-02
-7.910669e-02 -9.967624e-01 -1.439440e-02 4.378939e+00 9.966178e-01 -7.940114e-02 2.118419e-02 2.118213e+01 -2.225853e-02 -1.266991e-02 9.996719e-01 2.882161e-02
-7.791889e-02 -9.968411e-01 -1.537888e-02 4.312464e+00 9.966813e-01 -7.825243e-02 2.242938e-02 2.199942e+01 -2.356196e-02 -1.358016e-02 9.996302e-01 -1.342075e-03
-7.724583e-02 -9.969158e-01 -1.385506e-02 4.243131e+00 9.968033e-01 -7.750654e-02 1.939030e-02 2.280437e+01 -2.040436e-02 -1.231295e-02 9.997160e-01 -1.275660e-02
-7.700145e-02 -9.969651e-01 -1.146405e-02 4.177254e+00 9.969187e-01 -7.716036e-02 1.412798e-02 2.361265e+01 -1.496967e-02 -1.034085e-02 9.998345e-01 3.363648e-03
-7.731247e-02 -9.969515e-01 -1.052456e-02 4.117035e+00 9.969500e-01 -7.741666e-02 9.875947e-03 2.444246e+01 -1.066061e-02 -9.728929e-03 9.998959e-01 3.920872e-03
-7.790089e-02 -9.969103e-01 -1.008255e-02 4.051870e+00 9.968963e-01 -7.800722e-02 1.062609e-02 2.525901e+01 -1.137977e-02 -9.223474e-03 9.998927e-01 2.440889e-02
-7.789624e-02 -9.969155e-01 -9.572732e-03 3.985137e+00 9.968370e-01 -7.803464e-02 1.504835e-02 2.611825e+01 -1.574893e-02 -8.370245e-03 9.998409e-01 -2.205111e-02
-7.800663e-02 -9.968988e-01 -1.039139e-02 3.913769e+00 9.967065e-01 -7.821488e-02 2.141921e-02 2.698763e+01 -2.216555e-02 -8.686329e-03 9.997166e-01 -2.939075e-02
-7.824910e-02 -9.968656e-01 -1.167289e-02 3.839963e+00 9.965687e-01 -7.853198e-02 2.614644e-02 2.784732e+01 -2.698117e-02 -9.586899e-03 9.995900e-01 -5.602630e-02
-7.845628e-02 -9.968373e-01 -1.265974e-02 3.764493e+00 9.965375e-01 -7.877076e-02 2.661671e-02 2.870780e+01 -2.752974e-02 -1.052766e-02 9.995655e-01 -6.196617e-02
-7.887864e-02 -9.968106e-01 -1.212176e-02 3.692482e+00 9.965650e-01 -7.915533e-02 2.434913e-02 2.954971e+01 -2.523097e-02 -1.015950e-02 9.996300e-01 -5.163552e-02
-7.949197e-02 -9.967523e-01 -1.288281e-02 3.619807e+00 9.965356e-01 -7.977843e-02 2.349864e-02 3.038249e+01 -2.445010e-02 -1.097023e-02 9.996409e-01 -5.919896e-02
-7.952845e-02 -9.967365e-01 -1.384530e-02 3.545371e+00 9.965103e-01 -7.984817e-02 2.432340e-02 3.123624e+01 -2.534954e-02 -1.186258e-02 9.996083e-01 -7.664084e-02
-7.928503e-02 -9.967391e-01 -1.500508e-02 3.475451e+00 9.965113e-01 -7.964242e-02 2.494870e-02 3.208449e+01 -2.606238e-02 -1.297467e-02 9.995761e-01 -9.198095e-02
-7.909787e-02 -9.967331e-01 -1.634243e-02 3.401526e+00 9.965518e-01 -7.947445e-02 2.384836e-02 3.291911e+01 -2.506925e-02 -1.439973e-02 9.995820e-01 -1.082802e-01
-7.877827e-02 -9.967139e-01 -1.885280e-02 3.328330e+00 9.966645e-01 -7.915044e-02 1.988188e-02 3.375359e+01 -2.130875e-02 -1.722365e-02 9.996246e-01 -1.052203e-01
-7.855582e-02 -9.966775e-01 -2.151778e-02 3.256855e+00 9.967260e-01 -7.893741e-02 1.749755e-02 3.458739e+01 -1.913798e-02 -2.007280e-02 9.996153e-01 -1.079564e-01
-7.799375e-02 -9.967407e-01 -2.061287e-02 3.187867e+00 9.967711e-01 -7.835865e-02 1.752867e-02 3.541589e+01 -1.908673e-02 -1.917918e-02 9.996338e-01 -1.022112e-01
-7.725799e-02 -9.968054e-01 -2.026132e-02 3.116748e+00 9.967973e-01 -7.764649e-02 1.914109e-02 3.625459e+01 -2.065316e-02 -1.871763e-02 9.996115e-01 -1.132072e-01
-7.674730e-02 -9.968539e-01 -1.980309e-02 3.049019e+00 9.967207e-01 -7.721758e-02 2.419297e-02 3.708643e+01 -2.564600e-02 -1.788141e-02 9.995111e-01 -1.180008e-01
-7.621884e-02 -9.969022e-01 -1.941132e-02 2.987730e+00 9.966032e-01 -7.677615e-02 2.979246e-02 3.790678e+01 -3.119049e-02 -1.707464e-02 9.993676e-01 -1.216096e-01
-7.592678e-02 -9.969303e-01 -1.910996e-02 2.916616e+00 9.965496e-01 -7.651436e-02 3.216462e-02 3.875163e+01 -3.352807e-02 -1.660186e-02 9.992999e-01 -1.255555e-01
-7.572019e-02 -9.969692e-01 -1.786536e-02 2.852602e+00 9.965577e-01 -7.627118e-02 3.249031e-02 3.958038e+01 -3.375445e-02 -1.534369e-02 9.993123e-01 -1.328501e-01
-7.560933e-02 -9.970152e-01 -1.561688e-02 2.787215e+00 9.966747e-01 -7.604206e-02 2.927805e-02 4.039680e+01 -3.037820e-02 -1.335126e-02 9.994493e-01 -1.260538e-01
-7.516575e-02 -9.970047e-01 -1.822019e-02 2.715354e+00 9.967900e-01 -7.562971e-02 2.626959e-02 4.123648e+01 -2.756889e-02 -1.618713e-02 9.994888e-01 -1.160339e-01
-7.482159e-02 -9.969942e-01 -2.010558e-02 2.644418e+00 9.968755e-01 -7.529414e-02 2.387397e-02 4.206556e+01 -2.531605e-02 -1.825647e-02 9.995128e-01 -1.145793e-01
-7.501757e-02 -9.969636e-01 -2.087943e-02 2.566790e+00 9.969012e-01 -7.547700e-02 2.216201e-02 4.289225e+01 -2.367063e-02 -1.915220e-02 9.995363e-01 -1.302795e-01
-7.585371e-02 -9.969431e-01 -1.873434e-02 2.502749e+00 9.968746e-01 -7.623780e-02 2.071387e-02 4.371282e+01 -2.207881e-02 -1.710456e-02 9.996099e-01 -1.322568e-01
-7.718360e-02 -9.968866e-01 -1.612526e-02 2.438992e+00 9.968300e-01 -7.747233e-02 1.811876e-02 4.452363e+01 -1.931161e-02 -1.467567e-02 9.997058e-01 -1.433747e-01
-7.804072e-02 -9.968261e-01 -1.573742e-02 2.376934e+00 9.967750e-01 -7.831323e-02 1.751846e-02 4.534442e+01 -1.869530e-02 -1.431951e-02 9.997227e-01 -1.429691e-01
-7.967472e-02 -9.967359e-01 -1.301944e-02 2.308442e+00 9.966056e-01 -7.992220e-02 1.974045e-02 4.616183e+01 -2.071656e-02 -1.140244e-02 9.997204e-01 -1.542117e-01
-8.154213e-02 -9.965884e-01 -1.274509e-02 2.242801e+00 9.963458e-01 -8.183503e-02 2.445680e-02 4.698428e+01 -2.541636e-02 -1.070426e-02 9.996197e-01 -1.722190e-01
-8.336174e-02 -9.964674e-01 -1.019246e-02 2.173005e+00 9.961158e-01 -8.361471e-02 2.760761e-02 4.779705e+01 -2.836232e-02 -7.851455e-03 9.995669e-01 -1.867542e-01
-8.476388e-02 -9.963464e-01 -1.044858e-02 2.103483e+00 9.960014e-01 -8.502233e-02 2.743554e-02 4.859658e+01 -2.822366e-02 -8.081262e-03 9.995689e-01 -1.867329e-01
-8.565617e-02 -9.962733e-01 -1.012688e-02 2.022803e+00 9.960150e-01 -8.587849e-02 2.406291e-02 4.940802e+01 -2.484292e-02 -8.025389e-03 9.996592e-01 -1.876127e-01
-8.680093e-02 -9.961532e-01 -1.202036e-02 1.941030e+00 9.959714e-01 -8.704507e-02 2.154480e-02 5.020373e+01 -2.250823e-02 -1.010183e-02 9.996956e-01 -1.950224e-01
-8.804238e-02 -9.959770e-01 -1.669607e-02 1.855791e+00 9.958776e-01 -8.837616e-02 2.043887e-02 5.099321e+01 -2.183217e-02 -1.482776e-02 9.996517e-01 -2.102839e-01
-8.879185e-02 -9.959000e-01 -1.729853e-02 1.779071e+00 9.958038e-01 -8.914280e-02 2.069768e-02 5.180731e+01 -2.215486e-02 -1.538816e-02 9.996361e-01 -2.172869e-01
-8.984363e-02 -9.958102e-01 -1.704730e-02 1.700838e+00 9.956859e-01 -9.020472e-02 2.174684e-02 5.259324e+01 -2.319347e-02 -1.501994e-02 9.996182e-01 -2.313584e-01
-9.091687e-02 -9.957082e-01 -1.730895e-02 1.621615e+00 9.955920e-01 -9.128094e-02 2.155513e-02 5.338595e+01 -2.304259e-02 -1.527293e-02 9.996178e-01 -2.279331e-01
-9.143257e-02 -9.956160e-01 -1.972924e-02 1.543239e+00 9.955390e-01 -9.185302e-02 2.157219e-02 5.416677e+01 -2.328981e-02 -1.766883e-02 9.995726e-01 -2.281272e-01
-9.190917e-02 -9.955617e-01 -2.024487e-02 1.466604e+00 9.954857e-01 -9.234786e-02 2.191525e-02 5.494556e+01 -2.368755e-02 -1.813927e-02 9.995548e-01 -2.281158e-01
-9.231424e-02 -9.955447e-01 -1.920509e-02 1.392327e+00 9.953986e-01 -9.276378e-02 2.400788e-02 5.572488e+01 -2.568245e-02 -1.690045e-02 9.995273e-01 -2.298415e-01
-9.233975e-02 -9.955572e-01 -1.841903e-02 1.317660e+00 9.953186e-01 -9.281611e-02 2.694483e-02 5.648901e+01 -2.853470e-02 -1.584473e-02 9.994672e-01 -2.584602e-01
-9.282494e-02 -9.955146e-01 -1.827763e-02 1.237428e+00 9.952338e-01 -9.331846e-02 2.830664e-02 5.727357e+01 -2.988532e-02 -1.556295e-02 9.994321e-01 -2.573697e-01
-9.349334e-02 -9.954305e-01 -1.942294e-02 1.162814e+00 9.951596e-01 -9.402549e-02 2.858074e-02 5.803127e+01 -3.027639e-02 -1.665682e-02 9.994028e-01 -2.751998e-01
-9.365511e-02 -9.954520e-01 -1.744075e-02 1.091128e+00 9.951918e-01 -9.410644e-02 2.715851e-02 5.877371e+01 -2.867628e-02 -1.481336e-02 9.994790e-01 -2.766360e-01
-9.395099e-02 -9.954402e-01 -1.649718e-02 1.009097e+00 9.952445e-01 -9.433496e-02 2.427930e-02 5.952631e+01 -2.572485e-02 -1.413767e-02 9.995691e-01 -2.690440e-01
-9.371769e-02 -9.954537e-01 -1.700143e-02 9.366050e-01 9.953090e-01 -9.408879e-02 2.252769e-02 6.024574e+01 -2.402491e-02 -1.481043e-02 9.996017e-01 -2.638881e-01
-9.244740e-02 -9.955687e-01 -1.722389e-02 8.626767e-01 9.954781e-01 -9.279072e-02 2.033139e-02 6.096907e+01 -2.183951e-02 -1.526643e-02 9.996449e-01 -2.673957e-01
-9.001541e-02 -9.957662e-01 -1.862547e-02 7.918140e-01 9.957145e-01 -9.037757e-02 1.960636e-02 6.166734e+01 -2.120668e-02 -1.678077e-02 9.996343e-01 -2.740081e-01
-8.599317e-02 -9.961191e-01 -1.876106e-02 7.294279e-01 9.960659e-01 -8.636260e-02 1.985929e-02 6.234615e+01 -2.140247e-02 -1.697949e-02 9.996268e-01 -2.900842e-01
-8.029342e-02 -9.966084e-01 -1.802033e-02 6.729152e-01 9.965189e-01 -8.066690e-02 2.105149e-02 6.302177e+01 -2.243373e-02 -1.626730e-02 9.996160e-01 -2.790545e-01
-7.308805e-02 -9.971790e-01 -1.709595e-02 6.219354e-01 9.970518e-01 -7.345879e-02 2.217087e-02 6.367161e+01 -2.336417e-02 -1.542512e-02 9.996080e-01 -2.983535e-01
-6.417918e-02 -9.977877e-01 -1.734496e-02 5.658720e-01 9.976339e-01 -6.457925e-02 2.358574e-02 6.431861e+01 -2.465368e-02 -1.579021e-02 9.995713e-01 -2.885506e-01
-5.218852e-02 -9.984625e-01 -1.868711e-02 5.250339e-01 9.982949e-01 -5.265152e-02 2.520559e-02 6.495277e+01 -2.615073e-02 -1.733981e-02 9.995076e-01 -2.822009e-01
-3.724384e-02 -9.990935e-01 -2.061523e-02 4.886307e-01 9.989484e-01 -3.777456e-02 2.598247e-02 6.555405e+01 -2.673765e-02 -1.962586e-02 9.994498e-01 -2.887886e-01
-1.861846e-02 -9.995695e-01 -2.267853e-02 4.670116e-01 9.994608e-01 -1.922059e-02 2.662788e-02 6.614704e+01 -2.705230e-02 -2.217053e-02 9.993882e-01 -3.084405e-01
3.072441e-03 -9.997894e-01 -2.029661e-02 4.775128e-01 9.996271e-01 2.519965e-03 2.719165e-02 6.670181e+01 -2.713477e-02 -2.037259e-02 9.994242e-01 -2.924039e-01
2.882206e-02 -9.993836e-01 -2.004429e-02 4.923999e-01 9.992152e-01 2.826053e-02 2.775479e-02 6.724572e+01 -2.717122e-02 -2.082852e-02 9.994138e-01 -2.954662e-01
5.785787e-02 -9.981240e-01 -2.003227e-02 5.400736e-01 9.979671e-01 5.728823e-02 2.792984e-02 6.776044e+01 -2.672983e-02 -2.160751e-02 9.994091e-01 -3.083635e-01
9.217256e-02 -9.955396e-01 -2.012612e-02 5.853573e-01 9.954029e-01 9.159404e-02 2.799186e-02 6.826775e+01 -2.602358e-02 -2.261368e-02 9.994055e-01 -3.275235e-01
1.294367e-01 -9.914195e-01 -1.826360e-02 6.626896e-01 9.912629e-01 1.289010e-01 2.797036e-02 6.874989e+01 -2.537616e-02 -2.172442e-02 9.994419e-01 -3.277481e-01
1.692593e-01 -9.854051e-01 -1.811664e-02 7.708828e-01 9.852481e-01 1.687043e-01 2.872527e-02 6.919888e+01 -2.524967e-02 -2.271140e-02 9.994231e-01 -3.191631e-01
2.147198e-01 -9.765484e-01 -1.576738e-02 8.649918e-01 9.763411e-01 2.141957e-01 2.963792e-02 6.965708e+01 -2.556556e-02 -2.175819e-02 9.994363e-01 -3.134450e-01
2.609970e-01 -9.652699e-01 -1.160804e-02 1.038605e+00 9.650254e-01 2.605863e-01 2.865136e-02 7.006330e+01 -2.463140e-02 -1.867997e-02 9.995221e-01 -3.151815e-01
3.114687e-01 -9.502410e-01 -5.392762e-03 1.182106e+00 9.499831e-01 3.112381e-01 2.574724e-02 7.049545e+01 -2.278765e-02 -1.314249e-02 9.996539e-01 -2.985847e-01
3.611612e-01 -9.325014e-01 -1.918311e-03 1.404425e+00 9.322976e-01 3.610375e-01 2.175216e-02 7.088618e+01 -1.959134e-02 -9.644475e-03 9.997616e-01 -2.853823e-01
4.135628e-01 -9.104652e-01 4.348240e-03 1.585865e+00 9.102892e-01 4.135701e-01 1.826192e-02 7.128390e+01 -1.842515e-02 -3.594298e-03 9.998238e-01 -2.780004e-01
4.630667e-01 -8.863071e-01 5.391999e-03 1.858359e+00 8.861382e-01 4.630857e-01 1.763224e-02 7.165462e+01 -1.812453e-02 -3.386846e-03 9.998300e-01 -2.852465e-01
5.117209e-01 -8.591217e-01 7.190060e-03 2.067399e+00 8.589473e-01 5.117638e-01 1.753460e-02 7.202381e+01 -1.874397e-02 -2.796942e-03 9.998204e-01 -2.997052e-01
5.566479e-01 -8.306006e-01 1.567944e-02 2.328240e+00 8.305102e-01 5.568411e-01 1.344487e-02 7.236152e+01 -1.989828e-02 5.537874e-03 9.997867e-01 -3.158632e-01
5.996866e-01 -7.998707e-01 2.414000e-02 2.652787e+00 7.999607e-01 5.999979e-01 8.077570e-03 7.267931e+01 -2.094496e-02 1.446704e-02 9.996759e-01 -3.071617e-01
6.423520e-01 -7.659916e-01 2.531461e-02 2.915527e+00 7.661601e-01 6.426355e-01 4.305139e-03 7.298916e+01 -1.956576e-02 1.662963e-02 9.996703e-01 -3.028753e-01
6.833239e-01 -7.298433e-01 1.993299e-02 3.241664e+00 7.300022e-01 6.834440e-01 -1.051296e-03 7.328926e+01 -1.285581e-02 1.526950e-02 9.998007e-01 -3.278590e-01
7.242581e-01 -6.894616e-01 9.647351e-03 3.528382e+00 6.895204e-01 7.242481e-01 -5.130952e-03 7.357285e+01 -3.449482e-03 1.036818e-02 9.999403e-01 -3.196285e-01
7.630130e-01 -6.463830e-01 4.305760e-04 3.916255e+00 6.463625e-01 7.629831e-01 -8.500289e-03 7.385323e+01 5.165920e-03 6.764140e-03 9.999638e-01 -3.329367e-01
8.001651e-01 -5.997747e-01 -2.499551e-03 4.271892e+00 5.997360e-01 8.001500e-01 -8.760681e-03 7.411487e+01 7.254450e-03 5.510920e-03 9.999585e-01 -3.297921e-01
8.341954e-01 -5.514504e-01 -4.534574e-03 4.681745e+00 5.513952e-01 8.341900e-01 -9.512686e-03 7.436403e+01 9.028470e-03 5.435097e-03 9.999444e-01 -3.287788e-01
8.645750e-01 -5.024579e-01 -6.796567e-03 5.168986e+00 5.023938e-01 8.645897e-01 -9.224858e-03 7.461363e+01 1.051134e-02 4.561028e-03 9.999344e-01 -3.245037e-01
8.907634e-01 -4.544191e-01 -6.618595e-03 5.613460e+00 4.543745e-01 8.907814e-01 -7.235023e-03 7.482777e+01 9.183454e-03 3.437373e-03 9.999519e-01 -2.914704e-01
9.120749e-01 -4.099496e-01 -7.790931e-03 6.127389e+00 4.099382e-01 9.121081e-01 -3.072190e-03 7.505043e+01 8.365613e-03 -3.917330e-04 9.999650e-01 -2.812271e-01
9.296607e-01 -3.682572e-01 -1.084861e-02 6.614536e+00 3.682971e-01 9.297063e-01 1.867101e-03 7.524215e+01 9.398443e-03 -5.731279e-03 9.999394e-01 -2.835515e-01
9.433582e-01 -3.316154e-01 -1.031620e-02 7.161485e+00 3.316722e-01 9.433847e-01 4.343316e-03 7.543513e+01 8.291831e-03 -7.518898e-03 9.999374e-01 -2.743070e-01
9.535939e-01 -3.009574e-01 -9.126142e-03 7.735879e+00 3.010109e-01 9.536067e-01 5.163646e-03 7.561449e+01 7.148712e-03 -7.671089e-03 9.999450e-01 -2.780798e-01
9.610022e-01 -2.763924e-01 -9.059132e-03 8.296190e+00 2.764500e-01 9.610105e-01 5.852680e-03 7.576617e+01 7.088285e-03 -8.128834e-03 9.999418e-01 -2.864861e-01
9.669385e-01 -2.549376e-01 -6.059117e-03 8.901217e+00 2.549699e-01 9.669343e-01 5.336830e-03 7.593097e+01 4.498209e-03 -6.705279e-03 9.999674e-01 -2.588547e-01
9.715871e-01 -2.366773e-01 -1.564657e-03 9.503195e+00 2.366825e-01 9.715608e-01 7.145668e-03 7.607346e+01 -1.710588e-04 -7.312966e-03 9.999732e-01 -2.564541e-01
9.752660e-01 -2.210277e-01 -1.755189e-03 1.013237e+01 2.210338e-01 9.752106e-01 1.040779e-02 7.622340e+01 -5.887307e-04 -1.053832e-02 9.999443e-01 -2.596248e-01
9.782318e-01 -2.075102e-01 -1.394350e-03 1.077369e+01 2.075117e-01 9.781576e-01 1.210474e-02 7.637044e+01 -1.147963e-03 -1.213059e-02 9.999258e-01 -2.735477e-01
9.808866e-01 -1.945779e-01 -9.593560e-04 1.143021e+01 1.945762e-01 9.808220e-01 1.132418e-02 7.649886e+01 -1.262478e-03 -1.129440e-02 9.999354e-01 -2.544849e-01
9.835268e-01 -1.807616e-01 -6.143411e-04 1.210842e+01 1.807575e-01 9.834675e-01 1.087968e-02 7.662479e+01 -1.362443e-03 -1.081150e-02 9.999406e-01 -2.461015e-01
9.860948e-01 -1.661840e-01 -1.386589e-04 1.280617e+01 1.661747e-01 9.860303e-01 1.140476e-02 7.674510e+01 -1.758566e-03 -1.126921e-02 9.999350e-01 -2.526082e-01
9.883592e-01 -1.521363e-01 -8.691521e-04 1.351145e+01 1.521341e-01 9.882683e-01 1.345379e-02 7.685352e+01 -1.187854e-03 -1.342941e-02 9.999091e-01 -2.567156e-01
9.902413e-01 -1.393579e-01 -1.273794e-03 1.423377e+01 1.393633e-01 9.901746e-01 1.149673e-02 7.695476e+01 -3.408813e-04 -1.156206e-02 9.999331e-01 -2.521242e-01
9.917526e-01 -1.280412e-01 -5.678474e-03 1.496107e+01 1.280996e-01 9.916945e-01 1.151420e-02 7.705400e+01 4.157019e-03 -1.214665e-02 9.999176e-01 -2.427714e-01
9.929278e-01 -1.183379e-01 -9.506629e-03 1.570555e+01 1.184245e-01 9.929211e-01 9.131779e-03 7.714015e+01 8.358696e-03 -1.019302e-02 9.999131e-01 -2.224096e-01
9.938683e-01 -1.101162e-01 -1.001383e-02 1.646041e+01 1.101975e-01 9.938778e-01 7.966994e-03 7.722836e+01 9.075223e-03 -9.021642e-03 9.999181e-01 -2.245157e-01
9.946105e-01 -1.035935e-01 -4.274325e-03 1.723285e+01 1.036253e-01 9.945838e-01 8.047880e-03 7.731130e+01 3.417466e-03 -8.447434e-03 9.999585e-01 -2.060166e-01
9.951024e-01 -9.880611e-02 2.932423e-03 1.800724e+01 9.876778e-02 9.950478e-01 1.117135e-02 7.739698e+01 -4.021699e-03 -1.082701e-02 9.999333e-01 -2.068131e-01
9.954943e-01 -9.462148e-02 6.156470e-03 1.879272e+01 9.454150e-02 9.954462e-01 1.219447e-02 7.747913e+01 -7.282293e-03 -1.155748e-02 9.999067e-01 -1.979720e-01
9.958147e-01 -9.120808e-02 5.844310e-03 1.955066e+01 9.114632e-02 9.957865e-01 1.008244e-02 7.755092e+01 -6.739285e-03 -9.507550e-03 9.999321e-01 -2.005435e-01
9.960936e-01 -8.810303e-02 5.944499e-03 2.031968e+01 8.802429e-02 9.960410e-01 1.241329e-02 7.762144e+01 -7.014613e-03 -1.184154e-02 9.999053e-01 -1.760231e-01
9.963298e-01 -8.529434e-02 7.201098e-03 2.108277e+01 8.520865e-02 9.962971e-01 1.146774e-02 7.768418e+01 -8.152567e-03 -1.081206e-02 9.999083e-01 -1.695771e-01
9.965144e-01 -8.290433e-02 9.262178e-03 2.185651e+01 8.279854e-02 9.965025e-01 1.127518e-02 7.774834e+01 -1.016454e-02 -1.046898e-02 9.998935e-01 -1.496795e-01
9.967523e-01 -7.980742e-02 1.075069e-02 2.263537e+01 7.972593e-02 9.967862e-01 7.807975e-03 7.780811e+01 -1.133927e-02 -6.925509e-03 9.999117e-01 -1.436847e-01
9.969882e-01 -7.718083e-02 7.598702e-03 2.340619e+01 7.710747e-02 9.969774e-01 9.514204e-03 7.787059e+01 -8.310049e-03 -8.899633e-03 9.999259e-01 -1.190801e-01
9.971502e-01 -7.544178e-02 3.195831e-04 2.417166e+01 7.543328e-02 9.970859e-01 1.137733e-02 7.793777e+01 -1.176978e-03 -1.132080e-02 9.999352e-01 -1.131096e-01
9.972721e-01 -7.365689e-02 -4.799091e-03 2.493015e+01 7.371069e-02 9.972049e-01 1.221017e-02 7.800333e+01 3.886314e-03 -1.253061e-02 9.999139e-01 -9.856597e-02
9.973601e-01 -7.218274e-02 -7.908653e-03 2.568531e+01 7.227628e-02 9.973093e-01 1.225929e-02 7.806377e+01 7.002464e-03 -1.279853e-02 9.998935e-01 -8.294130e-02
9.975156e-01 -7.008898e-02 -7.080975e-03 2.645430e+01 7.017863e-02 9.974455e-01 1.332298e-02 7.812427e+01 6.129092e-03 -1.378682e-02 9.998862e-01 -7.285006e-02
9.976775e-01 -6.793899e-02 -4.890194e-03 2.721970e+01 6.800628e-02 9.975685e-01 1.524159e-02 7.818214e+01 3.842805e-03 -1.553876e-02 9.998719e-01 -6.748228e-02
9.978278e-01 -6.586129e-02 -1.428330e-03 2.798092e+01 6.587601e-02 9.976867e-01 1.677735e-02 7.823985e+01 3.200475e-04 -1.683500e-02 9.998582e-01 -6.692265e-02
9.979877e-01 -6.340823e-02 1.247370e-04 2.875093e+01 6.340005e-02 9.978870e-01 1.421266e-02 7.828818e+01 -1.025673e-03 -1.417615e-02 9.998990e-01 -4.783574e-02
9.980705e-01 -6.208788e-02 5.689780e-04 2.950723e+01 6.207529e-02 9.979871e-01 1.297693e-02 7.833723e+01 -1.373543e-03 -1.291658e-02 9.999157e-01 -1.859554e-02
9.981342e-01 -6.104404e-02 1.337235e-03 3.026177e+01 6.102303e-02 9.980604e-01 1.231243e-02 7.838495e+01 -2.086242e-03 -1.220786e-02 9.999233e-01 -6.157123e-03
9.981948e-01 -6.005989e-02 -4.005152e-05 3.102057e+01 6.005618e-02 9.981253e-01 1.179929e-02 7.843468e+01 -6.686877e-04 -1.178040e-02 9.999304e-01 5.070039e-03
9.982504e-01 -5.911218e-02 -1.381574e-03 3.177392e+01 5.912348e-02 9.981951e-01 1.053747e-02 7.847921e+01 7.561878e-04 -1.060071e-02 9.999436e-01 7.196661e-03
9.982957e-01 -5.835111e-02 -9.245518e-04 3.254169e+01 5.835683e-02 9.982604e-01 8.398334e-03 7.852489e+01 4.328914e-04 -8.437974e-03 9.999643e-01 1.487228e-02
9.983239e-01 -5.787338e-02 -3.068545e-04 3.331565e+01 5.787348e-02 9.982711e-01 1.027068e-02 7.857627e+01 -2.880748e-04 -1.027122e-02 9.999472e-01 9.162294e-03
9.983275e-01 -5.780628e-02 -7.809608e-04 3.408700e+01 5.781149e-02 9.982563e-01 1.192035e-02 7.862380e+01 9.052817e-05 -1.194556e-02 9.999287e-01 1.861628e-02
9.982421e-01 -5.926563e-02 -4.768364e-04 3.486485e+01 5.926721e-02 9.981772e-01 1.138885e-02 7.867712e+01 -1.990000e-04 -1.139709e-02 9.999350e-01 2.585709e-02
9.981278e-01 -6.116256e-02 -1.686576e-04 3.565364e+01 6.116102e-02 9.980741e-01 1.036711e-02 7.872820e+01 -4.657464e-04 -1.035802e-02 9.999462e-01 4.471204e-02
9.979502e-01 -6.399498e-02 -9.244947e-05 3.644266e+01 6.399218e-02 9.978907e-01 1.091787e-02 7.878723e+01 -6.064347e-04 -1.090141e-02 9.999404e-01 5.175262e-02
9.977657e-01 -6.680746e-02 -5.910005e-04 3.723709e+01 6.680907e-02 9.976632e-01 1.430774e-02 7.885297e+01 -3.662438e-04 -1.431525e-02 9.998975e-01 5.795817e-02
9.976022e-01 -6.912003e-02 -3.491877e-03 3.803268e+01 6.916219e-02 9.975086e-01 1.389787e-02 7.891952e+01 2.522556e-03 -1.410606e-02 9.998973e-01 7.717536e-02
9.974251e-01 -7.139435e-02 -6.790475e-03 3.883352e+01 7.148491e-02 9.973408e-01 1.418744e-02 7.898360e+01 5.759515e-03 -1.463632e-02 9.998763e-01 9.478074e-02
9.972701e-01 -7.343393e-02 -7.729030e-03 3.966269e+01 7.353787e-02 9.971920e-01 1.415322e-02 7.904851e+01 6.668000e-03 -1.468296e-02 9.998699e-01 9.575123e-02
9.971207e-01 -7.551246e-02 -6.932270e-03 4.047368e+01 7.559808e-02 9.970529e-01 1.305415e-02 7.911854e+01 5.926089e-03 -1.354063e-02 9.998907e-01 9.356291e-02
9.969476e-01 -7.782804e-02 -6.193036e-03 4.131100e+01 7.790223e-02 9.968787e-01 1.280834e-02 7.918339e+01 5.176858e-03 -1.325170e-02 9.998988e-01 1.123833e-01
9.968103e-01 -7.961082e-02 -5.607367e-03 4.214775e+01 7.967683e-02 9.967393e-01 1.274249e-02 7.925305e+01 4.574644e-03 -1.314862e-02 9.999031e-01 1.475185e-01
9.967458e-01 -8.060823e-02 -3.386023e-04 4.298247e+01 8.060680e-02 9.966799e-01 1.147462e-02 7.932959e+01 -5.874707e-04 -1.146457e-02 9.999341e-01 1.392706e-01
9.966316e-01 -8.198370e-02 2.049178e-03 4.384621e+01 8.195524e-02 9.965707e-01 1.140873e-02 7.939942e+01 -2.977480e-03 -1.120236e-02 9.999328e-01 1.223249e-01
9.966896e-01 -8.120846e-02 3.879630e-03 4.469733e+01 8.117504e-02 9.966668e-01 8.110276e-03 7.947799e+01 -4.525322e-03 -7.768499e-03 9.999596e-01 1.357559e-01
9.968433e-01 -7.929746e-02 3.921309e-03 4.555991e+01 7.924968e-02 9.967927e-01 1.112267e-02 7.954325e+01 -4.790732e-03 -1.077679e-02 9.999304e-01 1.017181e-01
9.969825e-01 -7.755540e-02 3.319900e-03 4.641673e+01 7.751013e-02 9.969183e-01 1.209026e-02 7.961432e+01 -4.247334e-03 -1.179645e-02 9.999214e-01 1.166316e-01
9.971350e-01 -7.559631e-02 2.634301e-03 4.728108e+01 7.556820e-02 9.970953e-01 9.502284e-03 7.968652e+01 -3.344987e-03 -9.275991e-03 9.999514e-01 1.313428e-01
9.972586e-01 -7.397807e-02 1.576711e-03 4.815675e+01 7.396799e-02 9.972443e-01 5.700678e-03 7.974792e+01 -1.994091e-03 -5.568424e-03 9.999825e-01 1.494781e-01
9.973869e-01 -7.223485e-02 1.188724e-03 4.903591e+01 7.222588e-02 9.973680e-01 6.370476e-03 7.981067e+01 -1.645765e-03 -6.267974e-03 9.999790e-01 1.597129e-01
9.974602e-01 -7.112987e-02 3.710770e-03 4.990644e+01 7.111742e-02 9.974622e-01 3.385217e-03 7.987528e+01 -3.942143e-03 -3.112719e-03 9.999874e-01 1.712710e-01
9.975127e-01 -7.031901e-02 4.865042e-03 5.079071e+01 7.030976e-02 9.975231e-01 2.048960e-03 7.993563e+01 -4.997073e-03 -1.701804e-03 9.999861e-01 1.789570e-01
9.975823e-01 -6.930476e-02 5.150485e-03 5.165123e+01 6.930744e-02 9.975953e-01 -3.445729e-04 7.999616e+01 -5.114220e-03 7.007067e-04 9.999866e-01 1.917792e-01
9.976581e-01 -6.832616e-02 3.133998e-03 5.252972e+01 6.832435e-02 9.976629e-01 6.831718e-04 8.006250e+01 -3.173353e-03 -4.674435e-04 9.999949e-01 1.914033e-01
9.977168e-01 -6.753622e-02 -2.177761e-04 5.338693e+01 6.753657e-02 9.977109e-01 3.438400e-03 8.013385e+01 -1.493899e-05 -3.445258e-03 9.999940e-01 2.068254e-01
9.977515e-01 -6.653079e-02 -8.095154e-03 5.426747e+01 6.659546e-02 9.977480e-01 8.000350e-03 8.020729e+01 7.544653e-03 -8.521462e-03 9.999352e-01 2.287518e-01
9.977751e-01 -6.558312e-02 -1.198365e-02 5.511042e+01 6.573405e-02 9.977568e-01 1.266673e-02 8.027821e+01 1.112604e-02 -1.342629e-02 9.998479e-01 2.748088e-01
9.978333e-01 -6.459075e-02 -1.251730e-02 5.595440e+01 6.475186e-02 9.978177e-01 1.292343e-02 8.033465e+01 1.165525e-02 -1.370595e-02 9.998381e-01 2.875245e-01
9.978919e-01 -6.459153e-02 -6.303064e-03 5.681687e+01 6.464800e-02 9.978656e-01 9.210495e-03 8.038480e+01 5.694691e-03 -9.598559e-03 9.999377e-01 2.910379e-01
9.978705e-01 -6.519702e-02 -1.939761e-03 5.768987e+01 6.521286e-02 9.978241e-01 9.707591e-03 8.044896e+01 1.302634e-03 -9.813417e-03 9.999510e-01 2.942622e-01
9.977889e-01 -6.644198e-02 1.662605e-03 5.855674e+01 6.643937e-02 9.977892e-01 1.578128e-03 8.050794e+01 -1.763784e-03 -1.464176e-03 9.999974e-01 2.704193e-01
9.976465e-01 -6.856043e-02 -1.013301e-03 5.940416e+01 6.856391e-02 9.976390e-01 3.929817e-03 8.057120e+01 7.414786e-04 -3.990044e-03 9.999918e-01 2.822965e-01
9.975055e-01 -7.053711e-02 -2.710231e-03 6.024109e+01 7.053373e-02 9.975085e-01 -1.320920e-03 8.062463e+01 2.796653e-03 1.126462e-03 9.999955e-01 3.267159e-01
9.973235e-01 -7.306126e-02 -2.828483e-03 6.106882e+01 7.305119e-02 9.973220e-01 -3.510924e-03 8.069135e+01 3.077421e-03 3.294902e-03 9.999898e-01 3.274424e-01
9.971048e-01 -7.592231e-02 -4.219982e-03 6.190454e+01 7.591204e-02 9.971113e-01 -2.541952e-03 8.075771e+01 4.400782e-03 2.214245e-03 9.999878e-01 3.451005e-01
9.968585e-01 -7.902995e-02 -5.237535e-03 6.272342e+01 7.902758e-02 9.968722e-01 -6.596728e-04 8.083141e+01 5.273287e-03 2.436908e-04 9.999861e-01 3.588119e-01
9.965650e-01 -8.258382e-02 -6.180466e-03 6.352197e+01 8.257416e-02 9.965833e-01 -1.803478e-03 8.090950e+01 6.308287e-03 1.286936e-03 9.999793e-01 3.726626e-01
9.962963e-01 -8.563260e-02 -7.796349e-03 6.433601e+01 8.563755e-02 9.963263e-01 3.027759e-04 8.098379e+01 7.741780e-03 -9.693148e-04 9.999695e-01 4.099738e-01
9.959410e-01 -8.906390e-02 -1.300204e-02 6.515641e+01 8.912953e-02 9.960096e-01 4.557427e-03 8.107256e+01 1.254425e-02 -5.697794e-03 9.999051e-01 4.140889e-01
9.956200e-01 -9.256618e-02 -1.312797e-02 6.596959e+01 9.268827e-02 9.956543e-01 9.016152e-03 8.116341e+01 1.223633e-02 -1.019347e-02 9.998732e-01 4.343990e-01
9.952931e-01 -9.630996e-02 -1.076843e-02 6.678334e+01 9.642261e-02 9.952853e-01 1.048183e-02 8.125587e+01 9.708161e-03 -1.147081e-02 9.998871e-01 4.347596e-01
9.948952e-01 -1.007025e-01 -6.521597e-03 6.759222e+01 1.007704e-01 9.948478e-01 1.109388e-02 8.134171e+01 5.370816e-03 -1.169443e-02 9.999172e-01 4.326319e-01
9.944017e-01 -1.055651e-01 -4.617405e-03 6.840572e+01 1.056073e-01 9.943563e-01 1.012560e-02 8.142803e+01 3.522436e-03 -1.055654e-02 9.999381e-01 4.413132e-01
9.937267e-01 -1.117529e-01 -4.290753e-03 6.918729e+01 1.117996e-01 9.936473e-01 1.288330e-02 8.153533e+01 2.823749e-03 -1.328219e-02 9.999078e-01 4.681109e-01
9.930310e-01 -1.178311e-01 -2.285743e-03 6.997823e+01 1.178463e-01 9.929965e-01 8.376745e-03 8.162306e+01 1.282694e-03 -8.587733e-03 9.999623e-01 4.693950e-01
9.922948e-01 -1.238772e-01 -2.354791e-03 7.077097e+01 1.238953e-01 9.922383e-01 1.063160e-02 8.173746e+01 1.019501e-03 -1.084143e-02 9.999407e-01 4.932010e-01
9.915231e-01 -1.298895e-01 -3.244816e-03 7.154240e+01 1.299202e-01 9.914463e-01 1.244690e-02 8.185001e+01 1.600339e-03 -1.276296e-02 9.999173e-01 4.960453e-01
9.906576e-01 -1.362475e-01 -5.843662e-03 7.232370e+01 1.363287e-01 9.905174e-01 1.702030e-02 8.196154e+01 3.469275e-03 -1.765795e-02 9.998381e-01 5.059082e-01
9.898862e-01 -1.416810e-01 -7.205653e-03 7.308800e+01 1.417857e-01 9.897506e-01 1.704704e-02 8.208067e+01 4.716557e-03 -1.789629e-02 9.998287e-01 5.120875e-01
9.891139e-01 -1.469222e-01 -8.220466e-03 7.383450e+01 1.470631e-01 9.889144e-01 2.051278e-02 8.220311e+01 5.115554e-03 -2.149840e-02 9.997558e-01 5.325775e-01
9.883934e-01 -1.518231e-01 -5.316938e-03 7.461617e+01 1.518942e-01 9.882397e-01 1.761806e-02 8.232837e+01 2.579583e-03 -1.822118e-02 9.998307e-01 5.237404e-01
9.875311e-01 -1.574234e-01 -3.166860e-04 7.537443e+01 1.574024e-01 9.873621e-01 1.845485e-02 8.246051e+01 -2.592541e-03 -1.827458e-02 9.998296e-01 5.445895e-01
9.864877e-01 -1.638239e-01 1.957965e-03 7.612628e+01 1.637642e-01 9.863403e-01 1.772425e-02 8.258768e+01 -4.834874e-03 -1.716411e-02 9.998410e-01 5.600694e-01
9.853259e-01 -1.706809e-01 -9.203569e-04 7.688474e+01 1.706731e-01 9.851934e-01 1.627135e-02 8.272450e+01 -1.870479e-03 -1.618966e-02 9.998672e-01 5.846124e-01
9.837645e-01 -1.792436e-01 -8.903043e-03 7.763623e+01 1.793788e-01 9.836171e-01 1.790493e-02 8.286574e+01 5.547842e-03 -1.921126e-02 9.998000e-01 6.125281e-01
9.819429e-01 -1.888709e-01 -1.076621e-02 7.839127e+01 1.890342e-01 9.818235e-01 1.698955e-02 8.300678e+01 7.361689e-03 -1.871795e-02 9.997977e-01 6.365774e-01
9.798462e-01 -1.995436e-01 -9.156590e-03 7.914384e+01 1.996852e-01 9.796802e-01 1.877639e-02 8.316154e+01 5.223823e-03 -2.022641e-02 9.997818e-01 6.588473e-01
9.775379e-01 -2.107295e-01 -3.579165e-03 7.989932e+01 2.107599e-01 9.773833e-01 1.738111e-02 8.333263e+01 -1.644977e-04 -1.774504e-02 9.998425e-01 6.653371e-01
9.748879e-01 -2.226585e-01 4.100552e-03 8.065055e+01 2.225624e-01 9.747751e-01 1.672085e-02 8.351546e+01 -7.720156e-03 -1.538833e-02 9.998518e-01 6.517085e-01
9.721931e-01 -2.340057e-01 9.045788e-03 8.138678e+01 2.338730e-01 9.721709e-01 1.368076e-02 8.369774e+01 -1.199543e-02 -1.118478e-02 9.998655e-01 6.748954e-01
9.692790e-01 -2.459346e-01 3.802452e-03 8.211255e+01 2.458405e-01 9.691665e-01 1.669498e-02 8.389698e+01 -7.791081e-03 -1.524729e-02 9.998534e-01 6.723080e-01
9.661849e-01 -2.577597e-01 -6.827082e-03 8.283648e+01 2.578430e-01 9.660158e-01 1.817757e-02 8.409603e+01 1.909623e-03 -1.932321e-02 9.998115e-01 6.826657e-01
9.628444e-01 -2.698567e-01 -1.039330e-02 8.355405e+01 2.699832e-01 9.627674e-01 1.371537e-02 8.430743e+01 6.305150e-03 -1.601179e-02 9.998519e-01 6.932597e-01
9.593572e-01 -2.821369e-01 -5.701269e-03 8.427144e+01 2.821850e-01 9.592948e-01 1.118250e-02 8.452393e+01 2.314202e-03 -1.233682e-02 9.999212e-01 6.989620e-01
9.560000e-01 -2.933666e-01 2.129631e-04 8.498910e+01 2.933315e-01 9.558964e-01 1.478964e-02 8.474941e+01 -4.542358e-03 -1.407643e-02 9.998906e-01 7.050651e-01
9.522372e-01 -3.053062e-01 5.702534e-03 8.571593e+01 3.051838e-01 9.521568e-01 1.612931e-02 8.498553e+01 -1.035408e-02 -1.361861e-02 9.998537e-01 7.031510e-01
9.479613e-01 -3.183294e-01 5.971037e-03 8.642470e+01 3.182518e-01 9.479401e-01 1.119807e-02 8.521954e+01 -9.224861e-03 -8.715044e-03 9.999195e-01 7.173531e-01
