1.000000e+00 0.000000e+00 0.000000e+00 0.000000e+00 0.000000e+00 1.000000e+00 0.000000e+00 0.000000e+00 0.000000e+00 0.000000e+00 1.000000e+00 0.000000e+00
9.998769e-01 1.567391e-02 -7.664368e-04 1.007237e-01 -1.567293e-02 9.998764e-01 1.275816e-03 1.844739e-02 7.863391e-04 -1.263647e-03 9.999989e-01 8.135371e-03
9.993520e-01 3.599070e-02 -3.448630e-04 2.459230e-01 -3.598905e-02 9.993443e-01 3.962873e-03 8.199977e-03 4.872635e-04 -3.947894e-03 9.999921e-01 2.144885e-03
9.980491e-01 6.242516e-02 1.066721e-03 3.886710e-01 -6.243015e-02 9.980338e-01 5.564163e-03 -1.776693e-02 -7.172797e-04 -5.619903e-03 9.999840e-01 2.247829e-03
9.954126e-01 9.561410e-02 3.406256e-03 5.681943e-01 -9.563161e-02 9.954021e-01 5.414302e-03 -6.018650e-02 -2.872911e-03 -5.715211e-03 9.999796e-01 2.682938e-03
9.912123e-01 1.321687e-01 5.441677e-03 7.863452e-01 -1.321830e-01 9.912226e-01 2.351352e-03 -1.446297e-01 -5.083138e-03 -3.049986e-03 9.999824e-01 1.111133e-02
9.851148e-01 1.717890e-01 6.118746e-03 9.665778e-01 -1.717871e-01 9.851338e-01 -8.465642e-04 -1.764376e-01 -6.173213e-03 -2.171584e-04 9.999809e-01 2.125380e-02
9.765924e-01 2.149719e-01 7.372914e-03 1.191163e+00 -2.149706e-01 9.766200e-01 -9.789701e-04 -2.578825e-01 -7.410987e-03 -6.289045e-04 9.999723e-01 2.163090e-02
9.649661e-01 2.621818e-01 1.005511e-02 1.399110e+00 -2.621928e-01 9.650155e-01 -2.346427e-04 -3.365293e-01 -9.764860e-03 -2.409956e-03 9.999494e-01 1.283830e-02
9.508376e-01 3.092352e-01 1.677558e-02 1.646299e+00 -3.092153e-01 9.509844e-01 -3.828195e-03 -4.727678e-01 -1.713712e-02 -1.547275e-03 9.998519e-01 6.117675e-03
9.338717e-01 3.569116e-01 2.230713e-02 1.837671e+00 -3.566901e-01 9.341272e-01 -1.335940e-02 -5.589002e-01 -2.560582e-02 4.519234e-03 9.996619e-01 4.317314e-02
9.134116e-01 4.062893e-01 2.466461e-02 2.042887e+00 -4.059004e-01 9.137123e-01 -1.935689e-02 -7.214451e-01 -3.040085e-02 7.669431e-03 9.995084e-01 4.228681e-02
8.886889e-01 4.576237e-01 2.850698e-02 2.304469e+00 -4.571857e-01 8.891296e-01 -2.073112e-02 -8.928192e-01 -3.483345e-02 5.390536e-03 9.993786e-01 4.787804e-02
8.608259e-01 5.078113e-01 3.326306e-02 2.530069e+00 -5.073185e-01 8.614647e-01 -2.250587e-02 -1.046081e+00 -4.008370e-02 2.498673e-03 9.991932e-01 1.333391e-02
8.294493e-01 5.574685e-01 3.525298e-02 2.760308e+00 -5.567725e-01 8.301899e-01 -2.808891e-02 -1.267022e+00 -4.492535e-02 3.670433e-03 9.989836e-01 2.231521e-02
7.945325e-01 6.061969e-01 3.526311e-02 2.957372e+00 -6.052712e-01 7.952946e-01 -3.396011e-02 -1.480484e+00 -4.863108e-02 5.638666e-03 9.988009e-01 2.053437e-02
7.577720e-01 6.515714e-01 3.516242e-02 3.175154e+00 -6.504581e-01 7.585605e-01 -3.860369e-02 -1.739852e+00 -5.182588e-02 6.381109e-03 9.986358e-01 1.736952e-02
7.183354e-01 6.948762e-01 3.378328e-02 3.396354e+00 -6.936385e-01 7.190979e-01 -4.199922e-02 -2.036624e+00 -5.347774e-02 6.736139e-03 9.985463e-01 9.122522e-03
6.766778e-01 7.355170e-01 3.349463e-02 3.614504e+00 -7.342654e-01 6.774907e-01 -4.313547e-02 -2.332169e+00 -5.441917e-02 4.594867e-03 9.985076e-01 -9.764164e-03
6.345212e-01 7.720984e-01 3.531330e-02 3.849020e+00 -7.708783e-01 6.355031e-01 -4.338936e-02 -2.710626e+00 -5.594256e-02 3.092168e-04 9.984339e-01 -3.556807e-02
5.924203e-01 8.048270e-01 3.594001e-02 4.107852e+00 -8.036340e-01 5.935025e-01 -4.390112e-02 -3.053029e+00 -5.666329e-02 -2.874702e-03 9.983892e-01 -5.564526e-02
5.522927e-01 8.328726e-01 3.600057e-02 4.363422e+00 -8.316900e-01 5.534397e-01 -4.468023e-02 -3.463775e+00 -5.713709e-02 -5.264745e-03 9.983525e-01 -8.561510e-02
5.141423e-01 8.569435e-01 3.613342e-02 4.599109e+00 -8.557057e-01 5.153633e-01 -4.656934e-02 -3.918836e+00 -5.852912e-02 -6.976297e-03 9.982613e-01 -1.015416e-01
4.760425e-01 8.786529e-01 3.677912e-02 4.833974e+00 -8.774888e-01 4.773520e-01 -4.635216e-02 -4.322338e+00 -5.828405e-02 -1.020767e-02 9.982479e-01 -1.341027e-01
4.406701e-01 8.969499e-01 3.592731e-02 5.045899e+00 -8.958484e-01 4.419718e-01 -4.600782e-02 -4.769733e+00 -5.714556e-02 -1.191114e-02 9.982948e-01 -1.634692e-01
4.075842e-01 9.126139e-01 3.179703e-02 5.233425e+00 -9.115422e-01 4.086886e-01 -4.543632e-02 -5.252072e+00 -5.446090e-02 -1.046521e-02 9.984611e-01 -1.913871e-01
3.791508e-01 9.249542e-01 2.654379e-02 5.406916e+00 -9.239162e-01 3.800016e-01 -4.447178e-02 -5.748320e+00 -5.122104e-02 -7.662721e-03 9.986579e-01 -2.160679e-01
3.544125e-01 9.348023e-01 2.316588e-02 5.585088e+00 -9.338057e-01 3.551150e-01 -4.359435e-02 -6.265830e+00 -4.897864e-02 -6.182041e-03 9.987807e-01 -2.359964e-01
3.346761e-01 9.420991e-01 2.100373e-02 5.769450e+00 -9.411125e-01 3.352937e-01 -4.342029e-02 -6.842006e+00 -4.794864e-02 -5.235141e-03 9.988361e-01 -2.595910e-01
3.198478e-01 9.472590e-01 1.994310e-02 5.970062e+00 -9.462618e-01 3.204317e-01 -4.372768e-02 -7.429371e+00 -4.781184e-02 -4.885196e-03 9.988444e-01 -2.926114e-01
3.076919e-01 9.512947e-01 1.907874e-02 6.175785e+00 -9.502504e-01 3.082521e-01 -4.477445e-02 -8.073646e+00 -4.847476e-02 -4.352842e-03 9.988149e-01 -3.166600e-01
2.974426e-01 9.545252e-01 2.024255e-02 6.403091e+00 -9.534239e-01 2.980786e-01 -4.617498e-02 -8.750339e+00 -5.010904e-02 -5.565329e-03 9.987283e-01 -3.487917e-01
2.866395e-01 9.578002e-01 2.137084e-02 6.628048e+00 -9.566512e-01 2.873532e-01 -4.740098e-02 -9.452381e+00 -5.154165e-02 -6.857447e-03 9.986473e-01 -3.850508e-01
2.765607e-01 9.607468e-01 2.190976e-02 6.856553e+00 -9.595384e-01 2.773247e-01 -4.875747e-02 -1.018070e+01 -5.291970e-02 -7.538847e-03 9.985703e-01 -4.198161e-01
2.674206e-01 9.633033e-01 2.308802e-02 7.068923e+00 -9.620171e-01 2.682744e-01 -5.051785e-02 -1.089859e+01 -5.485793e-02 -8.701550e-03 9.984562e-01 -4.463014e-01
2.572372e-01 9.660697e-01 2.320693e-02 7.279452e+00 -9.647304e-01 2.581216e-01 -5.166050e-02 -1.166496e+01 -5.589785e-02 -9.099423e-03 9.983950e-01 -4.839270e-01
2.459781e-01 9.690000e-01 2.310908e-02 7.496316e+00 -9.676048e-01 2.468835e-01 -5.281870e-02 -1.244442e+01 -5.688657e-02 -9.368210e-03 9.983367e-01 -5.158623e-01
2.363909e-01 9.713458e-01 2.463481e-02 7.693204e+00 -9.697892e-01 2.374322e-01 -5.599165e-02 -1.321154e+01 -6.023635e-02 -1.065465e-02 9.981273e-01 -5.453886e-01
2.259446e-01 9.737711e-01 2.681152e-02 7.875075e+00 -9.719986e-01 2.271864e-01 -6.004220e-02 -1.400071e+01 -6.455857e-02 -1.249455e-02 9.978357e-01 -5.846220e-01
2.139260e-01 9.764639e-01 2.745740e-02 8.025467e+00 -9.744653e-01 2.152823e-01 -6.380495e-02 -1.482243e+01 -6.821432e-02 -1.310674e-02 9.975846e-01 -6.324886e-01
2.021961e-01 9.789456e-01 2.796969e-02 8.194495e+00 -9.768097e-01 2.036441e-01 -6.612008e-02 -1.560625e+01 -7.042383e-02 -1.395184e-02 9.974196e-01 -6.771744e-01
1.886460e-01 9.816579e-01 2.757566e-02 8.333981e+00 -9.794664e-01 1.901101e-01 -6.710962e-02 -1.641532e+01 -7.112110e-02 -1.434948e-02 9.973645e-01 -7.120985e-01
1.756237e-01 9.840659e-01 2.775777e-02 8.498671e+00 -9.819250e-01 1.771234e-01 -6.671167e-02 -1.720666e+01 -7.056523e-02 -1.553991e-02 9.973861e-01 -7.533463e-01
1.591070e-01 9.868793e-01 2.746601e-02 8.634301e+00 -9.847837e-01 1.606160e-01 -6.636037e-02 -1.800960e+01 -6.990115e-02 -1.648968e-02 9.974176e-01 -7.880268e-01
1.386088e-01 9.899294e-01 2.876900e-02 8.756864e+00 -9.879749e-01 1.402279e-01 -6.512973e-02 -1.884585e+01 -6.850804e-02 -1.939549e-02 9.974620e-01 -8.309088e-01
1.135888e-01 9.930615e-01 3.043991e-02 8.841299e+00 -9.912580e-01 1.153460e-01 -6.405511e-02 -1.965432e+01 -6.712178e-02 -2.289785e-02 9.974820e-01 -8.801126e-01
8.325601e-02 9.960111e-01 3.210140e-02 8.918242e+00 -9.943270e-01 8.516890e-02 -6.371894e-02 -2.050984e+01 -6.619880e-02 -2.661431e-02 9.974514e-01 -9.260210e-01
4.990798e-02 9.982067e-01 3.305451e-02 8.958874e+00 -9.966313e-01 5.193114e-02 -6.347576e-02 -2.138922e+01 -6.507848e-02 -2.977521e-02 9.974358e-01 -9.751643e-01
1.645482e-02 9.993223e-01 3.292883e-02 8.985603e+00 -9.978120e-01 1.852131e-02 -6.346805e-02 -2.222605e+01 -6.403492e-02 -3.181243e-02 9.974405e-01 -1.010406e+00
-1.778746e-02 9.993189e-01 3.233369e-02 8.959096e+00 -9.978861e-01 -1.572168e-02 -6.305762e-02 -2.309509e+01 -6.250633e-02 -3.338697e-02 9.974860e-01 -1.045073e+00
-5.047727e-02 9.981884e-01 3.274645e-02 8.938499e+00 -9.969157e-01 -4.838574e-02 -6.179157e-02 -2.394573e+01 -6.009515e-02 -3.576450e-02 9.975517e-01 -1.077216e+00
-8.320057e-02 9.959463e-01 3.419178e-02 8.859357e+00 -9.949224e-01 -8.106720e-02 -5.964855e-02 -2.479438e+01 -5.663492e-02 -3.898094e-02 9.976337e-01 -1.113889e+00
-1.135919e-01 9.930638e-01 3.035387e-02 8.762235e+00 -9.921581e-01 -1.117787e-01 -5.592896e-02 -2.563202e+01 -5.214811e-02 -3.646890e-02 9.979733e-01 -1.141143e+00
-1.453797e-01 9.890624e-01 2.490967e-02 8.641006e+00 -9.882526e-01 -1.439692e-01 -5.128149e-02 -2.648089e+01 -4.713437e-02 -3.207233e-02 9.983735e-01 -1.160158e+00
-1.758816e-01 9.842357e-01 1.859957e-02 8.462746e+00 -9.835303e-01 -1.748936e-01 -4.561355e-02 -2.731455e+01 -4.164154e-02 -2.631582e-02 9.987860e-01 -1.182309e+00
-2.047491e-01 9.787291e-01 1.291263e-02 8.283092e+00 -9.781210e-01 -2.040899e-01 -4.032874e-02 -2.815193e+01 -3.683558e-02 -2.088740e-02 9.991030e-01 -1.205681e+00
-2.317270e-01 9.727702e-01 4.570565e-03 8.058945e+00 -9.722422e-01 -2.314397e-01 -3.436343e-02 -2.900950e+01 -3.236991e-02 -1.240663e-02 9.993989e-01 -1.234703e+00
-2.582344e-01 9.660822e-01 -3.536731e-04 7.830798e+00 -9.657845e-01 -2.581639e-01 -2.472718e-02 -2.985557e+01 -2.397979e-02 -6.043837e-03 9.996942e-01 -1.243062e+00
-2.833730e-01 9.590090e-01 -1.347389e-03 7.548317e+00 -9.589562e-01 -2.833717e-01 -1.018254e-02 -3.068200e+01 -1.014696e-02 -1.593370e-03 9.999472e-01 -1.240263e+00
-3.085976e-01 9.511873e-01 3.263059e-03 7.310835e+00 -9.511672e-01 -3.086126e-01 6.289390e-03 -3.144612e+01 6.989407e-03 -1.162825e-03 9.999749e-01 -1.214007e+00
-3.334496e-01 9.427158e-01 9.929842e-03 7.023820e+00 -9.424968e-01 -3.335878e-01 2.047676e-02 -3.225143e+01 2.261624e-02 -2.530883e-03 9.997410e-01 -1.186127e+00
-3.576000e-01 9.338080e-01 1.116227e-02 6.721803e+00 -9.333012e-01 -3.577737e-01 3.076971e-02 -3.299134e+01 3.272657e-02 5.854908e-04 9.994642e-01 -1.150430e+00
-3.817956e-01 9.241962e-01 9.671262e-03 6.424531e+00 -9.235419e-01 -3.818922e-01 3.505491e-02 -3.377538e+01 3.609099e-02 4.451994e-03 9.993386e-01 -1.110306e+00
-4.040977e-01 9.146770e-01 8.438339e-03 6.059792e+00 -9.140675e-01 -4.041413e-01 3.391906e-02 -3.452842e+01 3.443526e-02 5.993399e-03 9.993889e-01 -1.067461e+00
-4.252448e-01 9.050729e-01 3.159459e-03 5.721160e+00 -9.046158e-01 -4.251364e-01 3.048380e-02 -3.529738e+01 2.893326e-02 1.010498e-02 9.995303e-01 -1.046544e+00
-4.434143e-01 8.963077e-01 -4.062851e-03 5.352115e+00 -8.959914e-01 -4.431267e-01 2.895571e-02 -3.604869e+01 2.415286e-02 1.647965e-02 9.995725e-01 -1.023232e+00
-4.574015e-01 8.892267e-01 -7.702376e-03 4.965961e+00 -8.889778e-01 -4.570210e-01 2.915315e-02 -3.676335e+01 2.240361e-02 2.018194e-02 9.995453e-01 -9.749361e-01
-4.692984e-01 8.829957e-01 -8.813812e-03 4.595532e+00 -8.827011e-01 -4.688187e-01 3.237090e-02 -3.750632e+01 2.445129e-02 2.297157e-02 9.994370e-01 -9.109702e-01
-4.789814e-01 8.777838e-01 -8.508242e-03 4.195645e+00 -8.774339e-01 -4.784563e-01 3.448528e-02 -3.820537e+01 2.619980e-02 2.398323e-02 9.993690e-01 -8.676339e-01
-4.891828e-01 8.721799e-01 -1.422765e-03 3.811695e+00 -8.717127e-01 -4.888660e-01 3.356675e-02 -3.890720e+01 2.858070e-02 1.766052e-02 9.994355e-01 -8.066356e-01
-5.005848e-01 8.656872e-01 -8.038525e-04 3.415489e+00 -8.652344e-01 -5.002925e-01 3.281606e-02 -3.964794e+01 2.800628e-02 1.712274e-02 9.994611e-01 -8.243052e-01
-5.090073e-01 8.607605e-01 -1.717482e-03 2.986179e+00 -8.603018e-01 -5.086688e-01 3.371778e-02 -4.031530e+01 2.814930e-02 1.864015e-02 9.994299e-01 -7.815720e-01
-5.167286e-01 8.561384e-01 -4.324590e-03 2.566217e+00 -8.556535e-01 -5.162508e-01 3.663930e-02 -4.100842e+01 2.913574e-02 2.263292e-02 9.993192e-01 -7.325938e-01
-5.207925e-01 8.536801e-01 -2.458187e-03 2.150420e+00 -8.530753e-01 -5.203105e-01 3.924269e-02 -4.170822e+01 3.222167e-02 2.253431e-02 9.992267e-01 -6.944429e-01
-5.201931e-01 8.540484e-01 -4.626167e-04 1.710636e+00 -8.533605e-01 -5.197521e-01 4.041576e-02 -4.242744e+01 3.427658e-02 2.141878e-02 9.991828e-01 -6.478630e-01
-5.173068e-01 8.557963e-01 -2.487837e-03 1.276838e+00 -8.551202e-01 -5.167779e-01 4.135263e-02 -4.316324e+01 3.410377e-02 2.351940e-02 9.991415e-01 -6.177000e-01
-5.116777e-01 8.591759e-01 -1.780100e-03 8.485656e-01 -8.585053e-01 -5.111942e-01 4.061452e-02 -4.394068e+01 3.398503e-02 2.230976e-02 9.991733e-01 -5.894192e-01
-5.046710e-01 8.633117e-01 -5.307555e-04 4.192585e-01 -8.626347e-01 -5.042506e-01 3.990839e-02 -4.472870e+01 3.418574e-02 2.059845e-02 9.992032e-01 -5.427112e-01
-4.975946e-01 8.674099e-01 -9.280682e-05 -1.601219e-02 -8.667288e-01 -4.971997e-01 3.967461e-02 -4.553739e+01 3.436801e-02 1.982230e-02 9.992126e-01 -5.102724e-01
-4.912212e-01 8.710335e-01 1.553995e-03 -4.408627e-01 -8.703415e-01 -4.909005e-01 3.901901e-02 -4.637244e+01 3.474972e-02 1.781446e-02 9.992372e-01 -4.634261e-01
-4.863998e-01 8.737189e-01 5.547276e-03 -8.947551e-01 -8.730347e-01 -4.862537e-01 3.698599e-02 -4.719823e+01 3.501274e-02 1.314701e-02 9.993004e-01 -4.115256e-01
-4.846473e-01 8.746487e-01 1.031159e-02 -1.361104e+00 -8.740126e-01 -4.846979e-01 3.419846e-02 -4.805203e+01 3.490965e-02 7.561728e-03 9.993619e-01 -3.691474e-01
-4.852563e-01 8.742959e-01 1.152424e-02 -1.806155e+00 -8.737140e-01 -4.853603e-01 3.239271e-02 -4.892187e+01 3.391423e-02 5.649881e-03 9.994088e-01 -3.246464e-01
-4.863727e-01 8.736653e-01 1.226619e-02 -2.261500e+00 -8.731189e-01 -4.865068e-01 3.121594e-02 -4.978675e+01 3.323987e-02 4.472744e-03 9.994374e-01 -2.811836e-01
-4.865175e-01 8.735955e-01 1.147187e-02 -2.758873e+00 -8.730578e-01 -4.866261e-01 3.106642e-02 -5.067151e+01 3.272199e-02 5.098757e-03 9.994515e-01 -2.539639e-01
-4.864696e-01 8.736237e-01 1.137142e-02 -3.259185e+00 -8.731054e-01 -4.865777e-01 3.048301e-02 -5.155797e+01 3.216375e-02 4.900600e-03 9.994706e-01 -2.161903e-01
-4.862787e-01 8.737358e-01 1.089956e-02 -3.763984e+00 -8.732348e-01 -4.863743e-01 3.001797e-02 -5.244754e+01 3.152904e-02 5.079226e-03 9.994899e-01 -1.764368e-01
-4.862779e-01 8.737314e-01 1.128630e-02 -4.275447e+00 -8.732392e-01 -4.863874e-01 2.967802e-02 -5.336046e+01 3.142013e-02 4.576123e-03 9.994958e-01 -1.271646e-01
-4.863812e-01 8.736658e-01 1.190638e-02 -4.755224e+00 -8.732020e-01 -4.865139e-01 2.868523e-02 -5.426771e+01 3.085392e-02 3.555276e-03 9.995176e-01 -9.496785e-02
-4.865545e-01 8.735693e-01 1.189969e-02 -5.252267e+00 -8.731149e-01 -4.866880e-01 2.837837e-02 -5.518855e+01 3.058190e-02 3.417824e-03 9.995264e-01 -5.277621e-02
-4.859467e-01 8.739003e-01 1.242468e-02 -5.739673e+00 -8.734597e-01 -4.860981e-01 2.787730e-02 -5.609869e+01 3.040159e-02 2.694424e-03 9.995341e-01 -1.728652e-02
-4.847442e-01 8.745749e-01 1.192909e-02 -6.235244e+00 -8.741771e-01 -4.848849e-01 2.648615e-02 -5.700080e+01 2.894836e-02 2.410865e-03 9.995780e-01 2.787006e-02
-4.823794e-01 8.758948e-01 1.087600e-02 -6.748199e+00 -8.755552e-01 -4.824965e-01 2.449751e-02 -5.792315e+01 2.670488e-02 2.294562e-03 9.996407e-01 8.620094e-02
-4.799834e-01 8.772231e-01 9.792377e-03 -7.231139e+00 -8.769169e-01 -4.800762e-01 2.332441e-02 -5.881146e+01 2.516180e-02 2.608227e-03 9.996800e-01 1.273316e-01
-4.774503e-01 8.786041e-01 9.797805e-03 -7.733395e+00 -8.783087e-01 -4.775451e-01 2.289602e-02 -5.971053e+01 2.479543e-02 2.326215e-03 9.996898e-01 1.687130e-01
-4.749982e-01 8.799363e-01 9.422693e-03 -8.229080e+00 -8.796357e-01 -4.750839e-01 2.315634e-02 -6.060966e+01 2.485267e-02 2.710683e-03 9.996874e-01 2.120018e-01
-4.739975e-01 8.804741e-01 9.595000e-03 -8.702082e+00 -8.801679e-01 -4.740872e-01 2.336862e-02 -6.149578e+01 2.512433e-02 2.631456e-03 9.996809e-01 2.518699e-01
-4.746236e-01 8.801180e-01 1.115928e-02 -9.172873e+00 -8.797876e-01 -4.747518e-01 2.417281e-02 -6.240570e+01 2.657281e-02 1.655189e-03 9.996455e-01 3.062664e-01
-4.776893e-01 8.784270e-01 1.338509e-02 -9.629375e+00 -8.780562e-01 -4.778765e-01 2.552701e-02 -6.329932e+01 2.882004e-02 4.411169e-04 9.995845e-01 3.566012e-01
-4.821111e-01 8.759872e-01 1.468399e-02 -1.009548e+01 -8.756159e-01 -4.823344e-01 2.550907e-02 -6.418769e+01 2.942821e-02 -5.593316e-04 9.995667e-01 4.056456e-01
-4.881177e-01 8.726628e-01 1.416414e-02 -1.057707e+01 -8.723438e-01 -4.883225e-01 2.360688e-02 -6.507708e+01 2.751752e-02 -8.330619e-04 9.996210e-01 4.502673e-01
-4.937873e-01 8.695366e-01 8.953946e-03 -1.106198e+01 -8.692829e-01 -4.938613e-01 2.117396e-02 -6.596905e+01 2.283354e-02 2.671919e-03 9.997357e-01 4.943615e-01
-4.990300e-01 8.665151e-01 1.097290e-02 -1.155651e+01 -8.663039e-01 -4.991506e-01 1.912802e-02 -6.685062e+01 2.205185e-02 3.959225e-05 9.997568e-01 5.296742e-01
-5.043072e-01 8.634477e-01 1.151309e-02 -1.204393e+01 -8.631991e-01 -5.044383e-01 2.072500e-02 -6.770210e+01 2.370260e-02 5.136773e-04 9.997189e-01 5.861583e-01
-5.097448e-01 8.602358e-01 1.242926e-02 -1.254207e+01 -8.599510e-01 -5.098959e-01 2.214306e-02 -6.852130e+01 2.538588e-02 5.987511e-04 9.996775e-01 6.317553e-01
-5.148027e-01 8.571973e-01 1.382778e-02 -1.304120e+01 -8.569205e-01 -5.149879e-01 2.179176e-02 -6.938770e+01 2.580098e-02 -6.308577e-04 9.996669e-01 6.667064e-01
-5.186740e-01 8.548417e-01 1.492951e-02 -1.352299e+01 -8.545668e-01 -5.188867e-01 2.173051e-02 -7.021442e+01 2.632287e-02 -1.487211e-03 9.996524e-01 7.121867e-01
-5.217946e-01 8.529465e-01 1.458403e-02 -1.403372e+01 -8.527150e-01 -5.219944e-01 1.997422e-02 -7.102734e+01 2.464973e-02 -2.013579e-03 9.996941e-01 7.696674e-01
-5.241700e-01 8.515649e-01 9.122179e-03 -1.455684e+01 -8.514506e-01 -5.242492e-01 1.395818e-02 -7.186725e+01 1.666859e-02 -4.506251e-04 9.998609e-01 8.058472e-01
-5.262102e-01 8.503463e-01 3.744205e-03 -1.506216e+01 -8.503268e-01 -5.262235e-01 5.757302e-03 -7.268124e+01 6.865989e-03 -1.542473e-04 9.999764e-01 8.269554e-01
-5.277224e-01 8.494139e-01 2.379312e-03 -1.558266e+01 -8.494100e-01 -5.277272e-01 2.644312e-03 -7.352448e+01 3.501743e-03 -6.255489e-04 9.999937e-01 8.517947e-01
-5.287695e-01 8.487524e-01 4.773679e-03 -1.607640e+01 -8.487059e-01 -5.287906e-01 8.909116e-03 -7.432535e+01 1.008591e-02 6.594175e-04 9.999489e-01 8.602680e-01
-5.296839e-01 8.481527e-01 8.481553e-03 -1.659356e+01 -8.480424e-01 -5.297519e-01 1.367558e-02 -7.513699e+01 1.609210e-02 5.101830e-05 9.998705e-01 9.095113e-01
-5.299159e-01 8.480446e-01 3.082402e-03 -1.710872e+01 -8.478828e-01 -5.298800e-01 1.794595e-02 -7.594438e+01 1.685227e-02 6.896328e-03 9.998342e-01 9.166021e-01
-5.301206e-01 8.479224e-01 -5.993158e-05 -1.760659e+01 -8.477685e-01 -5.300230e-01 1.909366e-02 -7.673418e+01 1.615818e-02 1.017275e-02 9.998177e-01 9.465167e-01
-5.297593e-01 8.481472e-01 -1.061241e-03 -1.811572e+01 -8.480479e-01 -5.296773e-01 1.601538e-02 -7.756274e+01 1.302129e-02 9.384284e-03 9.998712e-01 9.904326e-01
-5.292078e-01 8.484912e-01 -1.420099e-03 -1.863295e+01 -8.484381e-01 -5.291544e-01 1.218921e-02 -7.839906e+01 9.590988e-03 7.655493e-03 9.999247e-01 1.013978e+00
-5.284945e-01 8.489320e-01 -2.857731e-03 -1.911860e+01 -8.489283e-01 -5.284711e-01 6.246221e-03 -7.919054e+01 3.792388e-03 5.727102e-03 9.999764e-01 1.039008e+00
-5.276605e-01 8.494444e-01 4.359055e-03 -1.961424e+01 -8.494515e-01 -5.276669e-01 3.812910e-04 -8.002359e+01 2.624014e-03 -3.501613e-03 9.999904e-01 1.076547e+00
-5.264513e-01 8.501461e-01 1.002140e-02 -2.008559e+01 -8.502033e-01 -5.264385e-01 -4.093296e-03 -8.081678e+01 1.795749e-03 -1.067515e-02 9.999414e-01 1.081507e+00
-5.248924e-01 8.511408e-01 6.896237e-03 -2.057776e+01 -8.511687e-01 -5.248790e-01 -3.777348e-03 -8.162413e+01 4.046350e-04 -7.852561e-03 9.999691e-01 1.098319e+00
-5.218103e-01 8.530564e-01 2.991342e-03 -2.107454e+01 -8.530612e-01 -5.218105e-01 -7.893094e-04 -8.243182e+01 8.875878e-04 -2.963667e-03 9.999952e-01 1.112469e+00
-5.164777e-01 8.562950e-01 3.116114e-03 -2.155256e+01 -8.562933e-01 -5.164850e-01 2.273665e-03 -8.322506e+01 3.556354e-03 -1.494010e-03 9.999925e-01 1.140536e+00
-5.087540e-01 8.609087e-01 -2.452964e-03 -2.202748e+01 -8.609071e-01 -5.087390e-01 4.904540e-03 -8.401254e+01 2.974443e-03 4.606977e-03 9.999850e-01 1.155611e+00
-5.002447e-01 8.658356e-01 -9.182832e-03 -2.253095e+01 -8.658816e-01 -5.001888e-01 7.772711e-03 -8.483554e+01 2.136740e-03 1.183950e-02 9.999276e-01 1.174211e+00
-4.904870e-01 8.714129e-01 -7.860669e-03 -2.297687e+01 -8.714426e-01 -4.904312e-01 8.044794e-03 -8.563881e+01 3.155219e-03 1.079599e-02 9.999368e-01 1.181604e+00
-4.794495e-01 8.775429e-01 -6.850445e-03 -2.341929e+01 -8.775674e-01 -4.794158e-01 6.023217e-03 -8.646531e+01 2.001419e-03 8.899553e-03 9.999584e-01 1.179805e+00
-4.683908e-01 8.834635e-01 -1.011233e-02 -2.383191e+01 -8.835203e-01 -4.683775e-01 3.803421e-03 -8.725027e+01 -1.376203e-03 1.071594e-02 9.999416e-01 1.184291e+00
-4.568654e-01 8.894769e-01 -1.025784e-02 -2.426809e+01 -8.895333e-01 -4.568623e-01 2.785920e-03 -8.808302e+01 -2.208409e-03 1.039748e-02 9.999435e-01 1.197233e+00
-4.451668e-01 8.953869e-01 -1.040309e-02 -2.468002e+01 -8.954428e-01 -4.451718e-01 1.962031e-03 -8.894042e+01 -2.874389e-03 1.018881e-02 9.999440e-01 1.209849e+00
-4.330980e-01 9.012281e-01 -1.462291e-02 -2.506868e+01 -9.013439e-01 -4.330808e-01 4.487110e-03 -8.973525e+01 -2.288991e-03 1.512363e-02 9.998830e-01 1.213639e+00
-4.211618e-01 9.069102e-01 -1.169356e-02 -2.544982e+01 -9.069849e-01 -4.211111e-01 6.617925e-03 -9.057496e+01 1.077574e-03 1.339310e-02 9.999097e-01 1.249401e+00
-4.100846e-01 9.119806e-01 -1.106707e-02 -2.579877e+01 -9.119869e-01 -4.098871e-01 1.651405e-02 -9.134615e+01 1.052424e-02 1.686517e-02 9.998024e-01 1.265153e+00
-3.974391e-01 9.175752e-01 -9.883965e-03 -2.615144e+01 -9.174913e-01 -3.971705e-01 2.156603e-02 -9.218130e+01 1.586283e-02 1.763964e-02 9.997185e-01 1.294845e+00
-3.852564e-01 9.227238e-01 -1.258062e-02 -2.651265e+01 -9.227052e-01 -3.849721e-01 2.029074e-02 -9.306577e+01 1.387956e-02 1.942534e-02 9.997150e-01 1.285048e+00
-3.734938e-01 9.275221e-01 -1.432121e-02 -2.684600e+01 -9.275845e-01 -3.732725e-01 1.595705e-02 -9.392576e+01 9.454800e-03 1.924400e-02 9.997701e-01 1.325698e+00
-3.631170e-01 9.316818e-01 -1.074807e-02 -2.717322e+01 -9.316766e-01 -3.629280e-01 1.619590e-02 -9.478506e+01 1.118865e-02 1.589473e-02 9.998111e-01 1.356383e+00
-3.557262e-01 9.345769e-01 -4.999546e-03 -2.749703e+01 -9.344199e-01 -3.555541e-01 2.099886e-02 -9.565525e+01 1.784744e-02 1.214152e-02 9.997670e-01 1.379948e+00
-3.502547e-01 9.366532e-01 1.624316e-03 -2.779736e+01 -9.363002e-01 -3.501692e-01 2.690190e-02 -9.651725e+01 2.576653e-02 7.901663e-03 9.996368e-01 1.424405e+00
-3.469520e-01 9.378708e-01 4.731517e-03 -2.811199e+01 -9.374567e-01 -3.469421e-01 2.839001e-02 -9.737161e+01 2.826772e-02 5.414381e-03 9.995857e-01 1.442422e+00
-3.430339e-01 9.393116e-01 4.654597e-03 -2.842035e+01 -9.388970e-01 -3.430233e-01 2.841904e-02 -9.822252e+01 2.829096e-02 5.378504e-03 9.995853e-01 1.486059e+00
-3.379564e-01 9.411430e-01 5.939239e-03 -2.871945e+01 -9.407362e-01 -3.379866e-01 2.793317e-02 -9.907729e+01 2.829649e-02 3.852936e-03 9.995921e-01 1.559082e+00
-3.322235e-01 9.431708e-01 7.516711e-03 -2.900711e+01 -9.428722e-01 -3.323076e-01 2.374787e-02 -9.992271e+01 2.489616e-02 8.023025e-04 9.996897e-01 1.593848e+00
-3.266798e-01 9.451068e-01 7.339906e-03 -2.929513e+01 -9.448640e-01 -3.267622e-01 2.142081e-02 -1.007643e+02 2.264335e-02 6.252921e-05 9.997436e-01 1.638599e+00
-3.205048e-01 9.472309e-01 5.505254e-03 -2.958043e+01 -9.470294e-01 -3.205503e-01 1.956412e-02 -1.016445e+02 2.029645e-02 1.056757e-03 9.997935e-01 1.655775e+00
-3.142993e-01 9.492757e-01 9.565241e-03 -2.985587e+01 -9.490938e-01 -3.144290e-01 1.884599e-02 -1.025076e+02 2.089763e-02 -3.155028e-03 9.997767e-01 1.685082e+00
-3.082315e-01 9.510440e-01 2.255015e-02 -3.009905e+01 -9.510152e-01 -3.086404e-01 1.763989e-02 -1.033437e+02 2.373620e-02 -1.600836e-02 9.995901e-01 1.720928e+00
-3.018787e-01 9.531806e-01 1.777439e-02 -3.034554e+01 -9.529700e-01 -3.022308e-01 2.246236e-02 -1.041409e+02 2.678265e-02 -1.015755e-02 9.995897e-01 1.745464e+00
-2.952862e-01 9.551881e-01 2.054114e-02 -3.060358e+01 -9.549772e-01 -2.957308e-01 2.370498e-02 -1.049859e+02 2.871737e-02 -1.261657e-02 9.995080e-01 1.821942e+00
-2.883106e-01 9.573197e-01 2.040321e-02 -3.086859e+01 -9.571350e-01 -2.887416e-01 2.282988e-02 -1.058560e+02 2.774675e-02 -1.294653e-02 9.995311e-01 1.872487e+00
-2.810673e-01 9.595259e-01 1.765075e-02 -3.112462e+01 -9.594179e-01 -2.813771e-01 1.856218e-02 -1.067327e+02 2.277740e-02 -1.171722e-02 9.996719e-01 1.858388e+00
-2.737211e-01 9.616681e-01 1.647255e-02 -3.137372e+01 -9.615988e-01 -2.739793e-01 1.622541e-02 -1.076014e+02 2.011660e-02 -1.139874e-02 9.997327e-01 1.883682e+00
-2.670751e-01 9.634649e-01 2.016714e-02 -3.161261e+01 -9.633978e-01 -2.674422e-01 1.842867e-02 -1.084606e+02 2.314892e-02 -1.450714e-02 9.996268e-01 1.937844e+00
-2.606653e-01 9.651532e-01 2.308251e-02 -3.183344e+01 -9.650255e-01 -2.611731e-01 2.267596e-02 -1.093181e+02 2.791431e-02 -1.636437e-02 9.994764e-01 1.981150e+00
-2.540629e-01 9.669095e-01 2.319573e-02 -3.204784e+01 -9.667808e-01 -2.545786e-01 2.290569e-02 -1.101655e+02 2.805286e-02 -1.660570e-02 9.994685e-01 2.004544e+00
-2.472006e-01 9.686455e-01 2.485908e-02 -3.226198e+01 -9.685910e-01 -2.477362e-01 2.141180e-02 -1.110363e+02 2.689893e-02 -1.878527e-02 9.994617e-01 2.059892e+00
-2.393099e-01 9.706635e-01 2.330939e-02 -3.247417e+01 -9.705843e-01 -2.398053e-01 2.144541e-02 -1.118932e+02 2.640599e-02 -1.749163e-02 9.994982e-01 2.115120e+00
-2.315409e-01 9.726146e-01 2.023277e-02 -3.268213e+01 -9.724670e-01 -2.319698e-01 2.231020e-02 -1.127560e+02 2.639262e-02 -1.450998e-02 9.995463e-01 2.168446e+00
-2.247132e-01 9.742412e-01 1.892477e-02 -3.288792e+01 -9.740726e-01 -2.251120e-01 2.252476e-02 -1.136388e+02 2.620474e-02 -1.337249e-02 9.995672e-01 2.218169e+00
-2.183775e-01 9.755373e-01 2.526743e-02 -3.305276e+01 -9.755130e-01 -2.189205e-01 2.117275e-02 -1.144816e+02 2.618636e-02 -2.002505e-02 9.994565e-01 2.260442e+00
-2.122812e-01 9.767880e-01 2.867229e-02 -3.323345e+01 -9.769122e-01 -2.128482e-01 1.839509e-02 -1.153610e+02 2.407094e-02 -2.410537e-02 9.994196e-01 2.297221e+00
-2.076112e-01 9.779048e-01 2.449724e-02 -3.341943e+01 -9.778998e-01 -2.081122e-01 2.004116e-02 -1.162512e+02 2.469652e-02 -1.979507e-02 9.994990e-01 2.321552e+00
-2.033496e-01 9.788331e-01 2.311936e-02 -3.358879e+01 -9.787990e-01 -2.038206e-01 2.023992e-02 -1.170922e+02 2.452371e-02 -1.851343e-02 9.995278e-01 2.354712e+00
-1.983835e-01 9.798649e-01 2.255469e-02 -3.377799e+01 -9.797944e-01 -1.988612e-01 2.137979e-02 -1.179970e+02 2.543456e-02 -1.785756e-02 9.995170e-01 2.383411e+00
-1.927956e-01 9.810894e-01 1.713504e-02 -3.395361e+01 -9.809570e-01 -1.931294e-01 2.060338e-02 -1.188493e+02 2.352304e-02 -1.283649e-02 9.996409e-01 2.416799e+00
-1.877210e-01 9.822000e-01 6.626070e-03 -3.412901e+01 -9.819757e-01 -1.878208e-01 2.114127e-02 -1.197276e+02 2.200947e-02 -2.537979e-03 9.997545e-01 2.416061e+00
-1.825950e-01 9.831836e-01 3.030788e-03 -3.430397e+01 -9.829748e-01 -1.826187e-01 2.027437e-02 -1.206323e+02 2.048690e-02 7.228072e-04 9.997898e-01 2.460416e+00
-1.788398e-01 9.838565e-01 6.550090e-03 -3.443623e+01 -9.836151e-01 -1.789420e-01 2.193728e-02 -1.214780e+02 2.275522e-02 -2.519511e-03 9.997379e-01 2.488498e+00
-1.752515e-01 9.844833e-01 8.925403e-03 -3.457922e+01 -9.842261e-01 -1.754142e-01 2.299760e-02 -1.223487e+02 2.420639e-02 -4.754252e-03 9.996957e-01 2.523025e+00
-1.735971e-01 9.847434e-01 1.201820e-02 -3.472400e+01 -9.845395e-01 -1.738248e-01 2.160248e-02 -1.232409e+02 2.336196e-02 -8.082267e-03 9.996944e-01 2.564372e+00
-1.729282e-01 9.848611e-01 1.201967e-02 -3.486144e+01 -9.846742e-01 -1.731502e-01 2.087880e-02 -1.240988e+02 2.264392e-02 -8.224929e-03 9.997098e-01 2.595325e+00
-1.719532e-01 9.850603e-01 9.403410e-03 -3.501648e+01 -9.849387e-01 -1.720918e-01 1.674312e-02 -1.249926e+02 1.811123e-02 -6.382750e-03 9.998156e-01 2.623359e+00
-1.712893e-01 9.851857e-01 8.332050e-03 -3.514807e+01 -9.851266e-01 -1.713839e-01 1.239647e-02 -1.258451e+02 1.364080e-02 -6.084742e-03 9.998884e-01 2.652948e+00
-1.706721e-01 9.853049e-01 6.738824e-03 -3.529146e+01 -9.852633e-01 -1.707352e-01 1.028622e-02 -1.267129e+02 1.128562e-02 -4.883945e-03 9.999244e-01 2.669996e+00
-1.693835e-01 9.855104e-01 8.843360e-03 -3.543794e+01 -9.854317e-01 -1.694955e-01 1.397669e-02 -1.275644e+02 1.527308e-02 -6.347105e-03 9.998632e-01 2.690475e+00
-1.692623e-01 9.854948e-01 1.225745e-02 -3.557668e+01 -9.854055e-01 -1.694487e-01 1.621774e-02 -1.284083e+02 1.805950e-02 -9.333504e-03 9.997934e-01 2.723875e+00
-1.691782e-01 9.855146e-01 1.182304e-02 -3.572205e+01 -9.854081e-01 -1.693633e-01 1.693775e-02 -1.292825e+02 1.869479e-02 -8.785018e-03 9.997866e-01 2.747751e+00
-1.683813e-01 9.856595e-01 1.111362e-02 -3.586727e+01 -9.855396e-01 -1.685563e-01 1.734503e-02 -1.301471e+02 1.896956e-02 -8.032336e-03 9.997878e-01 2.778283e+00
-1.677693e-01 9.858069e-01 6.196148e-03 -3.601215e+01 -9.856571e-01 -1.678537e-01 1.747458e-02 -1.309759e+02 1.826661e-02 -3.175580e-03 9.998281e-01 2.807548e+00
-1.668134e-01 9.859738e-01 5.363332e-03 -3.615154e+01 -9.857659e-01 -1.668888e-01 2.033592e-02 -1.318357e+02 2.094577e-02 -1.894685e-03 9.997788e-01 2.832977e+00
-1.668036e-01 9.859198e-01 1.178334e-02 -3.627136e+01 -9.856957e-01 -1.670339e-01 2.244439e-02 -1.326668e+02 2.409659e-02 -7.870984e-03 9.996787e-01 2.852877e+00
-1.661823e-01 9.859479e-01 1.704243e-02 -3.639735e+01 -9.857916e-01 -1.665351e-01 2.194043e-02 -1.335145e+02 2.447028e-02 -1.315418e-02 9.996140e-01 2.879379e+00
-1.657088e-01 9.859926e-01 1.895667e-02 -3.653356e+01 -9.858057e-01 -1.661420e-01 2.416514e-02 -1.343587e+02 2.697615e-02 -1.468322e-02 9.995282e-01 2.926950e+00
-1.652092e-01 9.861165e-01 1.674088e-02 -3.666541e+01 -9.859028e-01 -1.655817e-01 2.405363e-02 -1.351816e+02 2.649166e-02 -1.253100e-02 9.995705e-01 2.971218e+00
-1.637483e-01 9.863650e-01 1.644194e-02 -3.678744e+01 -9.861165e-01 -1.641275e-01 2.522017e-02 -1.360080e+02 2.757487e-02 -1.208391e-02 9.995467e-01 3.000882e+00
-1.618528e-01 9.867792e-01 8.395276e-03 -3.693229e+01 -9.864812e-01 -1.620135e-01 2.462795e-02 -1.368325e+02 2.566249e-02 -4.295677e-03 9.996614e-01 3.020150e+00
-1.590933e-01 9.872558e-01 3.945739e-03 -3.706168e+01 -9.870279e-01 -1.591414e-01 2.122033e-02 -1.376662e+02 2.157782e-02 -5.185459e-04 9.997671e-01 3.081266e+00
-1.573354e-01 9.875454e-01 -1.738455e-04 -3.720979e+01 -9.874326e-01 -1.573147e-01 1.514412e-02 -1.384875e+02 1.492815e-02 2.554362e-03 9.998853e-01 3.099996e+00
-1.536609e-01 9.881203e-01 -2.626290e-03 -3.733416e+01 -9.880253e-01 -1.536075e-01 1.452525e-02 -1.393111e+02 1.394928e-02 4.826802e-03 9.998910e-01 3.124235e+00
-1.481665e-01 9.889624e-01 -1.216913e-04 -3.745279e+01 -9.887729e-01 -1.481358e-01 1.958923e-02 -1.400858e+02 1.935499e-02 3.022794e-03 9.998081e-01 3.159335e+00
-1.419506e-01 9.898732e-01 -1.217697e-03 -3.756269e+01 -9.896300e-01 -1.418881e-01 2.237176e-02 -1.408851e+02 2.197242e-02 4.380749e-03 9.997490e-01 3.187417e+00
-1.335179e-01 9.910458e-01 -1.230681e-03 -3.767118e+01 -9.907842e-01 -1.334538e-01 2.317664e-02 -1.416938e+02 2.280487e-02 4.313833e-03 9.997306e-01 3.204232e+00
-1.238157e-01 9.922721e-01 -8.119943e-03 -3.777924e+01 -9.921436e-01 -1.236435e-01 1.906949e-02 -1.425345e+02 1.791815e-02 1.041725e-02 9.997852e-01 3.218427e+00
-1.117723e-01 9.936347e-01 -1.403932e-02 -3.787615e+01 -9.936035e-01 -1.115177e-01 1.777232e-02 -1.433633e+02 1.609356e-02 1.593597e-02 9.997435e-01 3.243691e+00
-9.865236e-02 9.950067e-01 -1.514169e-02 -3.795282e+01 -9.949474e-01 -9.833860e-02 2.023069e-02 -1.441275e+02 1.864066e-02 1.706099e-02 9.996807e-01 3.271134e+00
-8.407223e-02 9.963338e-01 -1.584640e-02 -3.802243e+01 -9.962425e-01 -8.371115e-02 2.221742e-02 -1.449267e+02 2.080945e-02 1.765472e-02 9.996276e-01 3.301639e+00
-7.053769e-02 9.973184e-01 -1.950461e-02 -3.807225e+01 -9.972962e-01 -7.010508e-02 2.203746e-02 -1.456969e+02 2.061099e-02 2.100635e-02 9.995669e-01 3.317600e+00
-5.754125e-02 9.980660e-01 -2.352365e-02 -3.811443e+01 -9.980938e-01 -5.698431e-02 2.369769e-02 -1.464737e+02 2.231138e-02 2.484240e-02 9.994424e-01 3.359420e+00
-4.351163e-02 9.987817e-01 -2.327801e-02 -3.814170e+01 -9.986529e-01 -4.282308e-02 2.930112e-02 -1.472538e+02 2.826859e-02 2.452159e-02 9.992995e-01 3.396721e+00
-3.074479e-02 9.994562e-01 -1.192061e-02 -3.814656e+01 -9.988395e-01 -3.027904e-02 3.745465e-02 -1.480219e+02 3.707333e-02 1.305831e-02 9.992272e-01 3.422441e+00
-1.711309e-02 9.998296e-01 -6.935979e-03 -3.814089e+01 -9.988456e-01 -1.678395e-02 4.500970e-02 -1.487820e+02 4.488562e-02 7.698224e-03 9.989625e-01 3.465086e+00
-3.563881e-03 9.999586e-01 -8.397454e-03 -3.814476e+01 -9.988989e-01 -3.166914e-03 4.681131e-02 -1.495501e+02 4.678277e-02 8.555027e-03 9.988685e-01 3.496028e+00
7.755995e-03 9.999606e-01 -4.340860e-03 -3.812341e+01 -9.990548e-01 7.934511e-03 4.274116e-02 -1.503335e+02 4.277391e-02 4.005251e-03 9.990767e-01 3.530681e+00
1.940852e-02 9.997990e-01 -5.032969e-03 -3.810489e+01 -9.990013e-01 1.959515e-02 4.015360e-02 -1.510865e+02 4.024415e-02 4.248621e-03 9.991809e-01 3.587259e+00
2.865583e-02 9.995884e-01 1.408496e-03 -3.806968e+01 -9.985740e-01 2.856320e-02 4.510095e-02 -1.518356e+02 4.504215e-02 -2.698892e-03 9.989814e-01 3.678821e+00
3.604245e-02 9.992710e-01 1.259161e-02 -3.802897e+01 -9.979358e-01 3.531843e-02 5.363692e-02 -1.526290e+02 5.315310e-02 -1.449882e-02 9.984811e-01 3.715734e+00
3.936279e-02 9.990464e-01 1.889648e-02 -3.798679e+01 -9.976437e-01 3.822994e-02 5.697124e-02 -1.533567e+02 5.619450e-02 -2.109450e-02 9.981970e-01 3.744270e+00
3.891045e-02 9.991910e-01 1.018080e-02 -3.794252e+01 -9.978045e-01 3.830600e-02 5.402784e-02 -1.541225e+02 5.359413e-02 -1.226070e-02 9.984875e-01 3.790371e+00
3.727019e-02 9.992570e-01 9.814575e-03 -3.790665e+01 -9.980980e-01 3.674078e-02 4.950203e-02 -1.548785e+02 4.910465e-02 -1.164086e-02 9.987258e-01 3.859987e+00
3.450590e-02 9.993786e-01 7.201375e-03 -3.787978e+01 -9.983222e-01 3.413242e-02 4.677411e-02 -1.556183e+02 4.649924e-02 -8.803277e-03 9.988796e-01 3.916882e+00
3.144133e-02 9.994906e-01 5.480733e-03 -3.784665e+01 -9.984599e-01 3.115720e-02 4.590371e-02 -1.563614e+02 4.570957e-02 -6.915567e-03 9.989308e-01 3.985905e+00
2.772439e-02 9.996091e-01 3.615266e-03 -3.782503e+01 -9.985521e-01 2.752793e-02 4.621772e-02 -1.571113e+02 4.610013e-02 -4.891392e-03 9.989249e-01 4.029190e+00
2.299231e-02 9.997270e-01 4.171036e-03 -3.780630e+01 -9.986805e-01 2.277619e-02 4.602829e-02 -1.578450e+02 4.592073e-02 -5.223831e-03 9.989314e-01 4.050865e+00
1.772982e-02 9.998319e-01 4.674972e-03 -3.777742e+01 -9.987817e-01 1.749539e-02 4.614189e-02 -1.586040e+02 4.605234e-02 -5.487364e-03 9.989240e-01 4.096730e+00
1.141721e-02 9.999223e-01 5.020784e-03 -3.776029e+01 -9.989083e-01 1.117784e-02 4.535938e-02 -1.593663e+02 4.529973e-02 -5.533184e-03 9.989581e-01 4.132599e+00
5.649209e-03 9.999747e-01 4.341850e-03 -3.775441e+01 -9.990335e-01 5.454481e-03 4.361772e-02 -1.601063e+02 4.359293e-02 -4.584059e-03 9.990389e-01 4.158132e+00
2.633333e-04 9.999908e-01 4.318466e-03 -3.775024e+01 -9.990715e-01 7.706881e-05 4.308695e-02 -1.608552e+02 4.308621e-02 -4.325812e-03 9.990620e-01 4.210525e+00
-4.787326e-03 9.999674e-01 6.522601e-03 -3.774309e+01 -9.990129e-01 -5.070567e-03 4.413337e-02 -1.615775e+02 4.416500e-02 -6.304888e-03 9.990044e-01 4.245409e+00
-9.225011e-03 9.999320e-01 7.145966e-03 -3.774969e+01 -9.989097e-01 -9.542227e-03 4.570120e-02 -1.622931e+02 4.576627e-02 -6.716586e-03 9.989296e-01 4.293578e+00
-1.183534e-02 9.998879e-01 9.188299e-03 -3.775154e+01 -9.988206e-01 -1.225448e-02 4.698421e-02 -1.630095e+02 4.709153e-02 -8.621390e-03 9.988534e-01 4.337016e+00
-1.323462e-02 9.998848e-01 7.439156e-03 -3.776217e+01 -9.987243e-01 -1.358116e-02 4.863531e-02 -1.637231e+02 4.873073e-02 -6.785991e-03 9.987889e-01 4.388130e+00
-1.306272e-02 9.999090e-01 3.405796e-03 -3.777511e+01 -9.987992e-01 -1.320887e-02 4.717881e-02 -1.644446e+02 4.721950e-02 -2.785431e-03 9.988806e-01 4.424717e+00
-9.370565e-03 9.999562e-01 -2.588578e-04 -3.778484e+01 -9.989513e-01 -9.349585e-03 4.482410e-02 -1.651507e+02 4.481971e-02 6.786106e-04 9.989949e-01 4.459743e+00
-2.375484e-03 9.999973e-01 -2.352891e-04 -3.778238e+01 -9.990230e-01 -2.362847e-03 4.413487e-02 -1.658611e+02 4.413419e-02 3.398946e-04 9.990256e-01 4.523735e+00
8.591056e-03 9.999315e-01 -7.950803e-03 -3.777863e+01 -9.989485e-01 8.940160e-03 4.496804e-02 -1.665875e+02 4.503604e-02 7.556116e-03 9.989568e-01 4.559458e+00
2.250737e-02 9.996889e-01 -1.075035e-02 -3.775168e+01 -9.987300e-01 2.296799e-02 4.484312e-02 -1.672634e+02 4.507608e-02 9.727399e-03 9.989362e-01 4.617722e+00
3.793210e-02 9.992300e-01 -1.002200e-02 -3.772346e+01 -9.983423e-01 3.832901e-02 4.293598e-02 -1.679528e+02 4.328706e-02 8.376736e-03 9.990276e-01 4.667080e+00
5.374610e-02 9.984965e-01 -1.079051e-02 -3.767195e+01 -9.977940e-01 5.412376e-02 3.844622e-02 -1.686511e+02 3.897244e-02 8.700366e-03 9.992024e-01 4.710439e+00
6.953681e-02 9.975652e-01 -5.322332e-03 -3.761817e+01 -9.970214e-01 6.967539e-02 3.307094e-02 -1.693233e+02 3.336126e-02 3.006830e-03 9.994388e-01 4.752767e+00
8.613271e-02 9.962466e-01 -8.585929e-03 -3.755082e+01 -9.959412e-01 8.632588e-02 2.547394e-02 -1.700064e+02 2.611952e-02 6.356943e-03 9.996386e-01 4.785733e+00
1.034601e-01 9.946167e-01 -5.795296e-03 -3.747246e+01 -9.944496e-01 1.035512e-01 1.862924e-02 -1.706913e+02 1.912907e-02 3.835749e-03 9.998097e-01 4.835676e+00
1.204852e-01 9.926603e-01 -1.044157e-02 -3.738812e+01 -9.926351e-01 1.206025e-01 1.143742e-02 -1.713469e+02 1.261275e-02 8.986626e-03 9.998801e-01 4.845026e+00
1.384332e-01 9.903314e-01 -8.945267e-03 -3.729235e+01 -9.903043e-01 1.385236e-01 1.042548e-02 -1.720148e+02 1.156381e-02 7.415303e-03 9.999056e-01 4.869931e+00
1.557658e-01 9.876996e-01 -1.365813e-02 -3.718090e+01 -9.877350e-01 1.558927e-01 8.773762e-03 -1.726682e+02 1.079504e-02 1.212396e-02 9.998682e-01 4.876725e+00
1.736506e-01 9.847811e-01 -7.203298e-03 -3.707877e+01 -9.847558e-01 1.737118e-01 8.974532e-03 -1.732829e+02 1.008925e-02 5.535054e-03 9.999338e-01 4.896528e+00
1.897887e-01 9.818236e-01 -1.551237e-03 -3.693536e+01 -9.817760e-01 1.897948e-01 9.679531e-03 -1.739210e+02 9.798010e-03 -3.140975e-04 9.999520e-01 4.933810e+00
2.036057e-01 9.790518e-01 1.563820e-03 -3.678600e+01 -9.790356e-01 2.035922e-01 6.294600e-03 -1.745454e+02 5.844358e-03 -2.812652e-03 9.999790e-01 4.961718e+00
2.159171e-01 9.764079e-01 -2.764233e-03 -3.664507e+01 -9.764090e-01 2.159224e-01 1.800645e-03 -1.751757e+02 2.355024e-03 2.310231e-03 9.999946e-01 4.975475e+00
2.265847e-01 9.739831e-01 -4.016801e-03 -3.649591e+01 -9.739899e-01 2.265896e-01 8.259306e-04 -1.758067e+02 1.714608e-03 3.725181e-03 9.999916e-01 5.005031e+00
2.366672e-01 9.715906e-01 -5.910195e-04 -3.633335e+01 -9.715821e-01 2.366676e-01 4.078761e-03 -1.764167e+02 4.102761e-03 -3.910851e-04 9.999915e-01 5.012907e+00
2.452809e-01 9.694489e-01 2.529608e-03 -3.617447e+01 -9.694044e-01 2.452421e-01 1.056201e-02 -1.770238e+02 9.618966e-03 -5.042873e-03 9.999410e-01 5.013234e+00
2.545773e-01 9.670410e-01 4.733581e-03 -3.600782e+01 -9.668736e-01 2.544330e-01 2.047996e-02 -1.776133e+02 1.860058e-02 -9.790512e-03 9.997790e-01 5.000487e+00
2.625821e-01 9.648976e-01 -4.820202e-03 -3.585567e+01 -9.645339e-01 2.626160e-01 2.659459e-02 -1.782132e+02 2.692692e-02 -2.334015e-03 9.996347e-01 4.979790e+00
2.693343e-01 9.630256e-01 -6.380133e-03 -3.568263e+01 -9.626848e-01 2.694088e-01 2.562811e-02 -1.788354e+02 2.639939e-02 -7.604748e-04 9.996512e-01 5.010415e+00
2.751885e-01 9.613875e-01 -2.276084e-03 -3.548981e+01 -9.612189e-01 2.751834e-01 1.822913e-02 -1.794247e+02 1.815160e-02 -2.828632e-03 9.998313e-01 5.040122e+00
2.799337e-01 9.599993e-01 6.198448e-03 -3.529771e+01 -9.600001e-01 2.798814e-01 8.142906e-03 -1.800218e+02 6.082354e-03 -8.229985e-03 9.999476e-01 5.097716e+00
2.819353e-01 9.594015e-01 7.812576e-03 -3.510942e+01 -9.594278e-01 2.819521e-01 -1.108589e-03 -1.806337e+02 -3.266354e-03 -7.183053e-03 9.999689e-01 5.123583e+00
