1.000000e+00 0.000000e+00 0.000000e+00 0.000000e+00 0.000000e+00 1.000000e+00 0.000000e+00 0.000000e+00 0.000000e+00 0.000000e+00 1.000000e+00 0.000000e+00
9.999982e-01 1.875237e-03 -4.852226e-04 1.198611e+00 -1.875086e-03 9.999982e-01 3.115426e-04 5.077741e-03 4.858060e-04 -3.106322e-04 9.999998e-01 2.371110e-02
9.999942e-01 3.410953e-03 -1.812304e-04 2.401092e+00 -3.410864e-03 9.999940e-01 4.899962e-04 7.988274e-03 1.829006e-04 -4.893751e-04 9.999999e-01 3.723699e-02
9.999898e-01 4.490045e-03 4.377775e-04 3.605869e+00 -4.490379e-03 9.999896e-01 7.631825e-04 4.752950e-03 -4.343463e-04 -7.651406e-04 9.999996e-01 6.407733e-02
9.999853e-01 5.395718e-03 4.419289e-04 4.805491e+00 -5.395958e-03 9.999853e-01 5.432856e-04 5.227830e-03 -4.389910e-04 -5.456622e-04 9.999998e-01 8.568743e-02
9.999802e-01 6.298237e-03 1.685021e-04 6.003211e+00 -6.298272e-03 9.999802e-01 2.085915e-04 3.398926e-03 -1.671850e-04 -2.096487e-04 9.999999e-01 9.068732e-02
9.999741e-01 7.204308e-03 1.474739e-05 7.204041e+00 -7.204303e-03 9.999740e-01 -3.476299e-04 1.729587e-03 -1.725144e-05 3.475146e-04 9.999999e-01 1.141464e-01
9.999684e-01 7.934549e-03 4.541869e-04 8.400983e+00 -7.934251e-03 9.999683e-01 -6.558570e-04 -5.540537e-03 -4.593764e-04 6.522327e-04 9.999997e-01 1.142682e-01
9.999640e-01 8.231456e-03 2.053144e-03 9.607650e+00 -8.229438e-03 9.999657e-01 -9.896415e-04 -1.293354e-02 -2.061220e-03 9.727097e-04 9.999974e-01 1.358677e-01
9.999692e-01 7.403701e-03 2.593308e-03 1.081877e+01 -7.402258e-03 9.999725e-01 -5.654745e-04 -1.462099e-02 -2.597423e-03 5.462608e-04 9.999965e-01 1.463137e-01
9.999822e-01 5.335501e-03 2.656946e-03 1.201410e+01 -5.330025e-03 9.999837e-01 -2.063713e-03 -1.713010e-02 -2.667914e-03 2.049515e-03 9.999943e-01 1.588936e-01
9.999917e-01 3.360686e-03 2.286576e-03 1.320214e+01 -3.356397e-03 9.999926e-01 -1.877257e-03 -1.943635e-02 -2.292868e-03 1.869566e-03 9.999956e-01 1.786099e-01
9.999961e-01 1.894169e-03 2.044660e-03 1.440050e+01 -1.890189e-03 9.999963e-01 -1.946885e-03 -1.669348e-02 -2.048341e-03 1.943013e-03 9.999960e-01 2.002594e-01
9.999971e-01 1.010991e-03 2.178741e-03 1.558523e+01 -1.008854e-03 9.999990e-01 -9.814800e-04 -1.098944e-02 -2.179731e-03 9.792792e-04 9.999971e-01 2.097534e-01
9.999959e-01 8.600414e-04 2.717590e-03 1.679879e+01 -8.527944e-04 9.999961e-01 -2.666720e-03 -8.574973e-03 -2.719873e-03 2.664391e-03 9.999927e-01 2.255626e-01
9.999959e-01 6.238825e-04 2.770544e-03 1.801224e+01 -6.155851e-04 9.999954e-01 -2.994699e-03 -7.047215e-03 -2.772400e-03 2.992982e-03 9.999917e-01 2.443256e-01
9.999943e-01 -1.556701e-04 3.353656e-03 1.920867e+01 1.661552e-04 9.999951e-01 -3.126421e-03 6.935596e-04 -3.353153e-03 3.126960e-03 9.999895e-01 2.591974e-01
9.999952e-01 -3.745307e-04 3.075072e-03 2.040387e+01 3.828796e-04 9.999962e-01 -2.714881e-03 -4.221798e-04 -3.074044e-03 2.716045e-03 9.999916e-01 2.778600e-01
9.999945e-01 -1.241650e-03 3.083808e-03 2.159893e+01 1.249622e-03 9.999959e-01 -2.584805e-03 5.708450e-03 -3.080586e-03 2.588645e-03 9.999919e-01 2.912025e-01
9.999911e-01 -1.906963e-03 3.765277e-03 2.279449e+01 1.916272e-03 9.999951e-01 -2.470070e-03 1.348899e-02 -3.760548e-03 2.477263e-03 9.999899e-01 3.035581e-01
9.999909e-01 -2.397587e-03 3.521151e-03 2.400344e+01 2.407180e-03 9.999934e-01 -2.722837e-03 2.164151e-02 -3.514599e-03 2.731289e-03 9.999901e-01 3.117414e-01
9.999868e-01 -3.593404e-03 3.675297e-03 2.519250e+01 3.601708e-03 9.999910e-01 -2.255090e-03 3.197580e-02 -3.667161e-03 2.268297e-03 9.999907e-01 3.329817e-01
9.999849e-01 -4.198001e-03 3.564438e-03 2.640298e+01 4.206773e-03 9.999881e-01 -2.457020e-03 3.831838e-02 -3.554081e-03 2.471978e-03 9.999906e-01 3.574135e-01
9.999743e-01 -5.198085e-03 4.940904e-03 2.759682e+01 5.217511e-03 9.999787e-01 -3.926910e-03 5.110775e-02 -4.920386e-03 3.952589e-03 9.999801e-01 3.616031e-01
9.999678e-01 -6.029376e-03 5.289399e-03 2.879621e+01 6.057545e-03 9.999675e-01 -5.325661e-03 6.500764e-02 -5.257116e-03 5.357530e-03 9.999718e-01 3.826675e-01
9.999695e-01 -6.500189e-03 4.314966e-03 3.000423e+01 6.527148e-03 9.999591e-01 -6.263311e-03 6.763733e-02 -4.274077e-03 6.291285e-03 9.999711e-01 3.815408e-01
9.999636e-01 -7.786374e-03 3.491868e-03 3.119732e+01 7.809373e-03 9.999476e-01 -6.622095e-03 8.149209e-02 -3.440123e-03 6.649123e-03 9.999720e-01 3.995275e-01
9.999605e-01 -8.180771e-03 3.479692e-03 3.240794e+01 8.202201e-03 9.999472e-01 -6.189357e-03 9.776518e-02 -3.428875e-03 6.217654e-03 9.999748e-01 4.039302e-01
9.999515e-01 -9.136118e-03 3.662676e-03 3.360161e+01 9.160878e-03 9.999349e-01 -6.801364e-03 1.148950e-01 -3.600300e-03 6.834588e-03 9.999701e-01 4.109570e-01
9.999437e-01 -9.711367e-03 4.286554e-03 3.480262e+01 9.745142e-03 9.999211e-01 -7.930051e-03 1.310176e-01 -4.209204e-03 7.971377e-03 9.999593e-01 4.175906e-01
9.999422e-01 -9.735974e-03 4.557403e-03 3.600770e+01 9.776069e-03 9.999130e-01 -8.859827e-03 1.450359e-01 -4.470747e-03 8.903868e-03 9.999503e-01 4.358390e-01
9.999337e-01 -1.041393e-02 4.915164e-03 3.719752e+01 1.045689e-02 9.999066e-01 -8.798413e-03 1.680405e-01 -4.823079e-03 8.849227e-03 9.999492e-01 4.428578e-01
9.999313e-01 -1.026801e-02 5.653619e-03 3.840559e+01 1.032282e-02 9.998991e-01 -9.753935e-03 1.804144e-01 -5.552895e-03 9.811627e-03 9.999365e-01 4.571988e-01
9.999231e-01 -1.044364e-02 6.699258e-03 3.959736e+01 1.051006e-02 9.998952e-01 -9.958576e-03 2.013225e-01 -6.594552e-03 1.002822e-02 9.999280e-01 4.757018e-01
9.999185e-01 -1.050732e-02 7.257215e-03 4.080403e+01 1.058029e-02 9.998931e-01 -1.009075e-02 2.183103e-01 -7.150413e-03 1.016671e-02 9.999228e-01 4.825889e-01
9.999227e-01 -1.020195e-02 7.110656e-03 4.200731e+01 1.026826e-02 9.999036e-01 -9.351742e-03 2.360459e-01 -7.014564e-03 9.424033e-03 9.999310e-01 5.030102e-01
9.999225e-01 -1.003199e-02 7.370637e-03 4.321088e+01 1.009660e-02 9.999105e-01 -8.782680e-03 2.524258e-01 -7.281869e-03 8.856418e-03 9.999343e-01 5.177931e-01
9.999190e-01 -9.232761e-03 8.761358e-03 4.442310e+01 9.295565e-03 9.999312e-01 -7.154847e-03 2.719726e-01 -8.694696e-03 7.235710e-03 9.999360e-01 5.259100e-01
9.999052e-01 -7.935158e-03 1.125229e-02 4.562874e+01 8.019011e-03 9.999403e-01 -7.426746e-03 2.888636e-01 -1.119268e-02 7.516275e-03 9.999091e-01 5.440958e-01
9.998961e-01 -6.147274e-03 1.303982e-02 4.683542e+01 6.238615e-03 9.999562e-01 -6.975708e-03 3.052906e-01 -1.299636e-02 7.056334e-03 9.998906e-01 5.393104e-01
9.998636e-01 -4.159641e-03 1.598153e-02 4.805376e+01 4.276327e-03 9.999644e-01 -7.274058e-03 3.136558e-01 -1.595071e-02 7.341408e-03 9.998458e-01 5.478197e-01
9.998505e-01 -3.200779e-03 1.699351e-02 4.925220e+01 3.331465e-03 9.999651e-01 -7.667594e-03 3.234463e-01 -1.696837e-02 7.723061e-03 9.998262e-01 5.456316e-01
9.998615e-01 -1.782552e-03 1.654623e-02 5.046380e+01 1.923497e-03 9.999620e-01 -8.506265e-03 3.275063e-01 -1.653044e-02 8.536914e-03 9.998269e-01 5.495787e-01
9.998738e-01 -9.921442e-05 1.588750e-02 5.167171e+01 2.254464e-04 9.999684e-01 -7.943769e-03 3.276707e-01 -1.588621e-02 7.946349e-03 9.998422e-01 5.542979e-01
9.998780e-01 3.563598e-04 1.561110e-02 5.287280e+01 -2.358947e-04 9.999702e-01 -7.717793e-03 3.392030e-01 -1.561339e-02 7.713170e-03 9.998484e-01 5.199164e-01
9.998766e-01 7.506130e-04 1.569312e-02 5.409404e+01 -6.232506e-04 9.999669e-01 -8.119134e-03 3.407812e-01 -1.569870e-02 8.108351e-03 9.998439e-01 5.395939e-01
9.998807e-01 -4.046891e-04 1.544089e-02 5.529982e+01 5.355094e-04 9.999640e-01 -8.469135e-03 3.502385e-01 -1.543691e-02 8.476392e-03 9.998449e-01 5.359120e-01
9.998697e-01 -2.015373e-03 1.601680e-02 5.650255e+01 2.151144e-03 9.999619e-01 -8.464126e-03 3.609505e-01 -1.599913e-02 8.497478e-03 9.998359e-01 5.253415e-01
9.998485e-01 -3.086991e-03 1.713188e-02 5.770831e+01 3.240576e-03 9.999548e-01 -8.944326e-03 3.663759e-01 -1.710349e-02 8.998488e-03 9.998133e-01 5.258566e-01
9.998363e-01 -4.424532e-03 1.754547e-02 5.891777e+01 4.578801e-03 9.999511e-01 -8.762144e-03 3.859667e-01 -1.750584e-02 8.841047e-03 9.998077e-01 5.193197e-01
9.998337e-01 -5.064827e-03 1.751891e-02 6.012650e+01 5.197797e-03 9.999580e-01 -7.552874e-03 3.947656e-01 -1.747992e-02 7.642678e-03 9.998180e-01 5.120615e-01
9.998289e-01 -5.943044e-03 1.751633e-02 6.133893e+01 6.068347e-03 9.999563e-01 -7.109105e-03 4.141199e-01 -1.747331e-02 7.214184e-03 9.998213e-01 5.067762e-01
9.998266e-01 -6.093433e-03 1.759487e-02 6.254766e+01 6.219233e-03 9.999554e-01 -7.103979e-03 4.255630e-01 -1.755080e-02 7.212174e-03 9.998199e-01 5.012789e-01
9.998381e-01 -5.921229e-03 1.699304e-02 6.374968e+01 6.062170e-03 9.999475e-01 -8.254512e-03 4.320370e-01 -1.694327e-02 8.356190e-03 9.998215e-01 5.098053e-01
9.998264e-01 -6.486365e-03 1.746843e-02 6.495460e+01 6.637875e-03 9.999408e-01 -8.629392e-03 4.468640e-01 -1.741142e-02 8.743847e-03 9.998102e-01 4.972883e-01
9.998075e-01 -6.581712e-03 1.848633e-02 6.616528e+01 6.753823e-03 9.999343e-01 -9.263270e-03 4.566181e-01 -1.842415e-02 9.386339e-03 9.997862e-01 4.754840e-01
9.998187e-01 -6.901295e-03 1.774724e-02 6.736079e+01 7.054889e-03 9.999381e-01 -8.606530e-03 4.712880e-01 -1.768674e-02 8.730174e-03 9.998055e-01 4.847310e-01
9.998320e-01 -6.970104e-03 1.695140e-02 6.855551e+01 7.080596e-03 9.999540e-01 -6.466937e-03 4.899443e-01 -1.690555e-02 6.585877e-03 9.998354e-01 4.798694e-01
9.998224e-01 -6.951618e-03 1.751681e-02 6.975634e+01 7.040544e-03 9.999626e-01 -5.020091e-03 5.072600e-01 -1.748125e-02 5.142527e-03 9.998339e-01 4.748094e-01
9.998139e-01 -7.076981e-03 1.794541e-02 7.094174e+01 7.135227e-03 9.999695e-01 -3.183827e-03 5.277572e-01 -1.792233e-02 3.311279e-03 9.998339e-01 4.737581e-01
9.998090e-01 -6.731275e-03 1.834582e-02 7.214360e+01 6.765194e-03 9.999755e-01 -1.787405e-03 5.435002e-01 -1.833333e-02 1.911177e-03 9.998301e-01 4.604292e-01
9.997923e-01 -5.901918e-03 1.950392e-02 7.333276e+01 5.929308e-03 9.999815e-01 -1.346814e-03 5.585987e-01 -1.949561e-02 1.462179e-03 9.998088e-01 4.637424e-01
9.997898e-01 -4.015608e-03 2.010429e-02 7.452443e+01 4.012519e-03 9.999920e-01 1.939754e-04 5.749899e-01 -2.010490e-02 -1.132658e-04 9.997979e-01 4.471105e-01
9.998312e-01 -1.067132e-03 1.834321e-02 7.571091e+01 1.089928e-03 9.999986e-01 -1.232815e-03 5.784521e-01 -1.834187e-02 1.252600e-03 9.998310e-01 4.409705e-01
9.998966e-01 1.338471e-03 1.431441e-02 7.688973e+01 -1.278008e-03 9.999902e-01 -4.232234e-03 5.798805e-01 -1.431994e-02 4.213503e-03 9.998886e-01 4.655803e-01
9.998951e-01 4.132753e-03 1.388377e-02 7.807818e+01 -4.084968e-03 9.999856e-01 -3.468423e-03 5.846876e-01 -1.389790e-02 3.411344e-03 9.998976e-01 4.621942e-01
9.998209e-01 6.738126e-03 1.768696e-02 7.925817e+01 -6.663219e-03 9.999686e-01 -4.290688e-03 5.812642e-01 -1.771531e-02 4.172068e-03 9.998344e-01 4.532944e-01
9.997722e-01 9.987141e-03 1.886442e-02 8.044139e+01 -9.889533e-03 9.999372e-01 -5.260418e-03 5.776332e-01 -1.891578e-02 5.072659e-03 9.998082e-01 4.551537e-01
9.997389e-01 1.419780e-02 1.790603e-02 8.162844e+01 -1.413042e-02 9.998926e-01 -3.884001e-03 5.655532e-01 -1.795926e-02 3.629967e-03 9.998322e-01 4.377710e-01
9.997275e-01 1.758271e-02 1.535282e-02 8.278439e+01 -1.749924e-02 9.998314e-01 -5.553811e-03 5.496485e-01 -1.544788e-02 5.283635e-03 9.998667e-01 4.497806e-01
9.997090e-01 2.098739e-02 1.189902e-02 8.396764e+01 -2.091971e-02 9.997644e-01 -5.784145e-03 5.292681e-01 -1.201761e-02 5.533537e-03 9.999125e-01 4.536489e-01
9.996390e-01 2.435677e-02 1.134434e-02 8.510934e+01 -2.428103e-02 9.996822e-01 -6.767162e-03 5.050441e-01 -1.150556e-02 6.489267e-03 9.999127e-01 4.561813e-01
9.995286e-01 2.790012e-02 1.281254e-02 8.627953e+01 -2.781053e-02 9.995879e-01 -7.118115e-03 4.803043e-01 -1.300585e-02 6.758436e-03 9.998926e-01 4.613582e-01
9.994098e-01 3.162454e-02 1.341610e-02 8.746627e+01 -3.154565e-02 9.994840e-01 -6.051922e-03 4.461774e-01 -1.360056e-02 5.625130e-03 9.998917e-01 4.571458e-01
9.993085e-01 3.515232e-02 1.211770e-02 8.861529e+01 -3.508032e-02 9.993659e-01 -6.104140e-03 4.159641e-01 -1.232459e-02 5.674826e-03 9.999080e-01 4.641601e-01
9.991964e-01 3.873163e-02 1.032082e-02 8.978076e+01 -3.867505e-02 9.992360e-01 -5.626461e-03 3.744887e-01 -1.053086e-02 5.222782e-03 9.999309e-01 4.768289e-01
9.990852e-01 4.154643e-02 1.013445e-02 9.093368e+01 -4.149339e-02 9.991242e-01 -5.389074e-03 3.285787e-01 -1.034947e-02 4.963632e-03 9.999341e-01 4.705217e-01
9.989512e-01 4.440588e-02 1.116507e-02 9.208983e+01 -4.433155e-02 9.989936e-01 -6.819095e-03 2.776745e-01 -1.145664e-02 6.316978e-03 9.999144e-01 4.715332e-01
9.988150e-01 4.703176e-02 1.251653e-02 9.327592e+01 -4.694190e-02 9.988704e-01 -7.379005e-03 2.313380e-01 -1.284944e-02 6.782711e-03 9.998944e-01 4.733794e-01
9.986877e-01 4.934089e-02 1.372535e-02 9.442284e+01 -4.923763e-02 9.987569e-01 -7.762209e-03 1.790552e-01 -1.409129e-02 7.076218e-03 9.998757e-01 4.699231e-01
9.985481e-01 5.182496e-02 1.469214e-02 9.560460e+01 -5.169464e-02 9.986213e-01 -9.116052e-03 1.189147e-01 -1.514433e-02 8.343311e-03 9.998505e-01 4.688919e-01
9.984555e-01 5.411668e-02 1.256822e-02 9.674342e+01 -5.398954e-02 9.984890e-01 -1.024440e-02 5.692830e-02 -1.310362e-02 9.550025e-03 9.998685e-01 4.618275e-01
9.983701e-01 5.634110e-02 9.105317e-03 9.789745e+01 -5.623539e-02 9.983516e-01 -1.147669e-02 -1.041194e-02 -9.736918e-03 1.094595e-02 9.998927e-01 4.627660e-01
9.982607e-01 5.857689e-02 6.662199e-03 9.906847e+01 -5.850135e-02 9.982265e-01 -1.101883e-02 -7.420446e-02 -7.295832e-03 1.060991e-02 9.999171e-01 4.547652e-01
9.981740e-01 6.010614e-02 5.999565e-03 1.002295e+02 -6.003693e-02 9.981343e-01 -1.111640e-02 -1.422242e-01 -6.656535e-03 1.073591e-02 9.999202e-01 4.546520e-01
9.981292e-01 6.081708e-02 6.270555e-03 1.014125e+02 -6.074537e-02 9.980921e-01 -1.105426e-02 -2.074065e-01 -6.930879e-03 1.065267e-02 9.999192e-01 4.658628e-01
9.981769e-01 5.986092e-02 7.711692e-03 1.025905e+02 -5.977358e-02 9.981503e-01 -1.109789e-02 -2.737254e-01 -8.361758e-03 1.061670e-02 9.999087e-01 4.697326e-01
9.982498e-01 5.841578e-02 9.216539e-03 1.037787e+02 -5.830824e-02 9.982320e-01 -1.153483e-02 -3.394780e-01 -9.874060e-03 1.097724e-02 9.998910e-01 4.856504e-01
9.983512e-01 5.652845e-02 9.968175e-03 1.049811e+02 -5.641323e-02 9.983414e-01 -1.148435e-02 -4.051726e-01 -1.060083e-02 1.090308e-02 9.998844e-01 4.834458e-01
9.984910e-01 5.387971e-02 1.061179e-02 1.061794e+02 -5.375601e-02 9.984865e-01 -1.161594e-02 -4.641756e-01 -1.122160e-02 1.102796e-02 9.998762e-01 4.926313e-01
9.986423e-01 5.100853e-02 1.056485e-02 1.073801e+02 -5.089065e-02 9.986421e-01 -1.114144e-02 -5.241809e-01 -1.111881e-02 1.058866e-02 9.998821e-01 4.878708e-01
9.988391e-01 4.704235e-02 1.036054e-02 1.085883e+02 -4.694264e-02 9.988508e-01 -9.665735e-03 -5.717859e-01 -1.080334e-02 9.168164e-03 9.998996e-01 4.976009e-01
9.990085e-01 4.312098e-02 1.106796e-02 1.097973e+02 -4.301481e-02 9.990277e-01 -9.657589e-03 -6.201491e-01 -1.147365e-02 9.171927e-03 9.998921e-01 5.062985e-01
9.991572e-01 3.930965e-02 1.181449e-02 1.110140e+02 -3.920019e-02 9.991875e-01 -9.358129e-03 -6.656744e-01 -1.217275e-02 8.887112e-03 9.998864e-01 4.951105e-01
9.993122e-01 3.482721e-02 1.274025e-02 1.122285e+02 -3.470818e-02 9.993528e-01 -9.447965e-03 -7.005521e-01 -1.306105e-02 8.999276e-03 9.998742e-01 5.000352e-01
9.994389e-01 3.075044e-02 1.327778e-02 1.134453e+02 -3.062573e-02 9.994858e-01 -9.496017e-03 -7.395534e-01 -1.356296e-02 9.084047e-03 9.998668e-01 4.920110e-01
9.995806e-01 2.570658e-02 1.333524e-02 1.146619e+02 -2.558504e-02 9.996303e-01 -9.205744e-03 -7.632594e-01 -1.356696e-02 8.860700e-03 9.998687e-01 4.919354e-01
9.996909e-01 2.087386e-02 1.350381e-02 1.158806e+02 -2.076230e-02 9.997496e-01 -8.349422e-03 -7.860510e-01 -1.367472e-02 8.066471e-03 9.998739e-01 4.980792e-01
9.997793e-01 1.615672e-02 1.343077e-02 1.171094e+02 -1.605282e-02 9.998407e-01 -7.808114e-03 -8.035210e-01 -1.355479e-02 7.590789e-03 9.998793e-01 5.031955e-01
9.998502e-01 1.123911e-02 1.316622e-02 1.183339e+02 -1.114753e-02 9.999133e-01 -7.007883e-03 -8.099765e-01 -1.324384e-02 6.860062e-03 9.998888e-01 5.101609e-01
9.998838e-01 7.876142e-03 1.305434e-02 1.195696e+02 -7.799317e-03 9.999520e-01 -5.925509e-03 -8.114766e-01 -1.310038e-02 5.823005e-03 9.998972e-01 5.013862e-01
9.998995e-01 5.664369e-03 1.299742e-02 1.207970e+02 -5.617315e-03 9.999775e-01 -3.653885e-03 -8.059899e-01 -1.301782e-02 3.580507e-03 9.999089e-01 4.918109e-01
9.999003e-01 4.586612e-03 1.335176e-02 1.220421e+02 -4.548302e-03 9.999855e-01 -2.898220e-03 -8.009096e-01 -1.336486e-02 2.837203e-03 9.999067e-01 5.037385e-01
9.999081e-01 3.878809e-03 1.298693e-02 1.232878e+02 -3.853666e-03 9.999906e-01 -1.960489e-03 -8.018012e-01 -1.299441e-02 1.910261e-03 9.999138e-01 4.980741e-01
9.999012e-01 2.547624e-03 1.382176e-02 1.245290e+02 -2.535558e-03 9.999964e-01 -8.904822e-04 -7.887993e-01 -1.382398e-02 8.553484e-04 9.999041e-01 4.950987e-01
9.998965e-01 2.274219e-03 1.420262e-02 1.257815e+02 -2.265645e-03 9.999973e-01 -6.197953e-04 -7.924468e-01 -1.420399e-02 5.875531e-04 9.998990e-01 5.024276e-01
9.998752e-01 1.113992e-03 1.575623e-02 1.270287e+02 -1.153088e-03 9.999963e-01 2.472464e-03 -7.770647e-01 -1.575342e-02 -2.490324e-03 9.998728e-01 5.049644e-01
9.998370e-01 4.651658e-04 1.805065e-02 1.282860e+02 -5.259134e-04 9.999942e-01 3.360795e-03 -7.703795e-01 -1.804898e-02 -3.369740e-03 9.998314e-01 4.782774e-01
9.998303e-01 3.249775e-04 1.842015e-02 1.295455e+02 -3.668485e-04 9.999974e-01 2.269774e-03 -7.709450e-01 -1.841937e-02 -2.276146e-03 9.998277e-01 4.946782e-01
9.998565e-01 -5.785995e-04 1.692821e-02 1.308103e+02 5.396613e-04 9.999972e-01 2.304671e-03 -7.595730e-01 -1.692950e-02 -2.295204e-03 9.998540e-01 4.889663e-01
9.998440e-01 -9.268699e-04 1.764075e-02 1.320801e+02 9.319633e-04 9.999995e-01 -2.805142e-04 -7.634707e-01 -1.764049e-02 2.969109e-04 9.998444e-01 4.788778e-01
9.998046e-01 -2.212058e-03 1.964641e-02 1.333413e+02 2.265938e-03 9.999937e-01 -2.720630e-03 -7.560468e-01 -1.964027e-02 2.764615e-03 9.998033e-01 4.814585e-01
9.997714e-01 -2.509064e-03 2.123175e-02 1.346173e+02 2.610030e-03 9.999854e-01 -4.729064e-03 -7.563226e-01 -2.121957e-02 4.783398e-03 9.997634e-01 4.644667e-01
9.997530e-01 -2.378990e-03 2.209838e-02 1.358915e+02 2.523903e-03 9.999755e-01 -6.532049e-03 -7.561508e-01 -2.208230e-02 6.586210e-03 9.997345e-01 4.452538e-01
9.997827e-01 -2.564779e-03 2.068565e-02 1.371625e+02 2.776681e-03 9.999439e-01 -1.022167e-02 -7.533427e-01 -2.065828e-02 1.027689e-02 9.997337e-01 4.498572e-01
9.998025e-01 -1.989658e-03 1.977363e-02 1.384356e+02 2.223125e-03 9.999280e-01 -1.179199e-02 -7.589691e-01 -1.974875e-02 1.183362e-02 9.997349e-01 4.292310e-01
9.998044e-01 -2.259792e-03 1.965049e-02 1.397154e+02 2.517479e-03 9.999110e-01 -1.309870e-02 -7.490413e-01 -1.961914e-02 1.314560e-02 9.997211e-01 4.277012e-01
9.997945e-01 -1.931990e-03 2.017762e-02 1.409879e+02 2.197277e-03 9.999113e-01 -1.313371e-02 -7.391350e-01 -2.015045e-02 1.317535e-02 9.997101e-01 4.122832e-01
9.997612e-01 -9.887306e-04 2.183263e-02 1.422766e+02 1.271517e-03 9.999154e-01 -1.294239e-02 -7.391524e-01 -2.181799e-02 1.296706e-02 9.996778e-01 4.084294e-01
9.997318e-01 -7.732594e-04 2.314541e-02 1.435574e+02 1.035165e-03 9.999356e-01 -1.130580e-02 -7.222571e-01 -2.313518e-02 1.132673e-02 9.996682e-01 3.879285e-01
9.997582e-01 -1.382974e-04 2.198588e-02 1.448426e+02 3.823691e-04 9.999384e-01 -1.109748e-02 -7.187048e-01 -2.198299e-02 1.110320e-02 9.996967e-01 3.970121e-01
9.997866e-01 7.643246e-04 2.064224e-02 1.461181e+02 -5.522958e-04 9.999471e-01 -1.027535e-02 -7.250788e-01 -2.064900e-02 1.026176e-02 9.997341e-01 3.872580e-01
9.998153e-01 8.665541e-04 1.919717e-02 1.473957e+02 -6.647647e-04 9.999445e-01 -1.051531e-02 -7.132627e-01 -1.920522e-02 1.050060e-02 9.997604e-01 3.962799e-01
9.998714e-01 1.856348e-03 1.593150e-02 1.486707e+02 -1.682519e-03 9.999390e-01 -1.091751e-02 -7.245899e-01 -1.595080e-02 1.088930e-02 9.998135e-01 4.136972e-01
9.999188e-01 1.933972e-03 1.259562e-02 1.499425e+02 -1.798097e-03 9.999402e-01 -1.078984e-02 -7.161084e-01 -1.261574e-02 1.076631e-02 9.998624e-01 4.102771e-01
9.999264e-01 2.014703e-03 1.196003e-02 1.512184e+02 -1.879440e-03 9.999343e-01 -1.131009e-02 -7.115859e-01 -1.198203e-02 1.128678e-02 9.998645e-01 4.203964e-01
9.999202e-01 2.339087e-03 1.241737e-02 1.524986e+02 -2.192037e-03 9.999275e-01 -1.184267e-02 -7.099221e-01 -1.244417e-02 1.181451e-02 9.998528e-01 4.152009e-01
9.999194e-01 1.631923e-03 1.259256e-02 1.537696e+02 -1.479551e-03 9.999257e-01 -1.210004e-02 -7.025104e-01 -1.261137e-02 1.208043e-02 9.998475e-01 4.053985e-01
9.999061e-01 1.739179e-03 1.359003e-02 1.550420e+02 -1.578155e-03 9.999285e-01 -1.185051e-02 -6.909997e-01 -1.360967e-02 1.182795e-02 9.998374e-01 4.059277e-01
9.998990e-01 1.100021e-03 1.416837e-02 1.563116e+02 -9.385362e-04 9.999346e-01 -1.139920e-02 -6.825820e-01 -1.417998e-02 1.138475e-02 9.998347e-01 4.071183e-01
9.998993e-01 5.918583e-04 1.418128e-02 1.575858e+02 -4.296335e-04 9.999345e-01 -1.143969e-02 -6.751657e-01 -1.418712e-02 1.143244e-02 9.998340e-01 4.065613e-01
9.998938e-01 1.967228e-04 1.456940e-02 1.588625e+02 -2.790082e-05 9.999329e-01 -1.158673e-02 -6.688962e-01 -1.457071e-02 1.158509e-02 9.998267e-01 4.059228e-01
9.998785e-01 -9.246558e-04 1.556252e-02 1.601406e+02 1.119228e-03 9.999213e-01 -1.249856e-02 -6.643098e-01 -1.554974e-02 1.251446e-02 9.998008e-01 4.083494e-01
9.998735e-01 -1.117165e-03 1.586604e-02 1.614100e+02 1.309764e-03 9.999255e-01 -1.213390e-02 -6.525503e-01 -1.585131e-02 1.215314e-02 9.998005e-01 4.019294e-01
9.998782e-01 -2.240276e-03 1.544269e-02 1.626803e+02 2.423800e-03 9.999266e-01 -1.187576e-02 -6.452226e-01 -1.541495e-02 1.191175e-02 9.998102e-01 4.063021e-01
9.998879e-01 -2.977617e-03 1.466901e-02 1.639465e+02 3.137814e-03 9.999356e-01 -1.090987e-02 -6.374969e-01 -1.463558e-02 1.095467e-02 9.998329e-01 4.071978e-01
9.998891e-01 -3.267588e-03 1.452653e-02 1.652114e+02 3.420230e-03 9.999391e-01 -1.049539e-02 -6.255225e-01 -1.449135e-02 1.054391e-02 9.998394e-01 4.065674e-01
9.998915e-01 -4.302931e-03 1.408874e-02 1.664778e+02 4.455557e-03 9.999315e-01 -1.081975e-02 -6.161643e-01 -1.404122e-02 1.088135e-02 9.998422e-01 4.080158e-01
9.999039e-01 -4.334711e-03 1.316664e-02 1.677417e+02 4.465363e-03 9.999409e-01 -9.909834e-03 -6.074192e-01 -1.312290e-02 9.967675e-03 9.998642e-01 4.058289e-01
9.998941e-01 -5.452650e-03 1.349024e-02 1.690235e+02 5.585465e-03 9.999361e-01 -9.827251e-03 -5.921407e-01 -1.343579e-02 9.901560e-03 9.998607e-01 4.071462e-01
9.998749e-01 -6.185130e-03 1.455928e-02 1.702922e+02 6.323333e-03 9.999352e-01 -9.465605e-03 -5.766922e-01 -1.449979e-02 9.556483e-03 9.998492e-01 4.036385e-01
9.998639e-01 -6.407887e-03 1.520398e-02 1.715521e+02 6.546440e-03 9.999374e-01 -9.080698e-03 -5.640602e-01 -1.514484e-02 9.178993e-03 9.998432e-01 4.066326e-01
9.998479e-01 -7.472422e-03 1.575757e-02 1.728354e+02 7.604655e-03 9.999362e-01 -8.348558e-03 -5.502680e-01 -1.569418e-02 8.467119e-03 9.998410e-01 4.051766e-01
9.998474e-01 -7.798438e-03 1.562974e-02 1.741020e+02 7.925131e-03 9.999361e-01 -8.060431e-03 -5.362017e-01 -1.556588e-02 8.183069e-03 9.998454e-01 3.966954e-01
9.998451e-01 -8.874252e-03 1.519642e-02 1.753798e+02 8.992781e-03 9.999295e-01 -7.749273e-03 -5.130760e-01 -1.512659e-02 7.884732e-03 9.998545e-01 4.017480e-01
9.998428e-01 -9.376684e-03 1.504690e-02 1.766521e+02 9.485333e-03 9.999293e-01 -7.165694e-03 -4.942147e-01 -1.497864e-02 7.307292e-03 9.998611e-01 4.069444e-01
9.998456e-01 -9.192025e-03 1.497701e-02 1.779123e+02 9.296486e-03 9.999328e-01 -6.920110e-03 -4.719960e-01 -1.491240e-02 7.058275e-03 9.998639e-01 3.887435e-01
9.998536e-01 -9.861686e-03 1.398376e-02 1.791878e+02 9.964558e-03 9.999236e-01 -7.306044e-03 -4.549623e-01 -1.391064e-02 7.444317e-03 9.998755e-01 3.914802e-01
9.998720e-01 -9.323410e-03 1.300373e-02 1.804455e+02 9.429771e-03 9.999224e-01 -8.142052e-03 -4.412675e-01 -1.292681e-02 8.263632e-03 9.998823e-01 3.966947e-01
9.998693e-01 -9.443960e-03 1.311895e-02 1.817034e+02 9.591051e-03 9.998913e-01 -1.119478e-02 -4.313470e-01 -1.301180e-02 1.131914e-02 9.998513e-01 4.276751e-01
9.998134e-01 -9.961306e-03 1.654937e-02 1.829701e+02 1.014089e-02 9.998902e-01 -1.080290e-02 -4.070908e-01 -1.643994e-02 1.096871e-02 9.998047e-01 4.031285e-01
9.997494e-01 -1.012432e-02 1.996682e-02 1.842518e+02 1.036527e-02 9.998742e-01 -1.200111e-02 -3.853231e-01 -1.984281e-02 1.220506e-02 9.997286e-01 3.841231e-01
9.997456e-01 -1.038469e-02 2.002086e-02 1.854909e+02 1.060608e-02 9.998834e-01 -1.098377e-02 -3.649023e-01 -1.990447e-02 1.119332e-02 9.997392e-01 3.867313e-01
9.998156e-01 -9.772643e-03 1.653037e-02 1.867646e+02 9.933067e-03 9.999041e-01 -9.650726e-03 -3.476881e-01 -1.643448e-02 9.813144e-03 9.998168e-01 3.658929e-01
9.998351e-01 -1.034368e-02 1.492794e-02 1.880060e+02 1.048236e-02 9.999024e-01 -9.241828e-03 -3.296153e-01 -1.483089e-02 9.396784e-03 9.998459e-01 3.804649e-01
9.998308e-01 -1.060228e-02 1.502837e-02 1.892685e+02 1.074834e-02 9.998955e-01 -9.671329e-03 -3.155980e-01 -1.492426e-02 9.831223e-03 9.998403e-01 3.730026e-01
9.998232e-01 -1.028117e-02 1.574242e-02 1.905421e+02 1.043968e-02 9.998953e-01 -1.002069e-02 -2.904921e-01 -1.563774e-02 1.018326e-02 9.998259e-01 3.647795e-01
9.997932e-01 -1.069045e-02 1.729862e-02 1.917863e+02 1.086796e-02 9.998889e-01 -1.020011e-02 -2.766243e-01 -1.718765e-02 1.038600e-02 9.997984e-01 3.542079e-01
9.997896e-01 -9.789653e-03 1.802642e-02 1.930436e+02 9.987317e-03 9.998906e-01 -1.090803e-02 -2.516491e-01 -1.791767e-02 1.108577e-02 9.997780e-01 3.527263e-01
9.997869e-01 -8.712602e-03 1.871415e-02 1.942593e+02 8.915689e-03 9.999020e-01 -1.079618e-02 -2.368898e-01 -1.861825e-02 1.096073e-02 9.997666e-01 3.598170e-01
9.998201e-01 -6.972992e-03 1.763841e-02 1.954912e+02 7.185262e-03 9.999022e-01 -1.199993e-02 -2.289731e-01 -1.755301e-02 1.212450e-02 9.997724e-01 3.714324e-01
9.998476e-01 -5.397729e-03 1.660219e-02 1.967363e+02 5.591816e-03 9.999163e-01 -1.166634e-02 -2.172367e-01 -1.653783e-02 1.175740e-02 9.997941e-01 3.665717e-01
9.998590e-01 -4.251930e-03 1.624581e-02 1.979498e+02 4.458923e-03 9.999091e-01 -1.272644e-02 -2.087684e-01 -1.619023e-02 1.279709e-02 9.997870e-01 3.651644e-01
9.998589e-01 -3.088677e-03 1.651223e-02 1.991952e+02 3.293932e-03 9.999174e-01 -1.241779e-02 -2.024260e-01 -1.647251e-02 1.247043e-02 9.997866e-01 3.531914e-01
9.998373e-01 -2.135964e-03 1.791216e-02 2.004095e+02 2.373872e-03 9.999091e-01 -1.327122e-02 -1.894556e-01 -1.788218e-02 1.331158e-02 9.997515e-01 3.394934e-01
9.998301e-01 -1.003880e-03 1.840388e-02 2.016170e+02 1.239719e-03 9.999172e-01 -1.280771e-02 -1.827715e-01 -1.838950e-02 1.282835e-02 9.997486e-01 3.359409e-01
9.998338e-01 2.612562e-04 1.823195e-02 2.028452e+02 -2.690980e-05 9.999174e-01 -1.285268e-02 -1.780543e-01 -1.823380e-02 1.285005e-02 9.997512e-01 3.250701e-01
9.998322e-01 1.077860e-03 1.828797e-02 2.040408e+02 -8.541560e-04 9.999248e-01 -1.223568e-02 -1.715809e-01 -1.829979e-02 1.221800e-02 9.997579e-01 3.264532e-01
9.998242e-01 2.208394e-03 1.861877e-02 2.052491e+02 -1.982777e-03 9.999245e-01 -1.212750e-02 -1.705021e-01 -1.864415e-02 1.208845e-02 9.997531e-01 3.318336e-01
9.998143e-01 3.188919e-03 1.900247e-02 2.064009e+02 -2.967928e-03 9.999278e-01 -1.164645e-02 -1.687911e-01 -1.903824e-02 1.158789e-02 9.997516e-01 3.308448e-01
9.998073e-01 4.017928e-03 1.921403e-02 2.075792e+02 -3.794094e-03 9.999247e-01 -1.167179e-02 -1.648650e-01 -1.925948e-02 1.159664e-02 9.997473e-01 3.254009e-01
9.997985e-01 4.787966e-03 1.949565e-02 2.087521e+02 -4.539955e-03 9.999084e-01 -1.274577e-02 -1.690956e-01 -1.955489e-02 1.265469e-02 9.997287e-01 3.310523e-01
9.997880e-01 4.812141e-03 2.001943e-02 2.098871e+02 -4.559882e-03 9.999099e-01 -1.262737e-02 -1.677287e-01 -2.007839e-02 1.253340e-02 9.997199e-01 3.266153e-01
9.997683e-01 4.538190e-03 2.104181e-02 2.110324e+02 -4.264741e-03 9.999061e-01 -1.302220e-02 -1.662854e-01 -2.109893e-02 1.292945e-02 9.996938e-01 3.331747e-01
9.997742e-01 3.596627e-03 2.094541e-02 2.121354e+02 -3.334213e-03 9.999157e-01 -1.254997e-02 -1.695581e-01 -2.098878e-02 1.247730e-02 9.997019e-01 3.237709e-01
9.997875e-01 3.256846e-03 2.035580e-02 2.132380e+02 -3.009892e-03 9.999216e-01 -1.215077e-02 -1.715945e-01 -2.039378e-02 1.208692e-02 9.997190e-01 3.324665e-01
9.998021e-01 2.853078e-03 1.968887e-02 2.143365e+02 -2.620456e-03 9.999266e-01 -1.183060e-02 -1.717061e-01 -1.972118e-02 1.177667e-02 9.997361e-01 3.271209e-01
9.998015e-01 2.187519e-03 1.980216e-02 2.154009e+02 -1.947861e-03 9.999247e-01 -1.211384e-02 -1.679987e-01 -1.982717e-02 1.207287e-02 9.997305e-01 3.225391e-01
9.998026e-01 1.041837e-03 1.984164e-02 2.164761e+02 -7.928225e-04 9.999209e-01 -1.255383e-02 -1.666153e-01 -1.985315e-02 1.253562e-02 9.997243e-01 3.282424e-01
9.997876e-01 -6.235361e-04 2.060241e-02 2.175063e+02 8.930904e-04 9.999141e-01 -1.307702e-02 -1.609192e-01 -2.059249e-02 1.309264e-02 9.997022e-01 3.205613e-01
9.997610e-01 -2.518227e-03 2.171466e-02 2.185454e+02 2.826152e-03 9.998958e-01 -1.416151e-02 -1.554656e-01 -2.167673e-02 1.421949e-02 9.996639e-01 3.219077e-01
9.997240e-01 -4.510160e-03 2.305708e-02 2.195801e+02 4.831800e-03 9.998915e-01 -1.391309e-02 -1.457434e-01 -2.299183e-02 1.402066e-02 9.996373e-01 3.167747e-01
9.997081e-01 -6.994174e-03 2.312498e-02 2.205739e+02 7.306710e-03 9.998828e-01 -1.345831e-02 -1.381271e-01 -2.302814e-02 1.362335e-02 9.996420e-01 3.148527e-01
9.996936e-01 -9.388292e-03 2.290257e-02 2.215618e+02 9.690348e-03 9.998671e-01 -1.311361e-02 -1.185808e-01 -2.277641e-02 1.333153e-02 9.996517e-01 3.037101e-01
9.996541e-01 -1.226832e-02 2.326151e-02 2.225210e+02 1.257526e-02 9.998352e-01 -1.309482e-02 -1.024457e-01 -2.309702e-02 1.338281e-02 9.996436e-01 3.045020e-01
9.996043e-01 -1.524952e-02 2.363557e-02 2.234688e+02 1.555126e-02 9.997993e-01 -1.263586e-02 -8.770509e-02 -2.343814e-02 1.299842e-02 9.996408e-01 2.998741e-01
9.995646e-01 -1.785710e-02 2.348815e-02 2.243951e+02 1.815048e-02 9.997591e-01 -1.233727e-02 -6.602179e-02 -2.326218e-02 1.275822e-02 9.996480e-01 2.925931e-01
9.995039e-01 -2.113439e-02 2.335450e-02 2.252877e+02 2.143005e-02 9.996924e-01 -1.248270e-02 -4.180739e-02 -2.308350e-02 1.297699e-02 9.996493e-01 2.917737e-01
9.994383e-01 -2.413898e-02 2.324670e-02 2.261701e+02 2.443898e-02 9.996206e-01 -1.270878e-02 -1.664779e-02 -2.293110e-02 1.326976e-02 9.996490e-01 2.927550e-01
9.993556e-01 -2.735764e-02 2.323858e-02 2.270167e+02 2.763692e-02 9.995486e-01 -1.178293e-02 2.098018e-02 -2.290573e-02 1.241758e-02 9.996605e-01 2.842874e-01
9.992763e-01 -3.022722e-02 2.309135e-02 2.278502e+02 3.050050e-02 9.994677e-01 -1.157573e-02 5.570761e-02 -2.272915e-02 1.227165e-02 9.996663e-01 2.895948e-01
9.992248e-01 -3.258822e-02 2.208508e-02 2.286745e+02 3.280871e-02 9.994146e-01 -9.695787e-03 8.446612e-02 -2.175619e-02 1.041285e-02 9.997091e-01 2.815244e-01
9.991871e-01 -3.357952e-02 2.230573e-02 2.294706e+02 3.378980e-02 9.993874e-01 -9.118107e-03 1.175012e-01 -2.198588e-02 9.864401e-03 9.997096e-01 2.747564e-01
9.991880e-01 -3.307095e-02 2.301351e-02 2.302554e+02 3.328940e-02 9.994037e-01 -9.174607e-03 1.490282e-01 -2.269637e-02 9.933263e-03 9.996930e-01 2.716257e-01
9.991879e-01 -3.278343e-02 2.342422e-02 2.310148e+02 3.300756e-02 9.994124e-01 -9.246498e-03 1.743897e-01 -2.310732e-02 1.001217e-02 9.996828e-01 2.585658e-01
9.991978e-01 -3.248590e-02 2.341594e-02 2.317600e+02 3.271151e-02 9.994214e-01 -9.316791e-03 2.038472e-01 -2.309972e-02 1.007529e-02 9.996824e-01 2.650410e-01
9.992472e-01 -3.183780e-02 2.216778e-02 2.324933e+02 3.203548e-02 9.994496e-01 -8.620199e-03 2.318321e-01 -2.188113e-02 9.323865e-03 9.997171e-01 2.682895e-01
9.993020e-01 -3.124388e-02 2.047610e-02 2.332245e+02 3.141833e-02 9.994723e-01 -8.254014e-03 2.568357e-01 -2.020741e-02 8.891578e-03 9.997563e-01 2.731475e-01
9.993665e-01 -2.992275e-02 1.926565e-02 2.339610e+02 3.008433e-02 9.995141e-01 -8.152490e-03 2.813689e-01 -1.901234e-02 8.726919e-03 9.997812e-01 2.764437e-01
9.994074e-01 -2.870078e-02 1.900602e-02 2.346867e+02 2.884313e-02 9.995576e-01 -7.258616e-03 3.087023e-01 -1.878928e-02 7.802507e-03 9.997930e-01 2.735511e-01
9.994548e-01 -2.705165e-02 1.892821e-02 2.354065e+02 2.720056e-02 9.996007e-01 -7.654384e-03 3.315371e-01 -1.871359e-02 8.165069e-03 9.997916e-01 2.767664e-01
9.995023e-01 -2.519563e-02 1.898352e-02 2.361343e+02 2.535040e-02 9.996470e-01 -7.956784e-03 3.504614e-01 -1.877634e-02 8.434064e-03 9.997882e-01 2.756492e-01
9.995523e-01 -2.332577e-02 1.873702e-02 2.368410e+02 2.348217e-02 9.996909e-01 -8.171081e-03 3.712544e-01 -1.854064e-02 8.607409e-03 9.997911e-01 2.630329e-01
9.996043e-01 -2.118088e-02 1.851125e-02 2.375636e+02 2.133140e-02 9.997407e-01 -7.971982e-03 3.880059e-01 -1.833760e-02 8.363699e-03 9.997969e-01 2.681735e-01
9.996504e-01 -1.861908e-02 1.877486e-02 2.382627e+02 1.876704e-02 9.997939e-01 -7.735408e-03 4.031686e-01 -1.862696e-02 8.085052e-03 9.997938e-01 2.628292e-01
9.996988e-01 -1.563089e-02 1.892099e-02 2.389742e+02 1.579156e-02 9.998403e-01 -8.372422e-03 4.105861e-01 -1.878710e-02 8.668692e-03 9.997859e-01 2.624280e-01
9.997193e-01 -1.231625e-02 2.023737e-02 2.396777e+02 1.252759e-02 9.998680e-01 -1.034983e-02 4.272791e-01 -2.010723e-02 1.060045e-02 9.997416e-01 2.593583e-01
9.997438e-01 -9.569438e-03 2.051368e-02 2.403656e+02 9.786127e-03 9.998971e-01 -1.048889e-02 4.320821e-01 -2.041120e-02 1.068695e-02 9.997346e-01 2.590056e-01
9.997754e-01 -6.364203e-03 2.021858e-02 2.410706e+02 6.584317e-03 9.999196e-01 -1.083886e-02 4.417395e-01 -2.014797e-02 1.096955e-02 9.997368e-01 2.563058e-01
9.997894e-01 -3.559042e-03 2.021336e-02 2.417549e+02 3.776822e-03 9.999352e-01 -1.074612e-02 4.448852e-01 -2.017380e-02 1.082020e-02 9.997379e-01 2.525708e-01
9.998115e-01 -7.904499e-04 1.939916e-02 2.424520e+02 9.824387e-04 9.999506e-01 -9.889222e-03 4.507119e-01 -1.939038e-02 9.906417e-03 9.997629e-01 2.440372e-01
9.998162e-01 2.384098e-03 1.902352e-02 2.431546e+02 -2.200917e-03 9.999511e-01 -9.644272e-03 4.546703e-01 -1.904558e-02 9.600630e-03 9.997725e-01 2.468772e-01
9.997969e-01 4.941484e-03 1.953978e-02 2.438558e+02 -4.752130e-03 9.999414e-01 -9.725253e-03 4.518837e-01 -1.958669e-02 9.630422e-03 9.997618e-01 2.520281e-01
9.997782e-01 7.381979e-03 1.972561e-02 2.445697e+02 -7.194022e-03 9.999282e-01 -9.582657e-03 4.531978e-01 -1.979493e-02 9.438626e-03 9.997595e-01 2.365469e-01
9.997565e-01 9.583967e-03 1.987824e-02 2.452733e+02 -9.391501e-03 9.999083e-01 -9.753143e-03 4.482799e-01 -1.996989e-02 9.564082e-03 9.997548e-01 2.428830e-01
9.997477e-01 1.199923e-02 1.898753e-02 2.459900e+02 -1.181645e-02 9.998831e-01 -9.709033e-03 4.448147e-01 -1.910181e-02 9.482219e-03 9.997725e-01 2.461479e-01
9.997607e-01 1.360526e-02 1.712952e-02 2.467056e+02 -1.345616e-02 9.998708e-01 -8.789564e-03 4.396645e-01 -1.724689e-02 8.556962e-03 9.998146e-01 2.458955e-01
9.997648e-01 1.462015e-02 1.601938e-02 2.474279e+02 -1.447124e-02 9.998513e-01 -9.372708e-03 4.289724e-01 -1.615403e-02 9.138684e-03 9.998277e-01 2.369280e-01
9.997638e-01 1.493221e-02 1.578919e-02 2.481522e+02 -1.478360e-02 9.998457e-01 -9.487330e-03 4.228514e-01 -1.592842e-02 9.251668e-03 9.998303e-01 2.330062e-01
9.997668e-01 1.492674e-02 1.560656e-02 2.488745e+02 -1.477234e-02 9.998413e-01 -9.962164e-03 4.143751e-01 -1.575278e-02 9.729295e-03 9.998286e-01 2.359585e-01
9.997663e-01 1.524859e-02 1.531969e-02 2.496222e+02 -1.510504e-02 9.998413e-01 -9.442970e-03 4.084421e-01 -1.546125e-02 9.209360e-03 9.998381e-01 2.292466e-01
9.997641e-01 1.547399e-02 1.523866e-02 2.503608e+02 -1.534714e-02 9.998469e-01 -8.405785e-03 4.002116e-01 -1.536640e-02 8.169932e-03 9.998485e-01 2.140709e-01
9.997894e-01 1.587132e-02 1.301218e-02 2.511074e+02 -1.575493e-02 9.998354e-01 -8.998534e-03 3.888269e-01 -1.315285e-02 8.791632e-03 9.998748e-01 2.209053e-01
9.998001e-01 1.647205e-02 1.133281e-02 2.518689e+02 -1.632315e-02 9.997808e-01 -1.310784e-02 3.715021e-01 -1.154624e-02 1.292023e-02 9.998499e-01 2.259886e-01
9.997979e-01 1.683436e-02 1.099082e-02 2.526208e+02 -1.667960e-02 9.997625e-01 -1.402372e-02 3.544247e-01 -1.122429e-02 1.383756e-02 9.998413e-01 2.580686e-01
9.997488e-01 1.748557e-02 1.402487e-02 2.534098e+02 -1.727919e-02 9.997426e-01 -1.470367e-02 3.456905e-01 -1.427836e-02 1.445764e-02 9.997935e-01 2.156900e-01
9.996470e-01 1.776220e-02 1.976067e-02 2.541933e+02 -1.754800e-02 9.997860e-01 -1.096101e-02 3.416549e-01 -1.995113e-02 1.061038e-02 9.997447e-01 1.711364e-01
9.995757e-01 1.862030e-02 2.239997e-02 2.549796e+02 -1.833187e-02 9.997473e-01 -1.301370e-02 3.280193e-01 -2.263662e-02 1.259755e-02 9.996644e-01 1.646442e-01
9.995537e-01 2.066359e-02 2.157180e-02 2.557849e+02 -2.032369e-02 9.996676e-01 -1.585890e-02 3.120600e-01 -2.189233e-02 1.541341e-02 9.996415e-01 1.230116e-01
9.995684e-01 2.466913e-02 1.595014e-02 2.565725e+02 -2.446723e-02 9.996195e-01 -1.273193e-02 3.025444e-01 -1.625816e-02 1.233618e-02 9.997917e-01 1.284308e-01
9.995000e-01 2.913752e-02 1.227380e-02 2.573976e+02 -2.902766e-02 9.995378e-01 -9.035761e-03 2.967419e-01 -1.253141e-02 8.674963e-03 9.998838e-01 1.428758e-01
9.994164e-01 3.188351e-02 1.226105e-02 2.582115e+02 -3.178151e-02 9.994593e-01 -8.425645e-03 2.690466e-01 -1.252306e-02 8.031053e-03 9.998893e-01 1.312910e-01
9.992936e-01 3.487673e-02 1.399693e-02 2.590455e+02 -3.474215e-02 9.993488e-01 -9.746332e-03 2.398283e-01 -1.432774e-02 9.253164e-03 9.998546e-01 1.446543e-01
9.991568e-01 3.739993e-02 1.693793e-02 2.599137e+02 -3.717921e-02 9.992219e-01 -1.316332e-02 2.028393e-01 -1.741705e-02 1.252248e-02 9.997699e-01 1.465432e-01
9.990281e-01 3.999661e-02 1.851967e-02 2.607442e+02 -3.970895e-02 9.990888e-01 -1.564800e-02 1.631940e-01 -1.912866e-02 1.489739e-02 9.997060e-01 1.473379e-01
9.988962e-01 4.308552e-02 1.870818e-02 2.616045e+02 -4.278620e-02 9.989543e-01 -1.611537e-02 1.293974e-01 -1.938296e-02 1.529713e-02 9.996951e-01 1.330069e-01
9.987869e-01 4.589698e-02 1.783869e-02 2.624220e+02 -4.566259e-02 9.988679e-01 -1.333225e-02 1.034061e-01 -1.843041e-02 1.250152e-02 9.997520e-01 1.308177e-01
9.987084e-01 4.830084e-02 1.576588e-02 2.632608e+02 -4.810734e-02 9.987648e-01 -1.243000e-02 6.664958e-02 -1.634679e-02 1.165549e-02 9.997984e-01 1.327997e-01
9.985726e-01 5.104145e-02 1.573406e-02 2.641154e+02 -5.085939e-02 9.986365e-01 -1.176195e-02 2.972622e-02 -1.631295e-02 1.094494e-02 9.998070e-01 1.380225e-01
9.984107e-01 5.359357e-02 1.743033e-02 2.649456e+02 -5.339644e-02 9.985062e-01 -1.158491e-02 -1.197498e-02 -1.802517e-02 1.063578e-02 9.997810e-01 1.231477e-01
9.982234e-01 5.658522e-02 1.865868e-02 2.658082e+02 -5.638184e-02 9.983459e-01 -1.125188e-02 -5.329200e-02 -1.926451e-02 1.017988e-02 9.997626e-01 1.225988e-01
9.980652e-01 5.928945e-02 1.872557e-02 2.666253e+02 -5.910461e-02 9.981989e-01 -1.027507e-02 -9.597914e-02 -1.930105e-02 9.148420e-03 9.997718e-01 1.227878e-01
9.979111e-01 6.191101e-02 1.845077e-02 2.674744e+02 -6.173071e-02 9.980409e-01 -1.018721e-02 -1.458989e-01 -1.904532e-02 9.026949e-03 9.997779e-01 1.098232e-01
9.977520e-01 6.446198e-02 1.831807e-02 2.683435e+02 -6.426501e-02 9.978706e-01 -1.114633e-02 -2.019894e-01 -1.899758e-02 9.944060e-03 9.997701e-01 1.104560e-01
9.976227e-01 6.630120e-02 1.879016e-02 2.691788e+02 -6.605942e-02 9.977282e-01 -1.320950e-02 -2.625780e-01 -1.962328e-02 1.193683e-02 9.997362e-01 1.083657e-01
9.975575e-01 6.718471e-02 1.911195e-02 2.700372e+02 -6.689672e-02 9.976422e-01 -1.532928e-02 -3.221490e-01 -2.009678e-02 1.401331e-02 9.996998e-01 9.547900e-02
9.975286e-01 6.761158e-02 1.911703e-02 2.708653e+02 -6.732751e-02 9.976162e-01 -1.513234e-02 -3.759267e-01 -2.009458e-02 1.380784e-02 9.997028e-01 8.710760e-02
9.975003e-01 6.798598e-02 1.926290e-02 2.717169e+02 -6.768978e-02 9.975839e-01 -1.563383e-02 -4.313414e-01 -2.027924e-02 1.429085e-02 9.996922e-01 7.558688e-02
9.975087e-01 6.771133e-02 1.978852e-02 2.725959e+02 -6.740931e-02 9.976042e-01 -1.555108e-02 -4.866962e-01 -2.079410e-02 1.417841e-02 9.996833e-01 6.360816e-02
9.975123e-01 6.743584e-02 2.053076e-02 2.734421e+02 -6.713217e-02 9.976292e-01 -1.513801e-02 -5.392609e-01 -2.150293e-02 1.372208e-02 9.996746e-01 7.055012e-02
