1.000000e+00 0.000000e+00 0.000000e+00 0.000000e+00 0.000000e+00 1.000000e+00 0.000000e+00 0.000000e+00 0.000000e+00 0.000000e+00 1.000000e+00 0.000000e+00
9.999905e-01 1.465094e-03 -4.107399e-03 9.595584e-01 -1.461509e-03 9.999986e-01 8.757375e-04 6.831747e-03 4.108677e-03 -8.697262e-04 9.999912e-01 2.383188e-02
9.999889e-01 2.060126e-03 -4.253421e-03 1.913185e+00 -2.061706e-03 9.999978e-01 -3.670375e-04 3.693209e-03 4.252655e-03 3.758027e-04 9.999909e-01 3.150991e-02
9.999967e-01 2.169040e-03 -1.400942e-03 2.881834e+00 -2.171278e-03 9.999964e-01 -1.598175e-03 -2.428470e-03 1.397470e-03 1.601212e-03 9.999977e-01 3.368771e-02
9.999934e-01 1.246750e-03 3.404603e-03 3.831104e+00 -1.228780e-03 9.999853e-01 -5.275101e-03 -8.295647e-03 -3.411130e-03 5.270883e-03 9.999803e-01 1.453413e-02
9.999917e-01 -3.342365e-04 4.066890e-03 4.773024e+00 3.624528e-04 9.999759e-01 -6.939284e-03 -3.416903e-03 -4.064472e-03 6.940701e-03 9.999676e-01 3.557249e-02
9.999991e-01 -8.755647e-04 1.005419e-03 5.714775e+00 8.849158e-04 9.999560e-01 -9.338178e-03 -8.569291e-03 -9.971984e-04 9.339059e-03 9.999559e-01 4.611032e-02
9.999971e-01 -1.876420e-03 -1.509592e-03 6.635222e+00 1.861350e-03 9.999490e-01 -9.922909e-03 8.225171e-04 1.528134e-03 9.920070e-03 9.999496e-01 8.156927e-02
9.999939e-01 -2.707011e-03 -2.226585e-03 7.561438e+00 2.683239e-03 9.999401e-01 -1.061131e-02 9.497598e-03 2.255177e-03 1.060527e-02 9.999412e-01 8.418441e-02
9.999933e-01 -3.468407e-03 -1.211308e-03 8.499350e+00 3.456525e-03 9.999472e-01 -9.677073e-03 7.051185e-03 1.244808e-03 9.672821e-03 9.999524e-01 9.254260e-02
9.999915e-01 -3.956989e-03 1.176296e-03 9.407766e+00 3.967642e-03 9.999499e-01 -9.196028e-03 1.557633e-02 -1.139849e-03 9.200617e-03 9.999570e-01 1.066883e-01
9.999849e-01 -5.058993e-03 2.174945e-03 1.032909e+01 5.080942e-03 9.999350e-01 -1.020712e-02 2.294283e-02 -2.123166e-03 1.021801e-02 9.999455e-01 1.104998e-01
9.999766e-01 -5.980182e-03 3.309877e-03 1.124975e+01 6.019928e-03 9.999083e-01 -1.213184e-02 3.489663e-02 -3.237023e-03 1.215149e-02 9.999209e-01 1.261788e-01
9.999709e-01 -6.878936e-03 3.285551e-03 1.215678e+01 6.919280e-03 9.998988e-01 -1.242989e-02 5.146829e-02 -3.199714e-03 1.245226e-02 9.999173e-01 1.324411e-01
9.999692e-01 -7.516859e-03 2.236142e-03 1.306264e+01 7.544766e-03 9.998903e-01 -1.274501e-02 5.975438e-02 -2.140094e-03 1.276149e-02 9.999163e-01 1.371951e-01
9.999598e-01 -8.959253e-03 2.975448e-04 1.397236e+01 8.962424e-03 9.998710e-01 -1.332666e-02 6.830445e-02 -1.781095e-04 1.332880e-02 9.999111e-01 1.550795e-01
9.999474e-01 -1.024644e-02 -4.356748e-04 1.485407e+01 1.023872e-02 9.998341e-01 -1.506856e-02 7.344552e-02 5.900017e-04 1.506331e-02 9.998864e-01 1.809897e-01
9.999281e-01 -1.195678e-02 -9.872677e-04 1.573523e+01 1.194193e-02 9.998323e-01 -1.388086e-02 8.794164e-02 1.153073e-03 1.386807e-02 9.999031e-01 1.830540e-01
9.999129e-01 -1.313860e-02 -1.232063e-03 1.663839e+01 1.312150e-02 9.998295e-01 -1.298931e-02 9.475233e-02 1.402515e-03 1.297202e-02 9.999149e-01 2.000777e-01
9.998905e-01 -1.474010e-02 -1.305139e-03 1.751548e+01 1.472453e-02 9.998286e-01 -1.122387e-02 1.199867e-01 1.470356e-03 1.120342e-02 9.999362e-01 2.060029e-01
9.998690e-01 -1.617386e-02 -5.580854e-04 1.841023e+01 1.616647e-02 9.998046e-01 -1.138056e-02 1.361053e-01 7.420439e-04 1.137004e-02 9.999351e-01 2.167888e-01
9.998478e-01 -1.743760e-02 5.815075e-04 1.930497e+01 1.744314e-02 9.997816e-01 -1.150841e-02 1.542385e-01 -3.807015e-04 1.151680e-02 9.999336e-01 2.276353e-01
9.998231e-01 -1.876778e-02 1.229766e-03 2.017880e+01 1.877838e-02 9.997808e-01 -9.260695e-03 1.731541e-01 -1.055693e-03 9.282150e-03 9.999564e-01 2.363291e-01
9.997941e-01 -2.023963e-02 1.440217e-03 2.104565e+01 2.025330e-02 9.997427e-01 -1.021290e-02 1.889576e-01 -1.233141e-03 1.023996e-02 9.999468e-01 2.502409e-01
9.997622e-01 -2.176071e-02 1.435181e-03 2.192028e+01 2.177340e-02 9.997177e-01 -9.516781e-03 2.037213e-01 -1.227684e-03 9.545767e-03 9.999537e-01 2.755772e-01
9.997356e-01 -2.294183e-02 1.549351e-03 2.277112e+01 2.295322e-02 9.997062e-01 -7.787757e-03 2.259564e-01 -1.370231e-03 7.821261e-03 9.999685e-01 2.840546e-01
9.997114e-01 -2.383139e-02 3.025685e-03 2.364449e+01 2.385227e-02 9.996905e-01 -7.062132e-03 2.479530e-01 -2.856449e-03 7.132263e-03 9.999705e-01 2.913150e-01
9.996760e-01 -2.493748e-02 5.096334e-03 2.448376e+01 2.497474e-02 9.996608e-01 -7.381409e-03 2.698441e-01 -4.910531e-03 7.506297e-03 9.999598e-01 2.969804e-01
9.996533e-01 -2.549227e-02 6.579469e-03 2.531272e+01 2.554129e-02 9.996458e-01 -7.478373e-03 2.917399e-01 -6.386498e-03 7.643829e-03 9.999504e-01 3.007093e-01
9.996433e-01 -2.601200e-02 6.058920e-03 2.614468e+01 2.605033e-02 9.996405e-01 -6.336393e-03 3.166355e-01 -5.891920e-03 6.491970e-03 9.999616e-01 3.134831e-01
9.996340e-01 -2.671363e-02 4.260291e-03 2.695057e+01 2.673462e-02 9.996303e-01 -4.947963e-03 3.451337e-01 -4.126538e-03 5.060050e-03 9.999787e-01 3.306794e-01
9.996111e-01 -2.771067e-02 3.126252e-03 2.774410e+01 2.772403e-02 9.996063e-01 -4.312429e-03 3.720108e-01 -3.005521e-03 4.397424e-03 9.999858e-01 3.363005e-01
9.995856e-01 -2.865356e-02 2.776321e-03 2.855059e+01 2.866338e-02 9.995828e-01 -3.564834e-03 4.036236e-01 -2.673018e-03 3.642935e-03 9.999898e-01 3.401142e-01
9.995564e-01 -2.967990e-02 2.491513e-03 2.932195e+01 2.968980e-02 9.995510e-01 -4.037084e-03 4.290873e-01 -2.370574e-03 4.109265e-03 9.999887e-01 3.482515e-01
9.995056e-01 -3.136007e-02 2.231732e-03 3.009261e+01 3.136703e-02 9.995030e-01 -3.153536e-03 4.573269e-01 -2.131727e-03 3.221979e-03 9.999925e-01 3.521788e-01
9.994513e-01 -3.305075e-02 2.198156e-03 3.086538e+01 3.305750e-02 9.994486e-01 -3.108101e-03 4.810631e-01 -2.094219e-03 3.179061e-03 9.999927e-01 3.611433e-01
9.993812e-01 -3.505729e-02 2.877818e-03 3.161653e+01 3.506667e-02 9.993796e-01 -3.276106e-03 5.139953e-01 -2.761181e-03 3.374994e-03 9.999905e-01 3.689339e-01
9.993190e-01 -3.665248e-02 4.249384e-03 3.236726e+01 3.666984e-02 9.993191e-01 -4.083438e-03 5.374009e-01 -4.096823e-03 4.236482e-03 9.999827e-01 3.594949e-01
9.992480e-01 -3.838335e-02 5.500503e-03 3.312144e+01 3.840134e-02 9.992573e-01 -3.201836e-03 5.681128e-01 -5.373520e-03 3.410654e-03 9.999797e-01 3.672806e-01
9.991711e-01 -4.030081e-02 5.745966e-03 3.383344e+01 4.031739e-02 9.991830e-01 -2.798830e-03 6.038194e-01 -5.628477e-03 3.028172e-03 9.999796e-01 3.782773e-01
9.991103e-01 -4.187307e-02 5.021513e-03 3.455923e+01 4.187645e-02 9.991226e-01 -5.697506e-04 6.360155e-01 -4.993250e-03 7.795268e-04 9.999872e-01 3.820251e-01
9.990385e-01 -4.363687e-02 4.241281e-03 3.525521e+01 4.363120e-02 9.990467e-01 1.419153e-03 6.739627e-01 -4.299166e-03 -1.232736e-03 9.999900e-01 3.758280e-01
9.989752e-01 -4.498128e-02 5.034428e-03 3.595660e+01 4.497228e-02 9.989865e-01 1.886553e-03 7.058437e-01 -5.114185e-03 -1.658210e-03 9.999856e-01 3.852212e-01
9.989329e-01 -4.578666e-02 6.050074e-03 3.666638e+01 4.577116e-02 9.989483e-01 2.676678e-03 7.364580e-01 -6.166267e-03 -2.396903e-03 9.999781e-01 3.838091e-01
9.989245e-01 -4.592942e-02 6.347593e-03 3.733344e+01 4.589665e-02 9.989326e-01 5.215181e-03 7.776794e-01 -6.580347e-03 -4.918239e-03 9.999663e-01 3.801730e-01
9.989940e-01 -4.461083e-02 4.572578e-03 3.799527e+01 4.457327e-02 9.989740e-01 8.011717e-03 8.154796e-01 -4.925296e-03 -7.799842e-03 9.999574e-01 4.007970e-01
9.990788e-01 -4.288284e-02 1.660903e-03 3.867091e+01 4.286467e-02 9.990332e-01 9.757709e-03 8.492699e-01 -2.077735e-03 -9.677525e-03 9.999510e-01 4.097397e-01
9.991689e-01 -4.076119e-02 1.579170e-04 3.930726e+01 4.075716e-02 9.991117e-01 1.070793e-02 8.829045e-01 -5.942446e-04 -1.069259e-02 9.999427e-01 4.192652e-01
9.992806e-01 -3.791730e-02 7.661266e-04 3.995911e+01 3.790604e-02 9.992155e-01 1.146787e-02 9.126748e-01 -1.200356e-03 -1.143058e-02 9.999340e-01 4.245391e-01
9.993917e-01 -3.467607e-02 3.700153e-03 4.061033e+01 3.461061e-02 9.992648e-01 1.648983e-02 9.466568e-01 -4.269235e-03 -1.635174e-02 9.998572e-01 4.396761e-01
9.994894e-01 -3.116740e-02 7.030016e-03 4.123919e+01 3.100714e-02 9.992802e-01 2.185619e-02 9.745278e-01 -7.706156e-03 -2.162705e-02 9.997364e-01 4.357194e-01
9.996061e-01 -2.703830e-02 7.522644e-03 4.184866e+01 2.683632e-02 9.993077e-01 2.576672e-02 1.008379e+00 -8.214125e-03 -2.555469e-02 9.996397e-01 4.247747e-01
9.997380e-01 -2.136565e-02 8.218437e-03 4.244734e+01 2.111560e-02 9.993448e-01 2.939486e-02 1.025915e+00 -8.841094e-03 -2.921362e-02 9.995341e-01 4.282912e-01
9.998259e-01 -1.588619e-02 9.790051e-03 4.301591e+01 1.556097e-02 9.993524e-01 3.244513e-02 1.052080e+00 -1.029914e-02 -3.228714e-02 9.994256e-01 4.238129e-01
9.998953e-01 -9.367440e-03 1.102671e-02 4.357534e+01 8.952046e-03 9.992701e-01 3.713655e-02 1.070797e+00 -1.136654e-02 -3.703396e-02 9.992493e-01 4.122694e-01
9.999390e-01 -1.972205e-03 1.086277e-02 4.410877e+01 1.536317e-03 9.991989e-01 3.998994e-02 1.085456e+00 -1.093294e-02 -3.997082e-02 9.991410e-01 4.093648e-01
9.999219e-01 5.220722e-03 1.135700e-02 4.460472e+01 -5.696590e-03 9.990895e-01 4.228014e-02 1.087940e+00 -1.112593e-02 -4.234153e-02 9.990413e-01 4.227647e-01
9.998550e-01 1.275741e-02 1.128290e-02 4.509492e+01 -1.326681e-02 9.988400e-01 4.628908e-02 1.095305e+00 -1.067928e-02 -4.643205e-02 9.988644e-01 4.237851e-01
9.997475e-01 2.048695e-02 9.235077e-03 4.557588e+01 -2.092825e-02 9.985031e-01 5.053321e-02 1.098797e+00 -8.185981e-03 -5.071373e-02 9.986797e-01 4.206334e-01
9.995571e-01 2.873131e-02 7.745719e-03 4.599432e+01 -2.909626e-02 9.982203e-01 5.205373e-02 1.092969e+00 -6.236362e-03 -5.225606e-02 9.986143e-01 4.521115e-01
9.992868e-01 3.699547e-02 7.563011e-03 4.642978e+01 -3.734400e-02 9.979064e-01 5.280406e-02 1.081891e+00 -5.593666e-03 -5.304883e-02 9.985762e-01 4.398475e-01
9.989514e-01 4.483196e-02 9.289587e-03 4.682825e+01 -4.525668e-02 9.976147e-01 5.212273e-02 1.063328e+00 -6.930665e-03 -5.248849e-02 9.985975e-01 4.490386e-01
9.985605e-01 5.261234e-02 1.042862e-02 4.721161e+01 -5.309755e-02 9.971515e-01 5.356855e-02 1.049219e+00 -7.580547e-03 -5.404518e-02 9.985097e-01 4.461493e-01
9.980481e-01 6.148596e-02 1.093449e-02 4.757658e+01 -6.200331e-02 9.965115e-01 5.586119e-02 1.042149e+00 -7.461663e-03 -5.643013e-02 9.983787e-01 4.411187e-01
9.974759e-01 7.009631e-02 1.133202e-02 4.789129e+01 -7.065520e-02 9.956741e-01 6.034010e-02 1.031683e+00 -7.053384e-03 -6.098845e-02 9.981136e-01 4.434766e-01
9.967927e-01 7.906705e-02 1.235296e-02 4.818824e+01 -7.969960e-02 9.947581e-01 6.406567e-02 1.017972e+00 -7.222718e-03 -6.484473e-02 9.978693e-01 4.420105e-01
9.959964e-01 8.842403e-02 1.313362e-02 4.848289e+01 -8.908480e-02 9.939906e-01 6.361297e-02 9.929631e-01 -7.429780e-03 -6.452829e-02 9.978882e-01 4.470785e-01
9.949861e-01 9.920783e-02 1.267135e-02 4.874285e+01 -9.981142e-02 9.930266e-01 6.273661e-02 9.513294e-01 -6.359027e-03 -6.368680e-02 9.979497e-01 4.678718e-01
9.937380e-01 1.112968e-01 9.891054e-03 4.901222e+01 -1.116965e-01 9.918298e-01 6.162399e-02 9.170462e-01 -2.951687e-03 -6.234290e-02 9.980505e-01 4.798356e-01
9.921874e-01 1.245348e-01 7.437966e-03 4.928094e+01 -1.247562e-01 9.902425e-01 6.209388e-02 8.807824e-01 3.674593e-04 -6.253669e-02 9.980426e-01 4.899701e-01
9.901199e-01 1.400842e-01 6.250121e-03 4.953135e+01 -1.401971e-01 9.880825e-01 6.354266e-02 8.373376e-01 2.725685e-03 -6.379110e-02 9.979596e-01 4.776275e-01
9.876673e-01 1.564329e-01 6.486515e-03 4.979573e+01 -1.565231e-01 9.855555e-01 6.466044e-02 7.925179e-01 3.722201e-03 -6.487829e-02 9.978862e-01 4.862515e-01
9.848330e-01 1.733780e-01 6.630311e-03 5.003545e+01 -1.734388e-01 9.826858e-01 6.517310e-02 7.476070e-01 4.784072e-03 -6.533457e-02 9.978520e-01 4.914115e-01
9.815127e-01 1.912785e-01 6.735323e-03 5.028339e+01 -1.913110e-01 9.794083e-01 6.449381e-02 6.912239e-01 5.739649e-03 -6.459004e-02 9.978954e-01 4.992562e-01
9.775635e-01 2.105073e-01 7.501311e-03 5.054111e+01 -2.105538e-01 9.755147e-01 6.354768e-02 6.167649e-01 6.059616e-03 -6.370132e-02 9.979506e-01 5.051294e-01
9.730108e-01 2.306277e-01 7.800105e-03 5.078000e+01 -2.306502e-01 9.709532e-01 6.364162e-02 5.556356e-01 7.103987e-03 -6.372308e-02 9.979423e-01 5.066895e-01
9.677280e-01 2.518808e-01 7.652006e-03 5.101567e+01 -2.518384e-01 9.655961e-01 6.481934e-02 4.916289e-01 8.937995e-03 -6.465455e-02 9.978677e-01 5.075544e-01
9.615254e-01 2.746125e-01 7.542764e-03 5.126732e+01 -2.745039e-01 9.593414e-01 6.566312e-02 4.014537e-01 1.079583e-02 -6.520728e-02 9.978133e-01 5.105827e-01
9.542535e-01 2.988853e-01 8.234453e-03 5.150246e+01 -2.987598e-01 9.520282e-01 6.621819e-02 3.283894e-01 1.195221e-02 -6.564906e-02 9.977712e-01 5.149726e-01
9.458700e-01 3.244106e-01 9.363185e-03 5.174593e+01 -3.242812e-01 9.435412e-01 6.761389e-02 2.450954e-01 1.310011e-02 -6.699026e-02 9.976676e-01 5.050443e-01
9.361455e-01 3.514331e-01 1.123734e-02 5.201102e+01 -3.513416e-01 9.336908e-01 6.914138e-02 1.322913e-01 1.380636e-02 -6.867454e-02 9.975436e-01 5.162575e-01
9.249449e-01 3.799116e-01 1.200009e-02 5.223666e+01 -3.797946e-01 9.224709e-01 6.930761e-02 3.674503e-02 1.526103e-02 -6.866329e-02 9.975232e-01 5.139217e-01
9.120442e-01 4.099244e-01 1.171959e-02 5.246782e+01 -4.097375e-01 9.096960e-01 6.758915e-02 -8.471213e-02 1.704517e-02 -6.644625e-02 9.976444e-01 5.279738e-01
8.968892e-01 4.421327e-01 1.041665e-02 5.272260e+01 -4.418415e-01 8.947822e-01 6.434947e-02 -2.432691e-01 1.913038e-02 -6.231685e-02 9.978731e-01 5.425366e-01
8.793650e-01 4.760687e-01 8.706753e-03 5.292813e+01 -4.756085e-01 8.773508e-01 6.365564e-02 -3.812003e-01 2.266558e-02 -6.011755e-02 9.979339e-01 5.484143e-01
8.597885e-01 5.106000e-01 7.161505e-03 5.317279e+01 -5.099345e-01 8.577570e-01 6.495976e-02 -5.569528e-01 2.702563e-02 -5.950356e-02 9.978622e-01 5.571718e-01
8.377290e-01 5.460489e-01 6.382871e-03 5.337926e+01 -5.452189e-01 8.356829e-01 6.610937e-02 -7.078815e-01 3.076489e-02 -5.886181e-02 9.977919e-01 5.653849e-01
8.132085e-01 5.819303e-01 7.013966e-03 5.361272e+01 -5.809981e-01 8.110906e-01 6.762555e-02 -8.872008e-01 3.366439e-02 -5.906877e-02 9.976861e-01 5.717868e-01
7.861314e-01 6.179790e-01 9.971832e-03 5.386753e+01 -6.170113e-01 7.837570e-01 7.086679e-02 -1.108907e+00 3.597869e-02 -6.186335e-02 9.974359e-01 5.928814e-01
7.564417e-01 6.539224e-01 1.347197e-02 5.408818e+01 -6.529332e-01 7.537677e-01 7.424593e-02 -1.307013e+00 3.839634e-02 -6.495901e-02 9.971489e-01 5.937974e-01
7.235098e-01 6.901400e-01 1.550615e-02 5.432808e+01 -6.891243e-01 7.207622e-01 7.489759e-02 -1.556428e+00 4.051357e-02 -6.487481e-02 9.970707e-01 6.090475e-01
6.869942e-01 7.264625e-01 1.706324e-02 5.458089e+01 -7.255138e-01 6.843985e-01 7.230745e-02 -1.859445e+00 4.085060e-02 -6.205441e-02 9.972364e-01 6.396099e-01
6.477329e-01 7.616432e-01 1.848876e-02 5.479343e+01 -7.607146e-01 6.452275e-01 7.067361e-02 -2.127789e+00 4.189862e-02 -5.984229e-02 9.973282e-01 6.637827e-01
6.055334e-01 7.955621e-01 2.025925e-02 5.503749e+01 -7.946280e-01 6.030376e-01 7.008690e-02 -2.486005e+00 4.354138e-02 -5.853852e-02 9.973351e-01 6.824026e-01
5.595017e-01 8.285797e-01 2.033687e-02 5.523076e+01 -8.275396e-01 5.570947e-01 6.945302e-02 -2.811090e+00 4.621780e-02 -5.568865e-02 9.973779e-01 7.055120e-01
5.114481e-01 8.590425e-01 2.160727e-02 5.543133e+01 -8.580003e-01 5.091147e-01 6.810040e-02 -3.203359e+00 4.750055e-02 -5.336887e-02 9.974445e-01 7.390777e-01
4.623531e-01 8.863766e-01 2.379868e-02 5.564442e+01 -8.854350e-01 4.600984e-01 6.568388e-02 -3.632253e+00 4.727091e-02 -5.144133e-02 9.975566e-01 7.575749e-01
4.126222e-01 9.104718e-01 2.800184e-02 5.580431e+01 -9.097457e-01 4.103549e-01 6.302096e-02 -4.022823e+00 4.588811e-02 -5.147840e-02 9.976193e-01 7.808149e-01
3.626904e-01 9.313139e-01 3.331866e-02 5.596701e+01 -9.307889e-01 3.602696e-01 6.195153e-02 -4.468767e+00 4.569262e-02 -5.348187e-02 9.975229e-01 7.723023e-01
3.128139e-01 9.491921e-01 3.437695e-02 5.612677e+01 -9.485746e-01 3.103522e-01 6.235103e-02 -4.947428e+00 4.851415e-02 -5.211337e-02 9.974621e-01 7.730042e-01
2.653224e-01 9.637604e-01 2.774826e-02 5.621668e+01 -9.629056e-01 2.634001e-01 5.859246e-02 -5.410861e+00 4.916020e-02 -4.226485e-02 9.978963e-01 8.210113e-01
2.203563e-01 9.752508e-01 1.814031e-02 5.629383e+01 -9.742513e-01 2.191444e-01 5.301058e-02 -5.906575e+00 4.772326e-02 -2.935444e-02 9.984292e-01 8.379217e-01
1.775639e-01 9.840277e-01 1.267679e-02 5.636892e+01 -9.829118e-01 1.766979e-01 5.159782e-02 -6.453862e+00 4.853372e-02 -2.162208e-02 9.985875e-01 9.002895e-01
1.389247e-01 9.902387e-01 1.128282e-02 5.642220e+01 -9.889656e-01 1.381361e-01 5.352987e-02 -6.964654e+00 5.144878e-02 -1.859494e-02 9.985025e-01 8.979247e-01
1.053606e-01 9.944152e-01 6.131667e-03 5.646420e+01 -9.930356e-01 1.048835e-01 5.366309e-02 -7.489636e+00 5.272028e-02 -1.174294e-02 9.985403e-01 9.589774e-01
7.552195e-02 9.971440e-01 5.640190e-04 5.649062e+01 -9.957840e-01 7.538939e-02 5.225654e-02 -8.051486e+00 5.206477e-02 -4.508163e-03 9.986336e-01 1.000594e+00
4.998666e-02 9.987440e-01 -3.421778e-03 5.650438e+01 -9.974324e-01 5.009633e-02 5.117535e-02 -8.612616e+00 5.128250e-02 8.549089e-04 9.986838e-01 1.025834e+00
2.957767e-02 9.995358e-01 -7.317724e-03 5.651429e+01 -9.982965e-01 2.990782e-02 5.009822e-02 -9.186775e+00 5.029382e-02 5.823461e-03 9.987175e-01 1.060824e+00
1.309752e-02 9.998813e-01 -8.135896e-03 5.651171e+01 -9.986158e-01 1.349461e-02 5.083958e-02 -9.774374e+00 5.094333e-02 7.458752e-03 9.986737e-01 1.097089e+00
-3.496408e-04 9.999607e-01 -8.858605e-03 5.650719e+01 -9.987012e-01 1.021624e-04 5.095071e-02 -1.036255e+01 5.094961e-02 8.864913e-03 9.986619e-01 1.112964e+00
-1.236928e-02 9.998847e-01 -8.818115e-03 5.650249e+01 -9.985950e-01 -1.189792e-02 5.163884e-02 -1.096861e+01 5.152797e-02 9.444457e-03 9.986269e-01 1.125258e+00
-2.190948e-02 9.996895e-01 -1.187720e-02 5.647804e+01 -9.983232e-01 -2.123964e-02 5.385145e-02 -1.158112e+01 5.358245e-02 1.303713e-02 9.984783e-01 1.170012e+00
-2.895164e-02 9.994772e-01 -1.440252e-02 5.644609e+01 -9.980623e-01 -2.811062e-02 5.551320e-02 -1.221405e+01 5.507930e-02 1.598180e-02 9.983541e-01 1.220878e+00
-3.339243e-02 9.993349e-01 -1.466355e-02 5.641687e+01 -9.979302e-01 -3.253150e-02 5.547424e-02 -1.285614e+01 5.496031e-02 1.648561e-02 9.983524e-01 1.245453e+00
-3.706765e-02 9.992289e-01 -1.294956e-02 5.639783e+01 -9.979303e-01 -3.633177e-02 5.305927e-02 -1.352121e+01 5.254787e-02 1.488953e-02 9.985074e-01 1.284643e+00
-3.924119e-02 9.991553e-01 -1.219646e-02 5.637555e+01 -9.981274e-01 -3.862190e-02 4.743356e-02 -1.419357e+01 4.692244e-02 1.403498e-02 9.987999e-01 1.277309e+00
-4.029632e-02 9.990972e-01 -1.346041e-02 5.634222e+01 -9.983067e-01 -3.969145e-02 4.252669e-02 -1.487437e+01 4.195403e-02 1.515128e-02 9.990047e-01 1.295567e+00
-4.076374e-02 9.990411e-01 -1.597495e-02 5.630903e+01 -9.983757e-01 -4.008925e-02 4.048366e-02 -1.556617e+01 3.980441e-02 1.759927e-02 9.990525e-01 1.323598e+00
-4.101717e-02 9.989628e-01 -1.977549e-02 5.627629e+01 -9.982902e-01 -4.014850e-02 4.248361e-02 -1.626566e+01 4.164559e-02 2.148423e-02 9.989014e-01 1.362328e+00
-4.025352e-02 9.989949e-01 -1.972065e-02 5.624391e+01 -9.980398e-01 -3.925288e-02 4.874060e-02 -1.696144e+01 4.791752e-02 2.164397e-02 9.986168e-01 1.402650e+00
-3.862917e-02 9.990844e-01 -1.839306e-02 5.622398e+01 -9.977663e-01 -3.756118e-02 5.524352e-02 -1.766632e+01 5.450207e-02 2.048598e-02 9.983035e-01 1.470140e+00
-3.671312e-02 9.991511e-01 -1.869178e-02 5.619573e+01 -9.977441e-01 -3.559661e-02 5.691977e-02 -1.839027e+01 5.620608e-02 2.073931e-02 9.982038e-01 1.496387e+00
-3.425145e-02 9.992113e-01 -2.009222e-02 5.616924e+01 -9.980412e-01 -3.314435e-02 5.306133e-02 -1.913553e+01 5.235353e-02 2.187028e-02 9.983891e-01 1.526297e+00
-3.130102e-02 9.992802e-01 -2.143422e-02 5.614569e+01 -9.984190e-01 -3.025794e-02 4.737225e-02 -1.988531e+01 4.668960e-02 2.288312e-02 9.986473e-01 1.539873e+00
-2.881777e-02 9.993926e-01 -1.960376e-02 5.613853e+01 -9.985693e-01 -2.789915e-02 4.562245e-02 -2.061965e+01 4.504781e-02 2.089044e-02 9.987664e-01 1.571573e+00
-2.618611e-02 9.993296e-01 -2.558941e-02 5.610749e+01 -9.984312e-01 -2.487803e-02 5.016503e-02 -2.133839e+01 4.949478e-02 2.686288e-02 9.984131e-01 1.641859e+00
-2.335620e-02 9.993662e-01 -2.687235e-02 5.608878e+01 -9.982483e-01 -2.185166e-02 5.498235e-02 -2.205623e+01 5.436029e-02 2.810945e-02 9.981257e-01 1.695188e+00
-2.098536e-02 9.995499e-01 -2.144377e-02 5.608392e+01 -9.982426e-01 -1.975930e-02 5.587023e-02 -2.279604e+01 5.542137e-02 2.257854e-02 9.982077e-01 1.721949e+00
-1.741874e-02 9.996913e-01 -1.771979e-02 5.608997e+01 -9.984492e-01 -1.645434e-02 5.318476e-02 -2.353222e+01 5.287677e-02 1.861871e-02 9.984275e-01 1.742387e+00
-1.265073e-02 9.996473e-01 -2.335540e-02 5.606671e+01 -9.986796e-01 -1.146841e-02 5.007872e-02 -2.426736e+01 4.979320e-02 2.395808e-02 9.984722e-01 1.757990e+00
-9.779453e-03 9.995701e-01 -2.763858e-02 5.605246e+01 -9.986616e-01 -8.359313e-03 5.103962e-02 -2.501101e+01 5.078664e-02 2.810073e-02 9.983141e-01 1.811101e+00
-6.793857e-03 9.996089e-01 -2.713058e-02 5.604575e+01 -9.984897e-01 -5.302072e-03 5.468372e-02 -2.574304e+01 5.451848e-02 2.746112e-02 9.981351e-01 1.880927e+00
-3.248930e-03 9.997096e-01 -2.388494e-02 5.605178e+01 -9.984342e-01 -1.909018e-03 5.590977e-02 -2.647768e+01 5.584793e-02 2.402917e-02 9.981501e-01 1.903062e+00
4.196763e-04 9.997254e-01 -2.343521e-02 5.606047e+01 -9.984941e-01 1.704633e-03 5.483594e-02 -2.722116e+01 5.486082e-02 2.337689e-02 9.982203e-01 1.958837e+00
3.812194e-03 9.996077e-01 -2.774866e-02 5.606025e+01 -9.985722e-01 5.283833e-03 5.315749e-02 -2.797857e+01 5.328325e-02 2.750639e-02 9.982005e-01 1.993656e+00
7.181823e-03 9.995000e-01 -3.079404e-02 5.605234e+01 -9.985593e-01 8.805931e-03 5.293439e-02 -2.871939e+01 5.317909e-02 3.036951e-02 9.981230e-01 2.053304e+00
1.034087e-02 9.994197e-01 -3.245682e-02 5.606155e+01 -9.984908e-01 1.207119e-02 5.357663e-02 -2.946058e+01 5.393732e-02 3.185381e-02 9.980361e-01 2.116086e+00
1.307654e-02 9.993957e-01 -3.220520e-02 5.606640e+01 -9.984577e-01 1.478869e-02 5.351214e-02 -3.019694e+01 5.395608e-02 3.145578e-02 9.980477e-01 2.160314e+00
1.633114e-02 9.992870e-01 -3.403939e-02 5.608455e+01 -9.984539e-01 1.810771e-02 5.255470e-02 -3.094486e+01 5.313360e-02 3.312849e-02 9.980378e-01 2.185678e+00
1.977843e-02 9.991565e-01 -3.598411e-02 5.609085e+01 -9.984186e-01 2.163249e-02 5.188742e-02 -3.170041e+01 5.262208e-02 3.490096e-02 9.980044e-01 2.228463e+00
2.265316e-02 9.991491e-01 -3.446719e-02 5.610425e+01 -9.983166e-01 2.444863e-02 5.259511e-02 -3.244721e+01 5.339303e-02 3.321772e-02 9.980209e-01 2.267678e+00
2.595699e-02 9.991537e-01 -3.191229e-02 5.612941e+01 -9.981777e-01 2.764487e-02 5.363941e-02 -3.320297e+01 5.447622e-02 3.046181e-02 9.980503e-01 2.315749e+00
2.852845e-02 9.990468e-01 -3.303950e-02 5.614955e+01 -9.981030e-01 3.027439e-02 5.360826e-02 -3.395114e+01 5.455741e-02 3.144746e-02 9.980153e-01 2.366308e+00
3.125101e-02 9.990056e-01 -3.179758e-02 5.617991e+01 -9.980221e-01 3.292471e-02 5.355179e-02 -3.470307e+01 5.454547e-02 3.006114e-02 9.980587e-01 2.405956e+00
3.353643e-02 9.989632e-01 -3.078689e-02 5.620535e+01 -9.979267e-01 3.516299e-02 5.390695e-02 -3.547792e+01 5.493363e-02 2.891520e-02 9.980713e-01 2.453403e+00
3.644025e-02 9.989026e-01 -2.942494e-02 5.624128e+01 -9.978126e-01 3.799409e-02 5.409818e-02 -3.620590e+01 5.515678e-02 2.738922e-02 9.981019e-01 2.498604e+00
3.921676e-02 9.988682e-01 -2.691547e-02 5.627097e+01 -9.976259e-01 4.066563e-02 5.557828e-02 -3.696714e+01 5.660991e-02 2.467197e-02 9.980915e-01 2.554357e+00
4.242831e-02 9.987724e-01 -2.556729e-02 5.630397e+01 -9.973463e-01 4.385531e-02 5.811263e-02 -3.772455e+01 5.916255e-02 2.303382e-02 9.979826e-01 2.624060e+00
4.552454e-02 9.986455e-01 -2.520129e-02 5.634585e+01 -9.971079e-01 4.696244e-02 5.975527e-02 -3.848515e+01 6.085784e-02 2.240806e-02 9.978949e-01 2.673374e+00
4.877001e-02 9.986026e-01 -2.035701e-02 5.638971e+01 -9.968756e-01 4.993337e-02 6.120386e-02 -3.925442e+01 6.213483e-02 1.730848e-02 9.979177e-01 2.730227e+00
5.214423e-02 9.985098e-01 -1.609515e-02 5.644789e+01 -9.966441e-01 5.305159e-02 6.233754e-02 -4.005109e+01 6.309852e-02 1.279060e-02 9.979253e-01 2.755308e+00
5.527401e-02 9.983016e-01 -1.840886e-02 5.649904e+01 -9.964812e-01 5.631793e-02 6.207671e-02 -4.081544e+01 6.300803e-02 1.491285e-02 9.979016e-01 2.818451e+00
5.876291e-02 9.981078e-01 -1.811090e-02 5.654622e+01 -9.962300e-01 5.979288e-02 6.285573e-02 -4.158109e+01 6.381969e-02 1.434902e-02 9.978583e-01 2.876569e+00
6.266654e-02 9.979268e-01 -1.467063e-02 5.660032e+01 -9.959564e-01 6.347740e-02 6.357339e-02 -4.237474e+01 6.437284e-02 1.062737e-02 9.978693e-01 2.928860e+00
6.689560e-02 9.976531e-01 -1.461435e-02 5.666084e+01 -9.957212e-01 6.768763e-02 6.291202e-02 -4.315676e+01 6.375358e-02 1.034327e-02 9.979120e-01 2.961930e+00
7.159323e-02 9.972847e-01 -1.726052e-02 5.671593e+01 -9.954347e-01 7.253414e-02 6.203807e-02 -4.395267e+01 6.312159e-02 1.274021e-02 9.979245e-01 3.031200e+00
7.648224e-02 9.969636e-01 -1.463684e-02 5.678873e+01 -9.948325e-01 7.728541e-02 6.584439e-02 -4.475192e+01 6.677566e-02 9.525271e-03 9.977226e-01 3.065829e+00
8.224374e-02 9.965281e-01 -1.295600e-02 5.686327e+01 -9.938432e-01 8.297670e-02 7.342113e-02 -4.554034e+01 7.424127e-02 6.837797e-03 9.972169e-01 3.146688e+00
8.963484e-02 9.958979e-01 -1.237887e-02 5.693457e+01 -9.928096e-01 9.033322e-02 7.854467e-02 -4.633172e+01 7.934069e-02 5.249508e-03 9.968337e-01 3.215029e+00
9.691709e-02 9.952509e-01 -9.103281e-03 5.703216e+01 -9.919333e-01 9.733677e-02 8.120357e-02 -4.713784e+01 8.170400e-02 1.159835e-03 9.966559e-01 3.278133e+00
1.042651e-01 9.945215e-01 -7.491858e-03 5.712415e+01 -9.912864e-01 1.045298e-01 8.015677e-02 -4.793703e+01 8.050074e-02 -9.309913e-04 9.967541e-01 3.346189e+00
1.118541e-01 9.936968e-01 -7.444198e-03 5.721846e+01 -9.905844e-01 1.120926e-01 7.859863e-02 -4.875314e+01 7.893764e-02 -1.417480e-03 9.968786e-01 3.436397e+00
1.191276e-01 9.928485e-01 -7.794849e-03 5.731710e+01 -9.899150e-01 1.193745e-01 7.627695e-02 -4.956315e+01 7.666195e-02 -1.370461e-03 9.970562e-01 3.501744e+00
1.268017e-01 9.919083e-01 -6.285424e-03 5.743444e+01 -9.894033e-01 1.269283e-01 7.050162e-02 -5.038257e+01 7.072893e-02 -2.720917e-03 9.974918e-01 3.580229e+00
1.349827e-01 9.908438e-01 -2.929458e-03 5.755979e+01 -9.888717e-01 1.348996e-01 6.273091e-02 -5.120066e+01 6.255170e-02 -5.570739e-03 9.980262e-01 3.620497e+00
1.423553e-01 9.898086e-01 -3.757986e-03 5.767826e+01 -9.880516e-01 1.423271e-01 5.913784e-02 -5.200670e+01 5.907000e-02 -4.705511e-03 9.982427e-01 3.684735e+00
1.493236e-01 9.887824e-01 -3.444646e-03 5.780499e+01 -9.868791e-01 1.492508e-01 6.159559e-02 -5.280681e+01 6.141875e-02 -5.798234e-03 9.980953e-01 3.751629e+00
1.548833e-01 9.879251e-01 -3.869664e-03 5.793044e+01 -9.856412e-01 1.547896e-01 6.746380e-02 -5.358964e+01 6.724817e-02 -6.634916e-03 9.977142e-01 3.824400e+00
1.598501e-01 9.871329e-01 -4.094263e-03 5.805559e+01 -9.845183e-01 1.597261e-01 7.218996e-02 -5.436424e+01 7.191505e-02 -7.508694e-03 9.973825e-01 3.888891e+00
1.649716e-01 9.862940e-01 -2.939482e-03 5.819261e+01 -9.835634e-01 1.647353e-01 7.392918e-02 -5.514111e+01 7.340014e-02 -9.305063e-03 9.972591e-01 3.958877e+00
1.704392e-01 9.853669e-01 -1.685017e-03 5.833714e+01 -9.826362e-01 1.700937e-01 7.412439e-02 -5.590744e+01 7.332631e-02 -1.097795e-02 9.972476e-01 4.011778e+00
1.753538e-01 9.844982e-01 -3.829727e-03 5.847413e+01 -9.819558e-01 1.751781e-01 7.124525e-02 -5.667052e+01 7.081170e-02 -8.732516e-03 9.974515e-01 4.094294e+00
1.799371e-01 9.836673e-01 -4.624408e-03 5.861577e+01 -9.814730e-01 1.798463e-01 6.607760e-02 -5.743561e+01 6.583006e-02 -7.351087e-03 9.978037e-01 4.138388e+00
1.835851e-01 9.830019e-01 -1.927195e-03 5.875463e+01 -9.812329e-01 1.833717e-01 5.963754e-02 -5.819535e+01 5.897721e-02 -9.057534e-03 9.982182e-01 4.195176e+00
1.866578e-01 9.824226e-01 2.172476e-03 5.890382e+01 -9.808550e-01 1.862341e-01 5.692448e-02 -5.893451e+01 5.551931e-02 -1.275629e-02 9.983761e-01 4.224205e+00
1.898311e-01 9.818116e-01 3.140485e-03 5.905403e+01 -9.802663e-01 1.893507e-01 5.678188e-02 -5.967074e+01 5.515446e-02 -1.385747e-02 9.983817e-01 4.292343e+00
1.919702e-01 9.813901e-01 4.601683e-03 5.920033e+01 -9.797767e-01 1.913807e-01 5.840567e-02 -6.037864e+01 5.643807e-02 -1.572078e-02 9.982823e-01 4.344595e+00
1.938540e-01 9.810060e-01 6.916153e-03 5.935034e+01 -9.792269e-01 1.930655e-01 6.196979e-02 -6.110266e+01 5.945747e-02 -1.878557e-02 9.980541e-01 4.400903e+00
1.959991e-01 9.805699e-01 8.182835e-03 5.950384e+01 -9.785004e-01 1.950256e-01 6.709705e-02 -6.179513e+01 6.419748e-02 -2.115787e-02 9.977129e-01 4.443288e+00
1.975294e-01 9.802563e-01 8.934895e-03 5.964450e+01 -9.779245e-01 1.964095e-01 7.132351e-02 -6.246653e+01 6.816041e-02 -2.282615e-02 9.974132e-01 4.493934e+00
1.990340e-01 9.799590e-01 8.112392e-03 5.978849e+01 -9.774582e-01 1.979176e-01 7.351233e-02 -6.314914e+01 7.043348e-02 -2.256098e-02 9.972613e-01 4.564289e+00
2.004347e-01 9.796671e-01 8.867256e-03 5.993859e+01 -9.771704e-01 1.992566e-01 7.372241e-02 -6.381943e+01 7.045655e-02 -2.344135e-02 9.972394e-01 4.606988e+00
2.009293e-01 9.795754e-01 7.725718e-03 6.006110e+01 -9.772620e-01 1.998971e-01 7.071335e-02 -6.448218e+01 6.772470e-02 -2.175844e-02 9.974667e-01 4.661536e+00
2.015134e-01 9.794506e-01 8.294318e-03 6.021420e+01 -9.772835e-01 2.004856e-01 6.871896e-02 -6.513609e+01 6.564394e-02 -2.195369e-02 9.976016e-01 4.711545e+00
2.012110e-01 9.795035e-01 9.336286e-03 6.035348e+01 -9.774005e-01 2.001300e-01 6.808976e-02 -6.578543e+01 6.482568e-02 -2.282570e-02 9.976355e-01 4.780059e+00
2.000164e-01 9.797517e-01 8.947757e-03 6.047666e+01 -9.776868e-01 1.989798e-01 6.734741e-02 -6.642197e+01 6.420331e-02 -2.221870e-02 9.976895e-01 4.828127e+00
1.980551e-01 9.801359e-01 1.038756e-02 6.060689e+01 -9.780616e-01 1.969156e-01 6.797039e-02 -6.703500e+01 6.457474e-02 -2.362156e-02 9.976333e-01 4.871458e+00
1.956438e-01 9.806141e-01 1.093277e-02 6.072736e+01 -9.784108e-01 1.944229e-01 7.008535e-02 -6.764941e+01 6.660111e-02 -2.440850e-02 9.974811e-01 4.913535e+00
1.934934e-01 9.810566e-01 9.405755e-03 6.085231e+01 -9.786054e-01 1.923088e-01 7.313570e-02 -6.825874e+01 6.994145e-02 -2.335581e-02 9.972776e-01 4.971875e+00
1.912385e-01 9.815174e-01 7.171872e-03 6.097876e+01 -9.789837e-01 1.902073e-01 7.356699e-02 -6.885582e+01 7.084314e-02 -2.108999e-02 9.972645e-01 5.022756e+00
1.891987e-01 9.819044e-01 8.238269e-03 6.108913e+01 -9.794414e-01 1.881129e-01 7.285823e-02 -6.945029e+01 6.999008e-02 -2.185359e-02 9.973083e-01 5.076278e+00
1.868453e-01 9.823485e-01 8.965553e-03 6.120298e+01 -9.801085e-01 1.857822e-01 6.980262e-02 -7.004701e+01 6.690485e-02 -2.182951e-02 9.975205e-01 5.107016e+00
1.848122e-01 9.827309e-01 9.209448e-03 6.131688e+01 -9.807124e-01 1.838097e-01 6.646497e-02 -7.062985e+01 6.362437e-02 -2.131536e-02 9.977462e-01 5.148960e+00
1.826420e-01 9.831568e-01 6.675109e-03 6.141454e+01 -9.811467e-01 1.818238e-01 6.550746e-02 -7.118483e+01 6.319041e-02 -1.851368e-02 9.978297e-01 5.200456e+00
1.803513e-01 9.835994e-01 2.421828e-03 6.152375e+01 -9.814350e-01 1.797900e-01 6.679104e-02 -7.174055e+01 6.526019e-02 -1.442272e-02 9.977641e-01 5.241478e+00
1.780835e-01 9.840135e-01 -1.971593e-03 6.161217e+01 -9.816842e-01 1.777991e-01 6.843787e-02 -7.228268e+01 6.769433e-02 -1.025218e-02 9.976534e-01 5.287912e+00
1.762457e-01 9.843455e-01 -1.162843e-03 6.170873e+01 -9.819046e-01 1.758916e-01 7.018108e-02 -7.281912e+01 6.928696e-02 -1.122732e-02 9.975336e-01 5.331071e+00
1.748800e-01 9.845898e-01 -2.254428e-04 6.182399e+01 -9.820626e-01 1.744476e-01 7.156236e-02 -7.335975e+01 7.049888e-02 -1.229344e-02 9.974361e-01 5.387414e+00
1.740270e-01 9.847393e-01 -1.827626e-03 6.190877e+01 -9.822710e-01 1.737215e-01 7.046072e-02 -7.391953e+01 6.970294e-02 -1.046685e-02 9.975129e-01 5.409383e+00
1.740710e-01 9.847115e-01 -6.525822e-03 6.198965e+01 -9.823235e-01 1.741046e-01 6.876151e-02 -7.445985e+01 6.884643e-02 -5.558918e-03 9.976118e-01 5.475144e+00
1.754494e-01 9.844244e-01 -1.123810e-02 6.209406e+01 -9.821167e-01 1.758072e-01 6.736996e-02 -7.500819e+01 6.829637e-02 -7.829003e-04 9.976647e-01 5.509180e+00
1.775771e-01 9.840169e-01 -1.329995e-02 6.218248e+01 -9.817605e-01 1.780702e-01 6.661075e-02 -7.555980e+01 6.791443e-02 1.228831e-03 9.976904e-01 5.553287e+00
1.807231e-01 9.834571e-01 -1.230555e-02 6.227646e+01 -9.811810e-01 1.811416e-01 6.687108e-02 -7.610104e+01 6.799389e-02 -1.119278e-05 9.976857e-01 5.590341e+00
1.859790e-01 9.824988e-01 -1.038148e-02 6.240304e+01 -9.801948e-01 1.862538e-01 6.728712e-02 -7.667201e+01 6.804311e-02 -2.338110e-03 9.976797e-01 5.626704e+00
1.923037e-01 9.812578e-01 -1.235370e-02 6.251816e+01 -9.789882e-01 1.926987e-01 6.670409e-02 -7.723090e+01 6.783444e-02 -7.333176e-04 9.976963e-01 5.664006e+00
1.996392e-01 9.798026e-01 -1.144988e-02 6.264140e+01 -9.775404e-01 1.999562e-01 6.657612e-02 -7.778378e+01 6.752093e-02 -2.098486e-03 9.977157e-01 5.710183e+00
2.079728e-01 9.780609e-01 -1.201416e-02 6.277916e+01 -9.758584e-01 2.083106e-01 6.562853e-02 -7.836960e+01 6.669137e-02 -1.924839e-03 9.977718e-01 5.747769e+00
2.168473e-01 9.761402e-01 -1.130323e-02 6.292139e+01 -9.739560e-01 2.171187e-01 6.534082e-02 -7.895870e+01 6.623594e-02 -3.160139e-03 9.977990e-01 5.792566e+00
2.262876e-01 9.740112e-01 -9.804863e-03 6.306974e+01 -9.717917e-01 2.264357e-01 6.593637e-02 -7.953841e+01 6.644294e-02 -5.392295e-03 9.977757e-01 5.834823e+00
2.365255e-01 9.715972e-01 -7.395849e-03 6.323304e+01 -9.692425e-01 2.364714e-01 6.819376e-02 -8.013695e+01 6.800577e-02 -8.961204e-03 9.976447e-01 5.882583e+00
2.462547e-01 9.691918e-01 -5.081292e-03 6.337545e+01 -9.667001e-01 2.459915e-01 7.056256e-02 -8.072944e+01 6.963861e-02 -1.246428e-02 9.974944e-01 5.915683e+00
2.570438e-01 9.663951e-01 -2.976120e-03 6.354868e+01 -9.637846e-01 2.565734e-01 7.272796e-02 -8.134040e+01 7.104754e-02 -1.582594e-02 9.973474e-01 5.947542e+00
2.675278e-01 9.635457e-01 -2.925302e-03 6.372641e+01 -9.608883e-01 2.670130e-01 7.346930e-02 -8.195110e+01 7.157211e-02 -1.684419e-02 9.972932e-01 6.006290e+00
2.777038e-01 9.606652e-01 -1.808360e-03 6.391332e+01 -9.579967e-01 2.770717e-01 7.398581e-02 -8.257414e+01 7.157663e-02 -1.881374e-02 9.972576e-01 6.057114e+00
2.882437e-01 9.575570e-01 -3.876085e-04 6.410445e+01 -9.547741e-01 2.874368e-01 7.606811e-02 -8.320017e+01 7.295097e-02 -2.155608e-02 9.971026e-01 6.098728e+00
2.986276e-01 9.543691e-01 1.118642e-03 6.432168e+01 -9.516019e-01 2.976721e-01 7.645421e-02 -8.383227e+01 7.263254e-02 -2.389583e-02 9.970725e-01 6.153945e+00
3.094444e-01 9.509172e-01 9.112166e-04 6.456776e+01 -9.484401e-01 3.085689e-01 7.243397e-02 -8.455649e+01 6.859753e-02 -2.327853e-02 9.973728e-01 6.187921e+00
3.195650e-01 9.475643e-01 -4.112733e-04 6.476470e+01 -9.454723e-01 3.188882e-01 6.627572e-02 -8.518234e+01 6.293166e-02 -2.079055e-02 9.978012e-01 6.241204e+00
3.305508e-01 9.437876e-01 -1.122075e-03 6.502007e+01 -9.418603e-01 3.299513e-01 6.349330e-02 -8.587941e+01 6.029441e-02 -1.993093e-02 9.979816e-01 6.290351e+00
3.408043e-01 9.401335e-01 -1.273681e-03 6.527472e+01 -9.383548e-01 3.402422e-01 6.103719e-02 -8.655848e+01 5.781646e-02 -1.960657e-02 9.981347e-01 6.329658e+00
3.497623e-01 9.368313e-01 -3.665475e-03 6.552954e+01 -9.351135e-01 3.493530e-01 5.928909e-02 -8.724458e+01 5.682442e-02 -1.730945e-02 9.982342e-01 6.400336e+00
3.583479e-01 9.335426e-01 -9.223481e-03 6.578175e+01 -9.319785e-01 3.582925e-01 5.516110e-02 -8.793928e+01 5.479993e-02 -1.117078e-02 9.984348e-01 6.440046e+00
3.652457e-01 9.307982e-01 -1.450256e-02 6.608546e+01 -9.296253e-01 3.655155e-01 4.685291e-02 -8.869849e+01 4.891152e-02 -3.630876e-03 9.987965e-01 6.486559e+00
3.720582e-01 9.280409e-01 -1.768199e-02 6.635580e+01 -9.270686e-01 3.724777e-01 4.247535e-02 -8.939588e+01 4.600501e-02 5.891099e-04 9.989411e-01 6.546059e+00
3.793277e-01 9.250263e-01 -2.090112e-02 6.665568e+01 -9.240754e-01 3.798882e-01 4.206712e-02 -9.011495e+01 4.685329e-02 3.356992e-03 9.988961e-01 6.575927e+00
3.866029e-01 9.219266e-01 -2.428074e-02 6.695079e+01 -9.207011e-01 3.873447e-01 4.768050e-02 -9.083435e+01 5.336294e-02 3.921889e-03 9.985675e-01 6.634617e+00
3.933800e-01 9.188926e-01 -2.980996e-02 6.724866e+01 -9.174665e-01 3.944452e-01 5.165622e-02 -9.154774e+01 5.922492e-02 7.029115e-03 9.982199e-01 6.684577e+00
3.987346e-01 9.166055e-01 -2.907107e-02 6.755942e+01 -9.150891e-01 3.997554e-01 5.298634e-02 -9.226485e+01 6.018889e-02 5.475136e-03 9.981720e-01 6.730623e+00
4.033595e-01 9.147087e-01 -2.468449e-02 6.788481e+01 -9.130899e-01 4.041137e-01 5.439803e-02 -9.296873e+01 5.973369e-02 5.971954e-04 9.982142e-01 6.778882e+00
4.081953e-01 9.127068e-01 -1.852174e-02 6.822081e+01 -9.108282e-01 4.085518e-01 5.896931e-02 -9.366722e+01 6.138877e-02 -7.200870e-03 9.980879e-01 6.821576e+00
4.120950e-01 9.109414e-01 -1.906823e-02 6.854021e+01 -9.089469e-01 4.124641e-01 6.073714e-02 -9.435403e+01 6.319293e-02 -7.697470e-03 9.979717e-01 6.910095e+00
4.160955e-01 9.091239e-01 -1.893178e-02 6.885394e+01 -9.070054e-01 4.164308e-01 6.266287e-02 -9.501179e+01 6.485208e-02 -8.902517e-03 9.978552e-01 6.950856e+00
4.196725e-01 9.074962e-01 -1.804649e-02 6.917995e+01 -9.052915e-01 4.199275e-01 6.409412e-02 -9.568356e+01 6.574339e-02 -1.056121e-02 9.977807e-01 7.017165e+00
4.238784e-01 9.055564e-01 -1.716789e-02 6.949849e+01 -9.034173e-01 4.240757e-01 6.322229e-02 -9.635883e+01 6.453183e-02 -1.128880e-02 9.978518e-01 7.065126e+00
4.280567e-01 9.036004e-01 -1.655404e-02 6.981874e+01 -9.016147e-01 4.282317e-01 6.090043e-02 -9.702578e+01 6.211862e-02 -1.114347e-02 9.980066e-01 7.116151e+00
4.315864e-01 9.019355e-01 -1.566592e-02 7.014564e+01 -9.000927e-01 4.317244e-01 5.871123e-02 -9.768764e+01 5.971710e-02 -1.123818e-02 9.981521e-01 7.169339e+00
4.349563e-01 9.003287e-01 -1.487559e-02 7.046423e+01 -8.985515e-01 4.350519e-01 5.775006e-02 -9.832464e+01 5.846569e-02 -1.175227e-02 9.982203e-01 7.233970e+00
4.385452e-01 8.986037e-01 -1.377503e-02 7.078975e+01 -8.967602e-01 4.385516e-01 5.910913e-02 -9.895649e+01 5.915673e-02 -1.356913e-02 9.981565e-01 7.277333e+00
4.410478e-01 8.973575e-01 -1.505052e-02 7.109454e+01 -8.955079e-01 4.411271e-01 5.892908e-02 -9.957191e+01 5.951964e-02 -1.251269e-02 9.981487e-01 7.334257e+00
4.431853e-01 8.962813e-01 -1.632402e-02 7.140081e+01 -8.944796e-01 4.433483e-01 5.786577e-02 -1.001858e+02 5.910124e-02 -1.104375e-02 9.981909e-01 7.390690e+00
4.445710e-01 8.955649e-01 -1.789684e-02 7.169871e+01 -8.938139e-01 4.448355e-01 5.672911e-02 -1.007825e+02 5.876574e-02 -9.223674e-03 9.982292e-01 7.438599e+00
4.464169e-01 8.946702e-01 -1.665355e-02 7.199944e+01 -8.929140e-01 4.466020e-01 5.702159e-02 -1.013762e+02 5.845302e-02 -1.058522e-02 9.982340e-01 7.482137e+00
4.482918e-01 8.936966e-01 -1.846266e-02 7.229626e+01 -8.919777e-01 4.485880e-01 5.607728e-02 -1.019622e+02 5.839820e-02 -8.670708e-03 9.982557e-01 7.531023e+00
4.507487e-01 8.924403e-01 -1.939089e-02 7.258768e+01 -8.906366e-01 4.510840e-01 5.735648e-02 -1.025268e+02 5.993415e-02 -8.583129e-03 9.981654e-01 7.570542e+00
4.534346e-01 8.910364e-01 -2.124346e-02 7.286992e+01 -8.892158e-01 4.538761e-01 5.737502e-02 -1.030898e+02 6.076512e-02 -7.125808e-03 9.981267e-01 7.617745e+00
4.564061e-01 8.894578e-01 -2.363172e-02 7.314420e+01 -8.876386e-01 4.569892e-01 5.708431e-02 -1.036400e+02 6.157353e-02 -5.077203e-03 9.980896e-01 7.669746e+00
4.593152e-01 8.879024e-01 -2.566692e-02 7.342091e+01 -8.861353e-01 4.600220e-01 5.606962e-02 -1.041912e+02 6.159170e-02 -3.009262e-03 9.980969e-01 7.709290e+00
4.624254e-01 8.862677e-01 -2.631395e-02 7.369767e+01 -8.845425e-01 4.631678e-01 5.531867e-02 -1.047344e+02 6.121492e-02 -2.304956e-03 9.981220e-01 7.750937e+00
4.654105e-01 8.846610e-01 -2.771628e-02 7.396848e+01 -8.829687e-01 4.662340e-01 5.470130e-02 -1.052552e+02 6.131437e-02 -9.859535e-04 9.981180e-01 7.797452e+00
4.688432e-01 8.828338e-01 -2.811673e-02 7.425060e+01 -8.811796e-01 4.696852e-01 5.402054e-02 -1.057807e+02 6.089716e-02 -5.512717e-04 9.981439e-01 7.841844e+00
