1.000000e+00 0.000000e+00 0.000000e+00 0.000000e+00 0.000000e+00 1.000000e+00 0.000000e+00 0.000000e+00 0.000000e+00 0.000000e+00 1.000000e+00 0.000000e+00
9.999994e-01 1.941036e-04 1.095520e-03 7.757461e-01 -1.959525e-04 9.999986e-01 1.687811e-03 1.155422e-02 -1.095191e-03 -1.688025e-03 9.999980e-01 1.411761e-02
9.999991e-01 5.724747e-04 1.192924e-03 1.537059e+00 -5.764593e-04 9.999942e-01 3.342596e-03 1.338343e-02 -1.191003e-03 -3.343281e-03 9.999937e-01 2.001251e-02
9.999986e-01 1.089480e-03 1.305746e-03 2.283947e+00 -1.095112e-03 9.999900e-01 4.320268e-03 1.551261e-02 -1.301026e-03 -4.321692e-03 9.999898e-01 3.870195e-02
9.999987e-01 1.143333e-03 1.118366e-03 3.016720e+00 -1.149096e-03 9.999860e-01 5.165963e-03 2.172322e-02 -1.112444e-03 -5.167241e-03 9.999861e-01 4.204629e-02
9.999986e-01 1.421093e-03 9.338813e-04 3.741547e+00 -1.426220e-03 9.999838e-01 5.512495e-03 2.222614e-02 -9.260324e-04 -5.513819e-03 9.999844e-01 6.125388e-02
9.999964e-01 1.922233e-03 1.849394e-03 4.446319e+00 -1.933082e-03 9.999808e-01 5.882032e-03 2.958077e-02 -1.838052e-03 -5.885586e-03 9.999810e-01 6.483932e-02
9.999902e-01 2.161699e-03 3.853436e-03 5.136401e+00 -2.183403e-03 9.999817e-01 5.637152e-03 2.190878e-02 -3.841179e-03 -5.645510e-03 9.999767e-01 8.053016e-02
9.999683e-01 3.542554e-03 7.130232e-03 5.801683e+00 -3.581828e-03 9.999784e-01 5.502938e-03 2.157280e-02 -7.110584e-03 -5.528303e-03 9.999594e-01 7.887064e-02
9.999385e-01 4.586890e-03 1.010110e-02 6.446873e+00 -4.638977e-03 9.999760e-01 5.139223e-03 2.423389e-02 -1.007728e-02 -5.185765e-03 9.999358e-01 7.685606e-02
9.999170e-01 5.687659e-03 1.156314e-02 7.061824e+00 -5.743399e-03 9.999720e-01 4.793005e-03 1.963820e-02 -1.153555e-02 -4.859018e-03 9.999217e-01 7.617834e-02
9.999121e-01 6.776257e-03 1.139890e-02 7.642272e+00 -6.835366e-03 9.999633e-01 5.154499e-03 1.133251e-02 -1.136355e-02 -5.231961e-03 9.999217e-01 7.969975e-02
9.999239e-01 7.839994e-03 9.522389e-03 8.206039e+00 -7.895292e-03 9.999521e-01 5.783464e-03 7.338286e-03 -9.476591e-03 -5.858207e-03 9.999380e-01 9.557721e-02
9.999348e-01 8.921092e-03 7.126417e-03 8.727992e+00 -8.964060e-03 9.999417e-01 6.020316e-03 3.997311e-03 -7.072295e-03 -6.083805e-03 9.999565e-01 1.038624e-01
9.999279e-01 1.050121e-02 5.812609e-03 9.241091e+00 -1.052918e-02 9.999331e-01 4.801044e-03 -3.995795e-03 -5.761803e-03 -4.861900e-03 9.999716e-01 1.091936e-01
9.999138e-01 1.243338e-02 4.221356e-03 9.714581e+00 -1.244081e-02 9.999211e-01 1.738846e-03 -2.268574e-02 -4.199403e-03 -1.791213e-03 9.999896e-01 1.234311e-01
9.998894e-01 1.443280e-02 3.585198e-03 1.015588e+01 -1.443415e-02 9.998958e-01 3.502107e-04 -2.913470e-02 -3.579770e-03 -4.019212e-04 9.999935e-01 1.498598e-01
9.998634e-01 1.640967e-02 1.981936e-03 1.056174e+01 -1.641721e-02 9.998578e-01 3.851462e-03 -3.152841e-02 -1.918453e-03 -3.883474e-03 9.999906e-01 1.484288e-01
9.998120e-01 1.936802e-02 9.080874e-04 1.094919e+01 -1.937415e-02 9.997856e-01 7.310851e-03 -3.516093e-02 -7.662960e-04 -7.327070e-03 9.999729e-01 1.511558e-01
9.997394e-01 2.276395e-02 1.724665e-03 1.130815e+01 -2.277668e-02 9.997104e-01 7.760621e-03 -4.349892e-02 -1.547503e-03 -7.797881e-03 9.999684e-01 1.553208e-01
9.996605e-01 2.596090e-02 2.219986e-03 1.163554e+01 -2.597057e-02 9.996528e-01 4.443786e-03 -6.677431e-02 -2.103850e-03 -4.499932e-03 9.999877e-01 1.502260e-01
9.995924e-01 2.843797e-02 2.507299e-03 1.193071e+01 -2.843723e-02 9.995955e-01 -3.308443e-04 -8.587904e-02 -2.515693e-03 2.594089e-04 9.999968e-01 1.631146e-01
9.995185e-01 3.080964e-02 3.690132e-03 1.218743e+01 -3.079949e-02 9.995217e-01 -2.776410e-03 -1.031194e-01 -3.773907e-03 2.661419e-03 9.999893e-01 1.606914e-01
9.994404e-01 3.317367e-02 4.286105e-03 1.242976e+01 -3.315753e-02 9.994430e-01 -3.784519e-03 -1.208510e-01 -4.409264e-03 3.640285e-03 9.999837e-01 1.546644e-01
9.993670e-01 3.540811e-02 3.445485e-03 1.263419e+01 -3.539785e-02 9.993688e-01 -2.995310e-03 -1.252064e-01 -3.549368e-03 2.871451e-03 9.999896e-01 1.534994e-01
9.992906e-01 3.759174e-02 2.289167e-03 1.282391e+01 -3.758635e-02 9.992906e-01 -2.354903e-03 -1.299304e-01 -2.376068e-03 2.267191e-03 9.999946e-01 1.629064e-01
9.992044e-01 3.985461e-02 1.476210e-03 1.300206e+01 -3.985322e-02 9.992051e-01 -9.590310e-04 -1.389492e-01 -1.513258e-03 8.994362e-04 9.999985e-01 1.680841e-01
9.991361e-01 4.154952e-02 8.709214e-04 1.316875e+01 -4.155048e-02 9.991358e-01 1.116799e-03 -1.401664e-01 -8.237663e-04 -1.152021e-03 9.999990e-01 1.860338e-01
9.990812e-01 4.285690e-02 1.270776e-04 1.331954e+01 -4.285708e-02 9.990790e-01 2.087400e-03 -1.415296e-01 -3.750106e-05 -2.090928e-03 9.999978e-01 1.863576e-01
9.989931e-01 4.484956e-02 -1.157603e-03 1.347027e+01 -4.484763e-02 9.989925e-01 1.636806e-03 -1.498972e-01 1.229846e-03 -1.583242e-03 9.999980e-01 1.963524e-01
9.989280e-01 4.624473e-02 -2.100546e-03 1.360791e+01 -4.624304e-02 9.989299e-01 8.485532e-04 -1.633409e-01 2.137539e-03 -7.505079e-04 9.999974e-01 1.976218e-01
9.988610e-01 4.763212e-02 -2.803299e-03 1.373106e+01 -4.763205e-02 9.988649e-01 9.090416e-05 -1.624019e-01 2.804447e-03 4.272625e-05 9.999961e-01 2.012106e-01
9.987907e-01 4.903775e-02 -3.536915e-03 1.386621e+01 -4.903649e-02 9.987969e-01 4.421450e-04 -1.713889e-01 3.554342e-03 -2.681723e-04 9.999936e-01 2.035712e-01
9.987131e-01 5.055264e-02 -4.082732e-03 1.399291e+01 -5.054904e-02 9.987211e-01 9.797009e-04 -1.741608e-01 4.127037e-03 -7.720620e-04 9.999912e-01 2.040657e-01
9.986601e-01 5.141642e-02 -5.851876e-03 1.410974e+01 -5.140960e-02 9.986768e-01 1.310041e-03 -1.801049e-01 5.911489e-03 -1.007444e-03 9.999820e-01 2.048745e-01
9.986058e-01 5.220065e-02 -7.844016e-03 1.423507e+01 -5.219662e-02 9.986365e-01 7.178996e-04 -1.921222e-01 7.870796e-03 -3.074676e-04 9.999690e-01 2.074660e-01
9.986192e-01 5.173862e-02 -9.100951e-03 1.435994e+01 -5.174168e-02 9.986605e-01 -1.007877e-04 -1.960309e-01 9.083546e-03 5.715470e-04 9.999586e-01 2.162991e-01
9.987125e-01 4.973587e-02 -9.983052e-03 1.448081e+01 -4.974289e-02 9.987620e-01 -4.551908e-04 -2.041279e-01 9.948054e-03 9.511907e-04 9.999501e-01 2.200990e-01
9.988440e-01 4.689081e-02 -1.057426e-02 1.459600e+01 -4.689715e-02 9.988996e-01 -3.529126e-04 -2.054495e-01 1.054607e-02 8.484072e-04 9.999440e-01 2.120260e-01
9.990122e-01 4.295897e-02 -1.136025e-02 1.472925e+01 -4.296089e-02 9.990767e-01 7.549264e-05 -2.080574e-01 1.135301e-02 4.126284e-04 9.999354e-01 2.150592e-01
9.992317e-01 3.740222e-02 -1.170812e-02 1.485765e+01 -3.740078e-02 9.993003e-01 3.424533e-04 -2.045905e-01 1.171274e-02 9.570263e-05 9.999314e-01 2.251300e-01
9.994541e-01 3.083578e-02 -1.186395e-02 1.497279e+01 -3.083735e-02 9.995244e-01 5.111131e-05 -2.036569e-01 1.185989e-02 3.147693e-04 9.999296e-01 2.351373e-01
9.996428e-01 2.366919e-02 -1.241396e-02 1.510700e+01 -2.367146e-02 9.997198e-01 -3.637278e-05 -2.001380e-01 1.240962e-02 3.302164e-04 9.999229e-01 2.434203e-01
9.997873e-01 1.556604e-02 -1.352670e-02 1.523852e+01 -1.557069e-02 9.998788e-01 -2.385487e-04 -1.968887e-01 1.352135e-02 4.491180e-04 9.999085e-01 2.402117e-01
9.998805e-01 5.673477e-03 -1.438274e-02 1.539135e+01 -5.684151e-03 9.999836e-01 -7.013783e-04 -1.954785e-01 1.437852e-02 7.830481e-04 9.998963e-01 2.446460e-01
9.998537e-01 -7.170249e-03 -1.552692e-02 1.553800e+01 7.146121e-03 9.999732e-01 -1.608844e-03 -1.891683e-01 1.553804e-02 1.497652e-03 9.998782e-01 2.446300e-01
9.995896e-01 -2.305582e-02 -1.700055e-02 1.568413e+01 2.302248e-02 9.997326e-01 -2.154167e-03 -1.690535e-01 1.704567e-02 1.761888e-03 9.998531e-01 2.450110e-01
9.989444e-01 -4.233394e-02 -1.783007e-02 1.587273e+01 4.230839e-02 9.991030e-01 -1.807976e-03 -1.564021e-01 1.789061e-02 1.051706e-03 9.998394e-01 2.431396e-01
9.977878e-01 -6.399756e-02 -1.799431e-02 1.606332e+01 6.398389e-02 9.979500e-01 -1.335179e-03 -1.282462e-01 1.804287e-02 1.808796e-04 9.998372e-01 2.445686e-01
9.959918e-01 -8.773545e-02 -1.739958e-02 1.625673e+01 8.772734e-02 9.961438e-01 -1.230306e-03 -9.867897e-02 1.744043e-02 -3.010445e-04 9.998478e-01 2.470765e-01
9.933140e-01 -1.142556e-01 -1.652187e-02 1.650001e+01 1.142579e-01 9.934508e-01 -8.090982e-04 -4.927152e-02 1.650610e-02 -1.084065e-03 9.998631e-01 2.604230e-01
9.894332e-01 -1.441591e-01 -1.549280e-02 1.671356e+01 1.441732e-01 9.895524e-01 -2.082049e-04 7.171571e-03 1.536095e-02 -2.027641e-03 9.998800e-01 2.532453e-01
9.840637e-01 -1.773244e-01 -1.321212e-02 1.698681e+01 1.773368e-01 9.841502e-01 -2.439993e-04 7.036632e-02 1.304598e-02 -2.102883e-03 9.999127e-01 2.670261e-01
9.767897e-01 -2.139391e-01 -1.058265e-02 1.725552e+01 2.139555e-01 9.768433e-01 4.354409e-04 1.541993e-01 1.024444e-02 -2.689551e-03 9.999439e-01 2.594334e-01
9.673139e-01 -2.534934e-01 -6.695505e-03 1.748950e+01 2.535072e-01 9.673327e-01 1.282419e-03 2.460210e-01 6.151696e-03 -2.937861e-03 9.999768e-01 2.673804e-01
9.555604e-01 -2.947636e-01 -4.318231e-03 1.778835e+01 2.947826e-01 9.555526e-01 4.739475e-03 3.697340e-01 2.729272e-03 -5.801794e-03 9.999794e-01 2.462726e-01
9.415614e-01 -3.368355e-01 -1.983684e-03 1.807985e+01 3.368404e-01 9.415284e-01 7.920976e-03 5.018218e-01 -8.003711e-04 -8.126270e-03 9.999667e-01 2.518795e-01
9.250405e-01 -3.798653e-01 1.574727e-03 1.834693e+01 3.798342e-01 9.250045e-01 9.627935e-03 6.416599e-01 -5.113949e-03 -8.308095e-03 9.999524e-01 2.534099e-01
9.058547e-01 -4.235359e-01 6.675410e-03 1.867817e+01 4.234374e-01 9.058399e-01 1.244079e-02 8.172923e-01 -1.131597e-02 -8.442930e-03 9.999003e-01 2.603496e-01
8.841767e-01 -4.670446e-01 1.005029e-02 1.898004e+01 4.668661e-01 8.841832e-01 1.600512e-02 1.014823e+00 -1.636140e-02 -9.459220e-03 9.998214e-01 2.538809e-01
8.597941e-01 -5.105252e-01 1.086694e-02 1.924589e+01 5.102703e-01 8.597862e-01 1.979757e-02 1.216554e+00 -1.945040e-02 -1.147675e-02 9.997450e-01 2.418413e-01
8.321306e-01 -5.544741e-01 1.082765e-02 1.956504e+01 5.541565e-01 8.320997e-01 2.281982e-02 1.462252e+00 -2.166268e-02 -1.298885e-02 9.996809e-01 2.462399e-01
8.017862e-01 -5.975335e-01 9.625746e-03 1.981489e+01 5.971908e-01 8.017223e-01 2.458569e-02 1.691577e+00 -2.240795e-02 -1.396406e-02 9.996514e-01 2.354312e-01
7.683799e-01 -6.399273e-01 9.244455e-03 2.012962e+01 6.395386e-01 7.682978e-01 2.662361e-02 1.989400e+00 -2.413967e-02 -1.454486e-02 9.996028e-01 2.399472e-01
7.321442e-01 -6.810964e-01 8.517258e-03 2.042105e+01 6.806415e-01 7.320237e-01 2.946943e-02 2.300435e+00 -2.630636e-02 -1.577868e-02 9.995294e-01 2.266294e-01
6.937714e-01 -7.201392e-01 8.988474e-03 2.066300e+01 7.196548e-01 6.936802e-01 3.008001e-02 2.597104e+00 -2.789692e-02 -1.440005e-02 9.995071e-01 2.183123e-01
6.533197e-01 -7.570273e-01 9.117408e-03 2.095458e+01 7.565407e-01 6.532604e-01 2.995200e-02 2.977157e+00 -2.863052e-02 -1.267054e-02 9.995098e-01 2.049529e-01
6.110113e-01 -7.915524e-01 1.049552e-02 2.122274e+01 7.910716e-01 6.110271e-01 2.918637e-02 3.353131e+00 -2.951559e-02 -9.530498e-03 9.995189e-01 1.923927e-01
5.667827e-01 -8.237687e-01 1.274708e-02 2.144998e+01 8.232759e-01 5.668942e-01 2.911764e-02 3.722654e+00 -3.121245e-02 -6.009012e-03 9.994947e-01 1.994394e-01
5.203722e-01 -8.538474e-01 1.254562e-02 2.170375e+01 8.533432e-01 5.205016e-01 2.972570e-02 4.188354e+00 -3.191123e-02 -4.762708e-03 9.994794e-01 1.711036e-01
4.715090e-01 -8.817874e-01 1.142750e-02 2.189463e+01 8.813102e-01 4.716328e-01 2.923993e-02 4.611001e+00 -3.117298e-02 -3.715721e-03 9.995071e-01 1.446792e-01
4.195967e-01 -9.076162e-01 1.308904e-02 2.211730e+01 9.071754e-01 4.198009e-01 2.828577e-02 5.122453e+00 -3.116741e-02 5.431985e-06 9.995142e-01 1.385292e-01
3.663967e-01 -9.303397e-01 1.488160e-02 2.229697e+01 9.299489e-01 3.666785e-01 2.723868e-02 5.626099e+00 -3.079799e-02 3.858959e-03 9.995182e-01 1.356648e-01
3.132071e-01 -9.495732e-01 1.456288e-02 2.242615e+01 9.492041e-01 3.134996e-01 2.701159e-02 6.117647e+00 -3.021494e-02 5.362914e-03 9.995291e-01 1.222971e-01
2.598524e-01 -9.655418e-01 1.435333e-02 2.256711e+01 9.650712e-01 2.601823e-01 3.070858e-02 6.713999e+00 -3.338490e-02 5.872283e-03 9.994253e-01 6.326440e-02
2.083473e-01 -9.779239e-01 1.600569e-02 2.266363e+01 9.773212e-01 2.087969e-01 3.531245e-02 7.293445e+00 -3.787483e-02 8.285454e-03 9.992481e-01 4.480096e-02
1.606026e-01 -9.868298e-01 1.933563e-02 2.273983e+01 9.862435e-01 1.612220e-01 3.648457e-02 7.858034e+00 -3.912138e-02 1.321013e-02 9.991471e-01 6.035661e-02
1.155662e-01 -9.931104e-01 1.940273e-02 2.280634e+01 9.925448e-01 1.162179e-01 3.672231e-02 8.521269e+00 -3.872425e-02 1.501421e-02 9.991371e-01 2.932272e-02
7.561988e-02 -9.969922e-01 1.697697e-02 2.284550e+01 9.964666e-01 7.618219e-02 3.536475e-02 9.128803e+00 -3.655172e-02 1.424271e-02 9.992303e-01 2.254328e-02
3.991985e-02 -9.991257e-01 1.241539e-02 2.284449e+01 9.987012e-01 4.029042e-02 3.118514e-02 9.813646e+00 -3.165810e-02 1.115436e-02 9.994365e-01 -4.688494e-03
1.192468e-02 -9.998853e-01 9.347529e-03 2.283646e+01 9.994598e-01 1.220489e-02 3.051558e-02 1.046995e+01 -3.062616e-02 8.978590e-03 9.994906e-01 -4.055599e-02
-9.463906e-03 -9.999275e-01 7.448426e-03 2.280134e+01 9.993760e-01 -9.204626e-03 3.410016e-02 1.120369e+01 -3.402913e-02 7.766499e-03 9.993907e-01 -6.129785e-02
-2.268600e-02 -9.997147e-01 7.485801e-03 2.278506e+01 9.989709e-01 -2.237368e-02 3.945688e-02 1.193492e+01 -3.927813e-02 8.373210e-03 9.991933e-01 -9.597898e-02
-3.043497e-02 -9.995077e-01 7.644755e-03 2.275321e+01 9.986939e-01 -3.009439e-02 4.129132e-02 1.269468e+01 -4.104092e-02 8.891469e-03 9.991179e-01 -1.019446e-01
-3.483307e-02 -9.993619e-01 7.910889e-03 2.271490e+01 9.986293e-01 -3.449583e-02 3.936621e-02 1.346450e+01 -3.906820e-02 9.271286e-03 9.991935e-01 -1.385090e-01
-3.408635e-02 -9.993131e-01 1.455079e-02 2.269799e+01 9.988150e-01 -3.355598e-02 3.525359e-02 1.424582e+01 -3.474111e-02 1.573521e-02 9.992725e-01 -2.085694e-01
-3.069186e-02 -9.992036e-01 2.550780e-02 2.269595e+01 9.989696e-01 -2.981091e-02 3.422558e-02 1.505834e+01 -3.343791e-02 2.653196e-02 9.990886e-01 -1.759272e-01
-2.505791e-02 -9.993032e-01 2.766688e-02 2.267021e+01 9.991274e-01 -2.410913e-02 3.410950e-02 1.588862e+01 -3.341871e-02 2.849744e-02 9.990351e-01 -2.193351e-01
-1.949930e-02 -9.994485e-01 2.688348e-02 2.264584e+01 9.992855e-01 -1.861119e-02 3.289881e-02 1.676216e+01 -3.238034e-02 2.750576e-02 9.990970e-01 -2.679719e-01
-1.555598e-02 -9.993920e-01 3.120944e-02 2.262938e+01 9.994770e-01 -1.465702e-02 2.883015e-02 1.762197e+01 -2.835519e-02 3.164158e-02 9.990970e-01 -2.492047e-01
-1.337409e-02 -9.994857e-01 2.914569e-02 2.260136e+01 9.997340e-01 -1.281834e-02 1.917231e-02 1.849853e+01 -1.878886e-02 2.939435e-02 9.993913e-01 -2.544081e-01
-1.226020e-02 -9.996578e-01 2.311419e-02 2.257904e+01 9.998631e-01 -1.199925e-02 1.139467e-02 1.939920e+01 -1.111342e-02 2.325072e-02 9.996679e-01 -3.061665e-01
-1.315677e-02 -9.997703e-01 1.692050e-02 2.255478e+01 9.998847e-01 -1.302600e-02 7.810487e-03 2.032701e+01 -7.588289e-03 1.702131e-02 9.998263e-01 -3.040376e-01
-1.679444e-02 -9.998301e-01 7.614004e-03 2.252542e+01 9.997692e-01 -1.669025e-02 1.353786e-02 2.127390e+01 -1.340848e-02 7.839605e-03 9.998794e-01 -3.231481e-01
-2.120495e-02 -9.997724e-01 2.398718e-03 2.249457e+01 9.995489e-01 -2.114904e-02 2.133111e-02 2.224806e+01 -2.127553e-02 2.849957e-03 9.997696e-01 -3.652440e-01
-2.532923e-02 -9.996791e-01 5.747832e-04 2.245916e+01 9.992205e-01 -2.530026e-02 3.030716e-02 2.325114e+01 -3.028288e-02 1.341991e-03 9.995404e-01 -3.538220e-01
-2.747869e-02 -9.996223e-01 -5.910956e-04 2.243125e+01 9.988371e-01 -2.748048e-02 3.961546e-02 2.427046e+01 -3.961674e-02 4.981679e-04 9.992148e-01 -4.035509e-01
-2.836168e-02 -9.995977e-01 6.553623e-04 2.241477e+01 9.985115e-01 -2.830029e-02 4.662808e-02 2.529033e+01 -4.659077e-02 1.976834e-03 9.989121e-01 -4.218741e-01
-2.997661e-02 -9.995493e-01 1.681149e-03 2.237863e+01 9.983827e-01 -2.986026e-02 4.837982e-02 2.633519e+01 -4.830781e-02 3.128686e-03 9.988276e-01 -4.437581e-01
-3.100228e-02 -9.995193e-01 5.599024e-04 2.235295e+01 9.985046e-01 -3.094554e-02 4.507025e-02 2.734689e+01 -4.503125e-02 1.956335e-03 9.989837e-01 -5.028755e-01
-3.386950e-02 -9.994248e-01 -1.753417e-03 2.230587e+01 9.986053e-01 -3.391278e-02 4.046793e-02 2.839208e+01 -4.050411e-02 -3.803472e-04 9.991793e-01 -5.404941e-01
-3.804588e-02 -9.992735e-01 -2.280314e-03 2.226073e+01 9.986560e-01 -3.810251e-02 3.513593e-02 2.942090e+01 -3.519728e-02 -9.404744e-04 9.993799e-01 -5.467790e-01
-4.359174e-02 -9.990479e-01 -1.855777e-03 2.220501e+01 9.985558e-01 -4.362857e-02 3.135603e-02 3.044115e+01 -3.140713e-02 -4.862364e-04 9.995065e-01 -5.749770e-01
-5.035412e-02 -9.987270e-01 -2.981470e-03 2.215292e+01 9.983041e-01 -5.041969e-02 2.909844e-02 3.149609e+01 -2.921172e-02 -1.511187e-03 9.995721e-01 -6.062554e-01
-5.636954e-02 -9.984069e-01 -2.506474e-03 2.208908e+01 9.979080e-01 -5.642068e-02 3.156691e-02 3.254736e+01 -3.165803e-02 -7.218196e-04 9.994985e-01 -6.264774e-01
-6.270719e-02 -9.980227e-01 -4.305817e-03 2.201804e+01 9.973814e-01 -6.282151e-02 3.583202e-02 3.363510e+01 -3.603167e-02 -2.047618e-03 9.993485e-01 -6.371226e-01
-6.868267e-02 -9.976155e-01 -6.775761e-03 2.194060e+01 9.968762e-01 -6.889415e-02 3.861675e-02 3.470685e+01 -3.899148e-02 -4.102290e-03 9.992311e-01 -6.833986e-01
-7.258940e-02 -9.973152e-01 -9.660556e-03 2.183967e+01 9.965236e-01 -7.292199e-02 4.028814e-02 3.574127e+01 -4.088444e-02 -6.702480e-03 9.991414e-01 -7.103718e-01
-7.572520e-02 -9.970342e-01 -1.373768e-02 2.174986e+01 9.962260e-01 -7.623553e-02 4.149954e-02 3.684804e+01 -4.242375e-02 -1.054328e-02 9.990441e-01 -7.444760e-01
-7.675922e-02 -9.969026e-01 -1.712173e-02 2.166481e+01 9.961120e-01 -7.742023e-02 4.203358e-02 3.790980e+01 -4.322896e-02 -1.382870e-02 9.989695e-01 -7.999641e-01
-7.879007e-02 -9.967402e-01 -1.736210e-02 2.156950e+01 9.959490e-01 -7.946074e-02 4.209294e-02 3.900491e+01 -4.333532e-02 -1.397526e-02 9.989628e-01 -8.308746e-01
-7.989764e-02 -9.966482e-01 -1.757837e-02 2.147807e+01 9.958641e-01 -8.057523e-02 4.198349e-02 4.008768e+01 -4.325915e-02 -1.415129e-02 9.989637e-01 -8.633537e-01
-8.023345e-02 -9.966034e-01 -1.856024e-02 2.138163e+01 9.958566e-01 -8.094513e-02 4.144582e-02 4.115033e+01 -4.280740e-02 -1.515800e-02 9.989684e-01 -9.072227e-01
-8.147538e-02 -9.964746e-01 -2.001342e-02 2.129030e+01 9.957668e-01 -8.224189e-02 4.104844e-02 4.225653e+01 -4.254966e-02 -1.658427e-02 9.989567e-01 -9.511803e-01
-8.176339e-02 -9.963626e-01 -2.401234e-02 2.119652e+01 9.957924e-01 -8.266950e-02 3.954019e-02 4.334920e+01 -4.138144e-02 -2.067838e-02 9.989294e-01 -9.716318e-01
-8.115554e-02 -9.962884e-01 -2.869199e-02 2.108292e+01 9.960042e-01 -8.214176e-02 3.504924e-02 4.441964e+01 -3.727596e-02 -2.573290e-02 9.989736e-01 -9.951575e-01
-8.082855e-02 -9.962639e-01 -3.041706e-02 2.098580e+01 9.960588e-01 -8.185494e-02 3.416101e-02 4.554036e+01 -3.652316e-02 -2.753600e-02 9.989533e-01 -1.028739e+00
-7.818067e-02 -9.964960e-01 -2.972751e-02 2.089927e+01 9.961464e-01 -7.927275e-02 3.752766e-02 4.665123e+01 -3.975274e-02 -2.667902e-02 9.988533e-01 -1.077765e+00
-7.662821e-02 -9.966233e-01 -2.949925e-02 2.080394e+01 9.961264e-01 -7.780278e-02 4.097620e-02 4.779671e+01 -4.313296e-02 -2.624506e-02 9.987246e-01 -1.127133e+00
-7.444561e-02 -9.968528e-01 -2.724749e-02 2.071317e+01 9.963082e-01 -7.552087e-02 4.082461e-02 4.888228e+01 -4.275388e-02 -2.410769e-02 9.987947e-01 -1.157038e+00
-7.231808e-02 -9.969884e-01 -2.800956e-02 2.064518e+01 9.964927e-01 -7.341051e-02 4.016700e-02 5.000875e+01 -4.210223e-02 -2.500652e-02 9.988003e-01 -1.172766e+00
-6.826377e-02 -9.971820e-01 -3.111737e-02 2.055270e+01 9.967402e-01 -6.951153e-02 4.095272e-02 5.112682e+01 -4.300033e-02 -2.822035e-02 9.986764e-01 -1.209571e+00
-6.149817e-02 -9.974610e-01 -3.591210e-02 2.046787e+01 9.971615e-01 -6.296599e-02 4.128272e-02 5.225831e+01 -4.343914e-02 -3.327135e-02 9.985019e-01 -1.257872e+00
-5.619717e-02 -9.976852e-01 -3.829321e-02 2.038362e+01 9.974830e-01 -5.776417e-02 4.112541e-02 5.340525e+01 -4.324218e-02 -3.588569e-02 9.984199e-01 -1.302997e+00
-4.938638e-02 -9.980251e-01 -3.882157e-02 2.032389e+01 9.978707e-01 -5.096221e-02 4.070829e-02 5.452337e+01 -4.260631e-02 -3.672848e-02 9.984166e-01 -1.346440e+00
-4.442585e-02 -9.982882e-01 -3.804468e-02 2.026748e+01 9.981276e-01 -4.595709e-02 4.036686e-02 5.566739e+01 -4.204617e-02 -3.618012e-02 9.984604e-01 -1.370262e+00
-3.884578e-02 -9.985729e-01 -3.665159e-02 2.021177e+01 9.983774e-01 -4.031444e-02 4.021820e-02 5.680716e+01 -4.163839e-02 -3.502981e-02 9.985185e-01 -1.402755e+00
-3.286898e-02 -9.988059e-01 -3.614506e-02 2.016891e+01 9.985746e-01 -3.434014e-02 4.086227e-02 5.792704e+01 -4.205470e-02 -3.475044e-02 9.985108e-01 -1.437833e+00
-2.803111e-02 -9.990205e-01 -3.423994e-02 2.012953e+01 9.986725e-01 -2.946937e-02 4.224784e-02 5.910159e+01 -4.321548e-02 -3.301023e-02 9.985203e-01 -1.477495e+00
-2.260542e-02 -9.991193e-01 -3.535226e-02 2.009557e+01 9.987975e-01 -2.410865e-02 4.269037e-02 6.024113e+01 -4.350505e-02 -3.434472e-02 9.984627e-01 -1.537218e+00
-1.630270e-02 -9.992538e-01 -3.501871e-02 2.009027e+01 9.989340e-01 -1.779032e-02 4.259771e-02 6.140223e+01 -4.318891e-02 -3.428693e-02 9.984784e-01 -1.564592e+00
-1.221657e-02 -9.993277e-01 -3.457436e-02 2.005563e+01 9.991722e-01 -1.354206e-02 3.836565e-02 6.256676e+01 -3.880805e-02 -3.407704e-02 9.986655e-01 -1.592944e+00
-7.091403e-03 -9.993750e-01 -3.463311e-02 2.004185e+01 9.994012e-01 -8.256197e-03 3.360434e-02 6.371565e+01 -3.386927e-02 -3.437407e-02 9.988350e-01 -1.598388e+00
-3.502131e-03 -9.993894e-01 -3.476729e-02 2.002246e+01 9.994565e-01 -4.637957e-03 3.264190e-02 6.489424e+01 -3.278321e-02 -3.463408e-02 9.988622e-01 -1.631732e+00
5.882978e-05 -9.994270e-01 -3.384623e-02 2.001584e+01 9.994142e-01 -1.099467e-03 3.420457e-02 6.607554e+01 -3.422219e-02 -3.382841e-02 9.988416e-01 -1.674976e+00
2.902985e-03 -9.994236e-01 -3.383001e-02 2.002404e+01 9.993946e-01 1.726568e-03 3.475229e-02 6.723712e+01 -3.467384e-02 -3.391042e-02 9.988232e-01 -1.688288e+00
3.920913e-03 -9.993733e-01 -3.518288e-02 2.000975e+01 9.994031e-01 2.708495e-03 3.444217e-02 6.841109e+01 -3.432529e-02 -3.529693e-02 9.987872e-01 -1.724746e+00
5.083740e-03 -9.993712e-01 -3.509451e-02 2.001104e+01 9.993712e-01 3.845870e-03 3.525063e-02 6.961254e+01 -3.509349e-02 -3.525165e-02 9.987621e-01 -1.767239e+00
6.515324e-03 -9.993504e-01 -3.544337e-02 2.000867e+01 9.993634e-01 5.263925e-03 3.528681e-02 7.077849e+01 -3.507732e-02 -3.565071e-02 9.987485e-01 -1.790985e+00
7.837772e-03 -9.993256e-01 -3.587810e-02 2.000683e+01 9.993953e-01 6.612659e-03 3.413986e-02 7.196895e+01 -3.387957e-02 -3.612399e-02 9.987729e-01 -1.815857e+00
9.068370e-03 -9.993483e-01 -3.494082e-02 2.001281e+01 9.994188e-01 7.909656e-03 3.315959e-02 7.315443e+01 -3.286161e-02 -3.522122e-02 9.988391e-01 -1.839305e+00
9.152532e-03 -9.994314e-01 -3.245629e-02 2.001674e+01 9.994275e-01 8.085489e-03 3.285663e-02 7.434628e+01 -3.257552e-02 -3.273843e-02 9.989330e-01 -1.848939e+00
9.388566e-03 -9.995117e-01 -2.980503e-02 2.002749e+01 9.994076e-01 8.392215e-03 3.338060e-02 7.554422e+01 -3.311417e-02 -3.010077e-02 9.989982e-01 -1.884138e+00
1.001203e-02 -9.995046e-01 -2.984475e-02 2.003237e+01 9.993545e-01 8.971632e-03 3.479164e-02 7.672596e+01 -3.450664e-02 -3.017382e-02 9.989489e-01 -1.897285e+00
1.048946e-02 -9.994550e-01 -3.130237e-02 2.003757e+01 9.992417e-01 9.303033e-03 3.780908e-02 7.793068e+01 -3.749726e-02 -3.167523e-02 9.987946e-01 -1.937671e+00
1.144874e-02 -9.993877e-01 -3.306570e-02 2.004843e+01 9.992256e-01 1.018935e-02 3.800793e-02 7.911102e+01 -3.764774e-02 -3.347524e-02 9.987302e-01 -1.961494e+00
1.191163e-02 -9.993646e-01 -3.359966e-02 2.004953e+01 9.992822e-01 1.068860e-02 3.634742e-02 8.030308e+01 -3.596519e-02 -3.400850e-02 9.987742e-01 -1.995487e+00
1.222336e-02 -9.993727e-01 -3.324214e-02 2.005578e+01 9.993283e-01 1.106066e-02 3.493895e-02 8.149661e+01 -3.454934e-02 -3.364689e-02 9.988365e-01 -2.016850e+00
1.230496e-02 -9.994076e-01 -3.214199e-02 2.007176e+01 9.993374e-01 1.119018e-02 3.463596e-02 8.268764e+01 -3.425577e-02 -3.254689e-02 9.988830e-01 -2.024091e+00
1.244134e-02 -9.994612e-01 -3.037556e-02 2.007999e+01 9.992949e-01 1.135153e-02 3.579123e-02 8.388445e+01 -3.542712e-02 -3.079944e-02 9.988976e-01 -2.055177e+00
1.229346e-02 -9.994802e-01 -2.980239e-02 2.008844e+01 9.992116e-01 1.115400e-02 3.810293e-02 8.503607e+01 -3.775071e-02 -3.024731e-02 9.988293e-01 -2.078651e+00
1.289457e-02 -9.994738e-01 -2.976776e-02 2.009968e+01 9.991280e-01 1.169628e-02 4.008296e-02 8.622672e+01 -3.971368e-02 -3.025866e-02 9.987528e-01 -2.111901e+00
1.303458e-02 -9.994388e-01 -3.085826e-02 2.010801e+01 9.991209e-01 1.178831e-02 4.023134e-02 8.740051e+01 -3.984500e-02 -3.135553e-02 9.987138e-01 -2.146540e+00
1.342142e-02 -9.994353e-01 -3.080753e-02 2.012433e+01 9.991688e-01 1.221901e-02 3.889174e-02 8.858177e+01 -3.849334e-02 -3.130391e-02 9.987684e-01 -2.156895e+00
1.360327e-02 -9.994446e-01 -3.042074e-02 2.013098e+01 9.991999e-01 1.244301e-02 3.800990e-02 8.975938e+01 -3.761027e-02 -3.091346e-02 9.988142e-01 -2.166057e+00
1.357841e-02 -9.994875e-01 -2.899225e-02 2.014495e+01 9.991580e-01 1.243985e-02 3.909670e-02 9.092674e+01 -3.871600e-02 -2.949871e-02 9.988148e-01 -2.191964e+00
1.407063e-02 -9.995407e-01 -2.684417e-02 2.015820e+01 9.990618e-01 1.295400e-02 4.132725e-02 9.208439e+01 -4.096052e-02 -2.740048e-02 9.987850e-01 -2.232527e+00
1.411521e-02 -9.995742e-01 -2.553928e-02 2.016833e+01 9.989856e-01 1.300532e-02 4.311375e-02 9.326599e+01 -4.276324e-02 -2.612193e-02 9.987437e-01 -2.267537e+00
1.454914e-02 -9.995511e-01 -2.619559e-02 2.018218e+01 9.989287e-01 1.337904e-02 4.430183e-02 9.444306e+01 -4.393146e-02 -2.681208e-02 9.986747e-01 -2.308670e+00
1.520205e-02 -9.995058e-01 -2.751484e-02 2.018991e+01 9.988617e-01 1.393640e-02 4.562000e-02 9.562037e+01 -4.521399e-02 -2.817703e-02 9.985799e-01 -2.358156e+00
1.561695e-02 -9.994268e-01 -3.003626e-02 2.019335e+01 9.988195e-01 1.421148e-02 4.645019e-02 9.675362e+01 -4.599670e-02 -3.072621e-02 9.984689e-01 -2.376251e+00
1.619291e-02 -9.993602e-01 -3.189456e-02 2.017639e+01 9.989645e-01 1.481348e-02 4.302094e-02 9.792371e+01 -4.252093e-02 -3.255817e-02 9.985650e-01 -2.402578e+00
1.666236e-02 -9.993038e-01 -3.338078e-02 2.018436e+01 9.990125e-01 1.526368e-02 4.172694e-02 9.907750e+01 -4.118837e-02 -3.404309e-02 9.985713e-01 -2.438697e+00
1.694089e-02 -9.993036e-01 -3.325082e-02 2.018762e+01 9.990514e-01 1.558346e-02 4.066735e-02 1.002253e+02 -4.012085e-02 -3.390823e-02 9.986193e-01 -2.463592e+00
1.696825e-02 -9.993392e-01 -3.214883e-02 2.021469e+01 9.990188e-01 1.562959e-02 4.144189e-02 1.013856e+02 -4.091202e-02 -3.282048e-02 9.986235e-01 -2.484075e+00
1.685840e-02 -9.993472e-01 -3.195525e-02 2.022936e+01 9.989445e-01 1.546854e-02 4.325320e-02 1.025581e+02 -4.273066e-02 -3.265070e-02 9.985530e-01 -2.521994e+00
1.707202e-02 -9.993820e-01 -3.072776e-02 2.024216e+01 9.988785e-01 1.568985e-02 4.467371e-02 1.037161e+02 -4.416398e-02 -3.145597e-02 9.985290e-01 -2.559690e+00
1.696104e-02 -9.992087e-01 -3.597596e-02 2.024364e+01 9.989061e-01 1.536584e-02 4.416376e-02 1.048993e+02 -4.357601e-02 -3.668567e-02 9.983763e-01 -2.581950e+00
1.697844e-02 -9.990687e-01 -3.966766e-02 2.025038e+01 9.988757e-01 1.519221e-02 4.490491e-02 1.060709e+02 -4.426044e-02 -4.038548e-02 9.982034e-01 -2.634752e+00
1.711851e-02 -9.989910e-01 -4.152028e-02 2.025443e+01 9.988914e-01 1.526606e-02 4.452951e-02 1.072267e+02 -4.385072e-02 -4.223653e-02 9.981449e-01 -2.685146e+00
1.651675e-02 -9.989275e-01 -4.325705e-02 2.026619e+01 9.990405e-01 1.473260e-02 4.124407e-02 1.084184e+02 -4.056255e-02 -4.389676e-02 9.982123e-01 -2.705543e+00
1.596230e-02 -9.988934e-01 -4.424192e-02 2.027247e+01 9.992148e-01 1.433134e-02 3.694025e-02 1.096039e+02 -3.626532e-02 -4.479683e-02 9.983376e-01 -2.736710e+00
1.511866e-02 -9.990690e-01 -4.040525e-02 2.028462e+01 9.992449e-01 1.365006e-02 3.637933e-02 1.107876e+02 -3.579393e-02 -4.092474e-02 9.985209e-01 -2.769823e+00
1.460421e-02 -9.992400e-01 -3.613969e-02 2.030109e+01 9.992642e-01 1.330352e-02 3.597292e-02 1.120013e+02 -3.546479e-02 -3.663845e-02 9.986991e-01 -2.780834e+00
1.411963e-02 -9.992617e-01 -3.573521e-02 2.031566e+01 9.992301e-01 1.279265e-02 3.709299e-02 1.131985e+02 -3.660844e-02 -3.623144e-02 9.986727e-01 -2.831073e+00
1.374286e-02 -9.993401e-01 -3.362631e-02 2.032136e+01 9.991109e-01 1.238370e-02 4.030047e-02 1.144496e+02 -3.985745e-02 -3.415026e-02 9.986216e-01 -2.884891e+00
1.279932e-02 -9.993745e-01 -3.296725e-02 2.033666e+01 9.991106e-01 1.145732e-02 4.057986e-02 1.156614e+02 -4.017676e-02 -3.345733e-02 9.986323e-01 -2.928106e+00
1.243603e-02 -9.993898e-01 -3.264501e-02 2.034755e+01 9.992654e-01 1.123762e-02 3.664086e-02 1.168691e+02 -3.625164e-02 -3.307670e-02 9.987952e-01 -2.934091e+00
1.152879e-02 -9.993544e-01 -3.402858e-02 2.035097e+01 9.994046e-01 1.040930e-02 3.289430e-02 1.181177e+02 -3.251885e-02 -3.438755e-02 9.988794e-01 -2.967261e+00
1.114273e-02 -9.993719e-01 -3.364249e-02 2.034868e+01 9.994445e-01 1.007408e-02 3.176889e-02 1.193498e+02 -3.141002e-02 -3.397780e-02 9.989289e-01 -2.978552e+00
1.042449e-02 -9.993827e-01 -3.355510e-02 2.035257e+01 9.994286e-01 9.334087e-03 3.249039e-02 1.206128e+02 -3.215712e-02 -3.387462e-02 9.989086e-01 -3.032704e+00
1.025259e-02 -9.992180e-01 -3.819071e-02 2.034800e+01 9.992801e-01 8.843005e-03 3.689688e-02 1.218792e+02 -3.653030e-02 -3.854150e-02 9.985890e-01 -3.075543e+00
1.064205e-02 -9.990521e-01 -4.221167e-02 2.034447e+01 9.991384e-01 8.930385e-03 4.053298e-02 1.231306e+02 -4.011758e-02 -4.260666e-02 9.982862e-01 -3.129196e+00
1.110929e-02 -9.987808e-01 -4.809969e-02 2.033277e+01 9.991294e-01 9.152830e-03 4.070619e-02 1.244192e+02 -4.021630e-02 -4.851003e-02 9.980127e-01 -3.178747e+00
1.151961e-02 -9.985886e-01 -5.184933e-02 2.032786e+01 9.991987e-01 9.507775e-03 3.888278e-02 1.257012e+02 -3.833491e-02 -5.225569e-02 9.978977e-01 -3.211060e+00
1.141596e-02 -9.985106e-01 -5.335381e-02 2.032560e+01 9.992276e-01 9.385049e-03 3.816194e-02 1.269497e+02 -3.760437e-02 -5.374826e-02 9.978462e-01 -3.242785e+00
1.067144e-02 -9.985079e-01 -5.355497e-02 2.033029e+01 9.992501e-01 8.655071e-03 3.774172e-02 1.282263e+02 -3.722189e-02 -5.391757e-02 9.978514e-01 -3.281152e+00
1.030940e-02 -9.986327e-01 -5.124936e-02 2.033267e+01 9.992620e-01 8.392274e-03 3.748336e-02 1.294758e+02 -3.700201e-02 -5.159797e-02 9.979822e-01 -3.304693e+00
9.959102e-03 -9.985938e-01 -5.207152e-02 2.034714e+01 9.992409e-01 7.976949e-03 3.813580e-02 1.307607e+02 -3.766679e-02 -5.241179e-02 9.979149e-01 -3.327116e+00
9.275615e-03 -9.986199e-01 -5.169813e-02 2.034699e+01 9.990690e-01 7.076442e-03 4.256144e-02 1.320137e+02 -4.213684e-02 -5.204478e-02 9.977554e-01 -3.363000e+00
9.222329e-03 -9.986814e-01 -5.050443e-02 2.035146e+01 9.989299e-01 6.911814e-03 4.573407e-02 1.332676e+02 -4.532466e-02 -5.087217e-02 9.976761e-01 -3.415659e+00
8.951962e-03 -9.986450e-01 -5.126698e-02 2.035389e+01 9.989611e-01 6.640136e-03 4.508775e-02 1.345486e+02 -4.468622e-02 -5.161734e-02 9.976667e-01 -3.447510e+00
9.861350e-03 -9.986008e-01 -5.195547e-02 2.036315e+01 9.989898e-01 7.560492e-03 4.429732e-02 1.358101e+02 -4.384252e-02 -5.233981e-02 9.976665e-01 -3.474021e+00
1.129562e-02 -9.985916e-01 -5.183824e-02 2.037505e+01 9.989909e-01 9.016097e-03 4.399857e-02 1.370510e+02 -4.346922e-02 -5.228292e-02 9.976858e-01 -3.504069e+00
1.229632e-02 -9.985462e-01 -5.248270e-02 2.037422e+01 9.989954e-01 1.000589e-02 4.368288e-02 1.383247e+02 -4.309423e-02 -5.296711e-02 9.976659e-01 -3.528304e+00
1.313210e-02 -9.985392e-01 -5.241347e-02 2.038045e+01 9.989219e-01 1.076669e-02 4.516011e-02 1.395828e+02 -4.452981e-02 -5.295001e-02 9.976038e-01 -3.571985e+00
1.407325e-02 -9.985003e-01 -5.290845e-02 2.038280e+01 9.987625e-01 1.151305e-02 4.838623e-02 1.408501e+02 -4.770452e-02 -5.352393e-02 9.974265e-01 -3.625962e+00
1.541227e-02 -9.984453e-01 -5.356875e-02 2.038710e+01 9.986985e-01 1.276678e-02 4.938007e-02 1.421102e+02 -4.861939e-02 -5.426009e-02 9.973425e-01 -3.677758e+00
1.674825e-02 -9.982800e-01 -5.618592e-02 2.040695e+01 9.987491e-01 1.405519e-02 4.798868e-02 1.433298e+02 -4.711642e-02 -5.691937e-02 9.972664e-01 -3.700933e+00
1.651418e-02 -9.983252e-01 -5.544576e-02 2.040775e+01 9.988935e-01 1.403058e-02 4.488865e-02 1.445831e+02 -4.403553e-02 -5.612570e-02 9.974521e-01 -3.733270e+00
1.651198e-02 -9.984452e-01 -5.324455e-02 2.042226e+01 9.989552e-01 1.420379e-02 4.344115e-02 1.458286e+02 -4.261731e-02 -5.390622e-02 9.976361e-01 -3.759636e+00
1.631898e-02 -9.984685e-01 -5.286238e-02 2.043660e+01 9.989735e-01 1.404715e-02 4.306585e-02 1.470564e+02 -4.225732e-02 -5.351091e-02 9.976727e-01 -3.790558e+00
1.598281e-02 -9.985631e-01 -5.115011e-02 2.045380e+01 9.989680e-01 1.377231e-02 4.328063e-02 1.483156e+02 -4.251398e-02 -5.178907e-02 9.977527e-01 -3.828146e+00
1.595402e-02 -9.986813e-01 -4.879831e-02 2.047043e+01 9.990023e-01 1.388508e-02 4.244692e-02 1.495466e+02 -4.171336e-02 -4.942683e-02 9.979063e-01 -3.853688e+00
1.580477e-02 -9.986632e-01 -4.921515e-02 2.049096e+01 9.989964e-01 1.370847e-02 4.264473e-02 1.508107e+02 -4.191305e-02 -4.983975e-02 9.978774e-01 -3.886104e+00
1.570219e-02 -9.987530e-01 -4.739100e-02 2.050260e+01 9.989121e-01 1.358789e-02 4.461022e-02 1.520625e+02 -4.391065e-02 -4.803992e-02 9.978797e-01 -3.924219e+00
1.586843e-02 -9.988326e-01 -4.562715e-02 2.051983e+01 9.988469e-01 1.376754e-02 4.599501e-02 1.532839e+02 -4.531313e-02 -4.630440e-02 9.978991e-01 -3.969105e+00
1.534802e-02 -9.988797e-01 -4.476586e-02 2.053209e+01 9.989142e-01 1.334816e-02 4.463582e-02 1.545444e+02 -4.398826e-02 -4.540233e-02 9.979998e-01 -3.990493e+00
1.477063e-02 -9.989200e-01 -4.405569e-02 2.053431e+01 9.989009e-01 1.278138e-02 4.509808e-02 1.557566e+02 -4.448628e-02 -4.467340e-02 9.980106e-01 -4.040066e+00
1.552987e-02 -9.989114e-01 -4.398882e-02 2.055332e+01 9.986656e-01 1.332885e-02 4.989554e-02 1.569890e+02 -4.925490e-02 -4.470500e-02 9.977853e-01 -4.085054e+00
1.613760e-02 -9.987420e-01 -4.748093e-02 2.055054e+01 9.983385e-01 1.346743e-02 5.602812e-02 1.582389e+02 -5.531817e-02 -4.830621e-02 9.972996e-01 -4.162816e+00
1.804179e-02 -9.984353e-01 -5.293027e-02 2.056380e+01 9.982628e-01 1.501828e-02 5.697350e-02 1.594594e+02 -5.608942e-02 -5.386622e-02 9.969716e-01 -4.200990e+00
1.926970e-02 -9.982631e-01 -5.567517e-02 2.056270e+01 9.984387e-01 1.629305e-02 5.343231e-02 1.607101e+02 -5.243238e-02 -5.661786e-02 9.970182e-01 -4.258717e+00
2.060223e-02 -9.980866e-01 -5.829997e-02 2.057436e+01 9.986640e-01 1.778001e-02 4.852000e-02 1.619537e+02 -4.739058e-02 -5.922170e-02 9.971193e-01 -4.288357e+00
2.169389e-02 -9.979764e-01 -5.977070e-02 2.059643e+01 9.987028e-01 1.887733e-02 4.729104e-02 1.631595e+02 -4.606703e-02 -6.071909e-02 9.970913e-01 -4.348297e+00
2.231735e-02 -9.982496e-01 -5.476990e-02 2.061075e+01 9.988212e-01 1.990098e-02 4.427430e-02 1.644023e+02 -4.310683e-02 -5.569342e-02 9.975169e-01 -4.378223e+00
2.216667e-02 -9.984735e-01 -5.059388e-02 2.062650e+01 9.989992e-01 2.015495e-02 3.993233e-02 1.656308e+02 -3.885165e-02 -5.142841e-02 9.979207e-01 -4.419720e+00
2.196467e-02 -9.987093e-01 -4.579922e-02 2.065939e+01 9.990979e-01 2.026153e-02 3.732556e-02 1.668660e+02 -3.634941e-02 -4.657774e-02 9.982531e-01 -4.435547e+00
2.090591e-02 -9.988794e-01 -4.246207e-02 2.066887e+01 9.990581e-01 1.925647e-02 3.888983e-02 1.680819e+02 -3.802857e-02 -4.323510e-02 9.983409e-01 -4.469814e+00
2.166772e-02 -9.988804e-01 -4.205600e-02 2.069863e+01 9.987642e-01 1.974475e-02 4.561269e-02 1.692964e+02 -4.473123e-02 -4.299234e-02 9.980735e-01 -4.530288e+00
2.312398e-02 -9.988389e-01 -4.226490e-02 2.070765e+01 9.986218e-01 2.108514e-02 4.806510e-02 1.705422e+02 -4.711812e-02 -4.331811e-02 9.979496e-01 -4.590027e+00
2.493215e-02 -9.987019e-01 -4.442044e-02 2.072875e+01 9.986799e-01 2.288610e-02 4.598862e-02 1.717794e+02 -4.491230e-02 -4.550840e-02 9.979538e-01 -4.608542e+00
2.598953e-02 -9.986119e-01 -4.581587e-02 2.075164e+01 9.986909e-01 2.391702e-02 4.521847e-02 1.729874e+02 -4.405991e-02 -4.693110e-02 9.979259e-01 -4.663264e+00
2.694029e-02 -9.986387e-01 -4.466794e-02 2.079195e+01 9.986256e-01 2.487630e-02 4.613554e-02 1.742224e+02 -4.496155e-02 -4.584945e-02 9.979360e-01 -4.717991e+00
2.806771e-02 -9.986160e-01 -4.447889e-02 2.081091e+01 9.986433e-01 2.606046e-02 4.508357e-02 1.754355e+02 -4.386204e-02 -4.568394e-02 9.979925e-01 -4.739944e+00
2.969152e-02 -9.985270e-01 -4.541303e-02 2.085116e+01 9.986283e-01 2.767295e-02 4.444998e-02 1.766081e+02 -4.312779e-02 -4.667053e-02 9.979789e-01 -4.753720e+00
3.138387e-02 -9.984413e-01 -4.615379e-02 2.086881e+01 9.985351e-01 2.928358e-02 4.549911e-02 1.777938e+02 -4.407664e-02 -4.751412e-02 9.978976e-01 -4.802248e+00
3.293484e-02 -9.984094e-01 -4.575943e-02 2.091085e+01 9.984098e-01 3.077000e-02 4.723397e-02 1.789083e+02 -4.575082e-02 -4.724231e-02 9.978352e-01 -4.837803e+00
3.332990e-02 -9.983528e-01 -4.669884e-02 2.092532e+01 9.982994e-01 3.101939e-02 4.935714e-02 1.800177e+02 -4.782727e-02 -4.826449e-02 9.976889e-01 -4.848116e+00
3.354716e-02 -9.983237e-01 -4.716573e-02 2.095256e+01 9.982557e-01 3.117621e-02 5.013600e-02 1.810936e+02 -4.858149e-02 -4.876538e-02 9.976281e-01 -4.891934e+00
3.351587e-02 -9.983755e-01 -4.607738e-02 2.098767e+01 9.982175e-01 3.116137e-02 5.090077e-02 1.821230e+02 -4.938224e-02 -4.770123e-02 9.976402e-01 -4.923890e+00
3.398561e-02 -9.983312e-01 -4.669019e-02 2.100367e+01 9.982248e-01 3.162146e-02 5.047350e-02 1.831311e+02 -4.891285e-02 -4.832268e-02 9.976334e-01 -4.949913e+00
3.550589e-02 -9.982418e-01 -4.746557e-02 2.103995e+01 9.981674e-01 3.309423e-02 5.066440e-02 1.841044e+02 -4.900447e-02 -4.917747e-02 9.975871e-01 -4.976579e+00
3.651482e-02 -9.981985e-01 -4.760839e-02 2.107104e+01 9.981142e-01 3.407651e-02 5.105887e-02 1.850659e+02 -4.934456e-02 -4.938301e-02 9.975603e-01 -5.026999e+00
3.561330e-02 -9.982473e-01 -4.726819e-02 2.110397e+01 9.981916e-01 3.323954e-02 5.008834e-02 1.860030e+02 -4.842937e-02 -4.896653e-02 9.976256e-01 -5.045260e+00
3.264087e-02 -9.984864e-01 -4.426927e-02 2.113678e+01 9.984230e-01 3.055060e-02 4.709971e-02 1.869273e+02 -4.567596e-02 -4.573683e-02 9.979087e-01 -5.078290e+00
2.799469e-02 -9.986196e-01 -4.444386e-02 2.115140e+01 9.987093e-01 2.605671e-02 4.360082e-02 1.878534e+02 -4.238257e-02 -4.560709e-02 9.980600e-01 -5.104717e+00
2.335930e-02 -9.986235e-01 -4.696301e-02 2.116291e+01 9.989463e-01 2.145898e-02 4.056896e-02 1.887718e+02 -3.950534e-02 -4.786119e-02 9.980724e-01 -5.127882e+00
1.998127e-02 -9.986368e-01 -4.822033e-02 2.117922e+01 9.990380e-01 1.805973e-02 3.996120e-02 1.896675e+02 -3.903588e-02 -4.897242e-02 9.980370e-01 -5.163871e+00
1.703769e-02 -9.986096e-01 -4.988476e-02 2.118105e+01 9.990714e-01 1.502848e-02 4.037765e-02 1.906061e+02 -3.957181e-02 -5.052638e-02 9.979385e-01 -5.200500e+00
1.499408e-02 -9.986689e-01 -4.935300e-02 2.119114e+01 9.990217e-01 1.290911e-02 4.229772e-02 1.915421e+02 -4.160431e-02 -4.993893e-02 9.978853e-01 -5.210216e+00
1.331556e-02 -9.988095e-01 -4.692944e-02 2.120224e+01 9.989888e-01 1.127297e-02 4.352399e-02 1.924636e+02 -4.294313e-02 -4.746153e-02 9.979495e-01 -5.229921e+00
1.189345e-02 -9.988927e-01 -4.551678e-02 2.121463e+01 9.989843e-01 9.891450e-03 4.395972e-02 1.933639e+02 -4.346082e-02 -4.599338e-02 9.979959e-01 -5.264529e+00
1.103437e-02 -9.988699e-01 -4.623203e-02 2.123157e+01 9.990244e-01 9.035170e-03 4.323056e-02 1.942678e+02 -4.276397e-02 -4.666394e-02 9.979948e-01 -5.282107e+00
1.053697e-02 -9.988100e-01 -4.762049e-02 2.122536e+01 9.990678e-01 8.522034e-03 4.231980e-02 1.951720e+02 -4.186361e-02 -4.802202e-02 9.979686e-01 -5.314211e+00
1.092470e-02 -9.986734e-01 -5.032178e-02 2.123121e+01 9.990836e-01 8.818626e-03 4.188550e-02 1.960734e+02 -4.138616e-02 -5.073325e-02 9.978544e-01 -5.357509e+00
1.145768e-02 -9.985681e-01 -5.225779e-02 2.122636e+01 9.991152e-01 9.317577e-03 4.101494e-02 1.969919e+02 -4.046928e-02 -5.268149e-02 9.977910e-01 -5.377034e+00
1.216114e-02 -9.985501e-01 -5.243906e-02 2.122616e+01 9.991820e-01 1.011258e-02 3.915498e-02 1.978956e+02 -3.856791e-02 -5.287234e-02 9.978562e-01 -5.412377e+00
