1.000000e+00 0.000000e+00 0.000000e+00 0.000000e+00 0.000000e+00 1.000000e+00 0.000000e+00 0.000000e+00 0.000000e+00 0.000000e+00 1.000000e+00 0.000000e+00
9.999952e-01 -2.954952e-03 -9.312588e-04 6.857322e-01 2.952878e-03 9.999931e-01 -2.220374e-03 8.510949e-03 9.378135e-04 2.217614e-03 9.999971e-01 1.787286e-02
9.999738e-01 -6.763679e-03 -2.555574e-03 1.387606e+00 6.762975e-03 9.999771e-01 -2.841533e-04 2.527518e-02 2.557438e-03 2.668626e-04 9.999967e-01 3.173544e-02
9.999385e-01 -1.068873e-02 -2.971111e-03 2.108644e+00 1.068831e-02 9.999428e-01 -1.576565e-04 3.632762e-02 2.972626e-03 1.258906e-04 9.999956e-01 2.571176e-02
9.998754e-01 -1.540762e-02 -3.423576e-03 2.849848e+00 1.540975e-02 9.998811e-01 5.963531e-04 5.459107e-02 3.413981e-03 -6.490353e-04 9.999940e-01 1.966500e-02
9.997967e-01 -1.984648e-02 -3.553882e-03 3.595556e+00 1.984848e-02 9.998029e-01 5.287064e-04 6.770638e-02 3.542688e-03 -5.991380e-04 9.999936e-01 2.869353e-02
9.997010e-01 -2.415546e-02 -3.799429e-03 4.361618e+00 2.416254e-02 9.997064e-01 1.827375e-03 9.595826e-02 3.754172e-03 -1.918632e-03 9.999911e-01 3.452420e-02
9.995736e-01 -2.884712e-02 -4.519840e-03 5.141536e+00 2.886536e-02 9.995752e-01 4.023668e-03 1.320303e-01 4.401849e-03 -4.152419e-03 9.999817e-01 4.793803e-02
9.994305e-01 -3.347258e-02 -4.258614e-03 5.945234e+00 3.349454e-02 9.994254e-01 5.192995e-03 1.572255e-01 4.082345e-03 -5.332679e-03 9.999775e-01 5.114163e-02
9.992730e-01 -3.800749e-02 -2.973362e-03 6.759243e+00 3.802541e-02 9.992574e-01 6.220649e-03 1.918359e-01 2.734723e-03 -6.329190e-03 9.999762e-01 5.809904e-02
9.991384e-01 -4.148355e-02 -1.249191e-03 7.569460e+00 4.148831e-02 9.991307e-01 4.061717e-03 2.304291e-01 1.079610e-03 -4.110044e-03 9.999910e-01 4.139417e-02
9.990262e-01 -4.409735e-02 -1.464703e-03 8.387756e+00 4.410383e-02 9.990157e-01 4.738396e-03 2.738767e-01 1.254311e-03 -4.798381e-03 9.999877e-01 5.823502e-02
9.989324e-01 -4.615937e-02 -1.860217e-03 9.211017e+00 4.616858e-02 9.989198e-01 5.254433e-03 3.185505e-01 1.615667e-03 -5.334707e-03 9.999844e-01 6.457234e-02
9.988459e-01 -4.797069e-02 -2.386206e-03 1.003967e+01 4.798274e-02 9.988342e-01 5.278784e-03 3.576182e-01 2.130198e-03 -5.387188e-03 9.999832e-01 8.966687e-02
9.987536e-01 -4.987560e-02 -1.896912e-03 1.088785e+01 4.988420e-02 9.987435e-01 4.793778e-03 4.058616e-01 1.655436e-03 -4.882429e-03 9.999867e-01 9.003307e-02
9.986807e-01 -5.130109e-02 -2.271066e-03 1.174983e+01 5.130811e-02 9.986779e-01 3.148514e-03 4.494539e-01 2.106542e-03 -3.260884e-03 9.999925e-01 1.029442e-01
9.985882e-01 -5.297614e-02 -3.888009e-03 1.260927e+01 5.299835e-02 9.985775e-01 5.849926e-03 5.033878e-01 3.572572e-03 -6.047725e-03 9.999753e-01 9.863555e-02
9.985034e-01 -5.437631e-02 -5.835219e-03 1.348083e+01 5.441885e-02 9.984908e-01 7.397966e-03 5.565670e-01 5.424139e-03 -7.704440e-03 9.999556e-01 1.254520e-01
9.984067e-01 -5.590481e-02 -7.660720e-03 1.435896e+01 5.600071e-02 9.983469e-01 1.293415e-02 6.172833e-01 6.924976e-03 -1.334255e-02 9.998870e-01 1.315456e-01
9.983422e-01 -5.703483e-02 -7.747256e-03 1.524911e+01 5.713348e-02 9.982796e-01 1.317316e-02 6.731958e-01 6.982599e-03 -1.359395e-02 9.998832e-01 1.512886e-01
9.982846e-01 -5.819079e-02 -6.448728e-03 1.614128e+01 5.827427e-02 9.982077e-01 1.361859e-02 7.307586e-01 5.644694e-03 -1.397102e-02 9.998865e-01 1.575421e-01
9.982131e-01 -5.952053e-02 -5.296485e-03 1.704920e+01 5.958457e-02 9.981400e-01 1.289035e-02 7.933491e-01 4.519394e-03 -1.318291e-02 9.999029e-01 1.739722e-01
9.981413e-01 -6.070552e-02 -5.351046e-03 1.796572e+01 6.077227e-02 9.980624e-01 1.334651e-02 8.476596e-01 4.530472e-03 -1.364690e-02 9.998966e-01 1.817989e-01
9.980536e-01 -6.203168e-02 -6.408674e-03 1.887222e+01 6.211448e-02 9.979757e-01 1.364932e-02 9.125107e-01 5.549010e-03 -1.402082e-02 9.998863e-01 1.806173e-01
9.979902e-01 -6.304345e-02 -6.414559e-03 1.978758e+01 6.312997e-02 9.979025e-01 1.432239e-02 9.741052e-01 5.498172e-03 -1.469855e-02 9.998769e-01 1.976336e-01
9.979619e-01 -6.358680e-02 -5.362204e-03 2.071760e+01 6.365911e-02 9.978648e-01 1.460837e-02 1.036176e+00 4.421855e-03 -1.491995e-02 9.998789e-01 2.035260e-01
9.979662e-01 -6.367727e-02 -2.954248e-03 2.164479e+01 6.371459e-02 9.978555e-01 1.499611e-02 1.096169e+00 1.993001e-03 -1.515384e-02 9.998832e-01 2.097333e-01
9.980134e-01 -6.299067e-02 -1.147450e-03 2.258526e+01 6.300066e-02 9.979100e-01 1.436819e-02 1.161071e+00 2.399899e-04 -1.441194e-02 9.998961e-01 2.148794e-01
9.981018e-01 -6.158471e-02 4.454895e-04 2.353080e+01 6.157271e-02 9.980071e-01 1.380359e-02 1.218570e+00 -1.294692e-03 -1.374996e-02 9.999046e-01 2.026778e-01
9.981938e-01 -6.007400e-02 5.074336e-04 2.448140e+01 6.006262e-02 9.981127e-01 1.278749e-02 1.277879e+00 -1.274671e-03 -1.273392e-02 9.999181e-01 1.884476e-01
9.982757e-01 -5.867893e-02 -1.565733e-03 2.542701e+01 5.869538e-02 9.981729e-01 1.434528e-02 1.336878e+00 7.211065e-04 -1.441244e-02 9.998959e-01 2.027489e-01
9.983172e-01 -5.770409e-02 -5.741454e-03 2.638638e+01 5.781294e-02 9.981053e-01 2.105634e-02 1.397768e+00 4.515539e-03 -2.135283e-02 9.997618e-01 2.393614e-01
9.983773e-01 -5.637140e-02 -8.060359e-03 2.733883e+01 5.652159e-02 9.982048e-01 1.980996e-02 1.455228e+00 6.929174e-03 -2.023340e-02 9.997713e-01 2.680059e-01
9.984298e-01 -5.558360e-02 -6.953191e-03 2.831565e+01 5.570413e-02 9.982751e-01 1.854411e-02 1.509838e+00 5.910449e-03 -1.890231e-02 9.998038e-01 2.885353e-01
9.984375e-01 -5.582159e-02 -2.541837e-03 2.929952e+01 5.585116e-02 9.983462e-01 1.362117e-02 1.564175e+00 1.777278e-03 -1.374185e-02 9.999040e-01 2.996218e-01
9.983779e-01 -5.693313e-02 3.367439e-04 3.027534e+01 5.692729e-02 9.983323e-01 9.584892e-03 1.614636e+00 -8.818801e-04 -9.550175e-03 9.999540e-01 3.000362e-01
9.983242e-01 -5.786622e-02 4.580768e-04 3.125248e+01 5.786490e-02 9.983213e-01 2.507976e-03 1.656477e+00 -6.024349e-04 -2.477267e-03 9.999967e-01 3.099165e-01
9.982563e-01 -5.894594e-02 -3.104626e-03 3.223712e+01 5.896150e-02 9.982468e-01 5.185535e-03 1.714731e+00 2.793516e-03 -5.359547e-03 9.999818e-01 3.164645e-01
9.981660e-01 -6.024519e-02 -5.935492e-03 3.320699e+01 6.029245e-02 9.981476e-01 8.134165e-03 1.775237e+00 5.434453e-03 -8.477111e-03 9.999493e-01 3.441897e-01
9.980400e-01 -6.220714e-02 -6.811199e-03 3.419999e+01 6.226194e-02 9.980265e-01 8.152929e-03 1.842466e+00 6.290587e-03 -8.561028e-03 9.999436e-01 3.419602e-01
9.979959e-01 -6.305151e-02 -5.350752e-03 3.522298e+01 6.308886e-02 9.979824e-01 7.126439e-03 1.907383e+00 4.890624e-03 -7.449730e-03 9.999603e-01 3.674068e-01
9.979155e-01 -6.441534e-02 -3.915744e-03 3.621874e+01 6.445403e-02 9.978631e-01 1.072198e-02 1.980139e+00 3.216717e-03 -1.095201e-02 9.999349e-01 3.538753e-01
9.978489e-01 -6.546946e-02 -3.380268e-03 3.723706e+01 6.551161e-02 9.977479e-01 1.439910e-02 2.054927e+00 2.429954e-03 -1.458957e-02 9.998906e-01 3.656891e-01
9.977850e-01 -6.649563e-02 -1.859193e-03 3.822593e+01 6.651581e-02 9.976775e-01 1.467227e-02 2.129511e+00 8.792339e-04 -1.476343e-02 9.998906e-01 3.647386e-01
9.977949e-01 -6.637236e-02 1.730775e-04 3.924174e+01 6.636108e-02 9.976670e-01 1.602701e-02 2.195836e+00 -1.236425e-03 -1.598019e-02 9.998716e-01 3.857512e-01
9.977543e-01 -6.695250e-02 1.908292e-03 4.025153e+01 6.689944e-02 9.975486e-01 2.052385e-02 2.281139e+00 -3.277737e-03 -2.035009e-02 9.997876e-01 3.926279e-01
9.977629e-01 -6.682723e-02 1.833894e-03 4.123702e+01 6.677477e-02 9.975509e-01 2.081647e-02 2.355669e+00 -3.220510e-03 -2.064745e-02 9.997816e-01 4.092830e-01
9.977580e-01 -6.692222e-02 6.196925e-04 4.222484e+01 6.689565e-02 9.975510e-01 2.042212e-02 2.419221e+00 -1.984868e-03 -2.033488e-02 9.997913e-01 4.202521e-01
9.977672e-01 -6.677185e-02 -1.477063e-03 4.323510e+01 6.678811e-02 9.974902e-01 2.350820e-02 2.493269e+00 -9.633027e-05 -2.355436e-02 9.997225e-01 4.428123e-01
9.976996e-01 -6.777777e-02 -1.340827e-03 4.420783e+01 6.779090e-02 9.974641e-01 2.167609e-02 2.570741e+00 -1.317304e-04 -2.171712e-02 9.997641e-01 4.516308e-01
9.976199e-01 -6.895185e-02 -3.038406e-04 4.519637e+01 6.894396e-02 9.974170e-01 2.014800e-02 2.640458e+00 -1.086186e-03 -2.012100e-02 9.997970e-01 4.568968e-01
9.975599e-01 -6.981471e-02 3.810476e-04 4.620496e+01 6.979334e-02 9.973632e-01 1.988808e-02 2.712654e+00 -1.768524e-03 -1.981296e-02 9.998021e-01 4.470248e-01
9.975415e-01 -7.005379e-02 -1.841414e-03 4.716801e+01 7.007714e-02 9.973140e-01 2.130611e-02 2.787252e+00 3.438939e-04 -2.138277e-02 9.997713e-01 4.883431e-01
9.974612e-01 -7.078450e-02 -7.794539e-03 4.816897e+01 7.095587e-02 9.971786e-01 2.449553e-02 2.866287e+00 6.038644e-03 -2.498641e-02 9.996696e-01 5.037017e-01
9.974322e-01 -7.123866e-02 -7.353564e-03 4.912659e+01 7.139722e-02 9.971544e-01 2.419835e-02 2.943368e+00 5.608780e-03 -2.466124e-02 9.996801e-01 5.286104e-01
9.974156e-01 -7.169018e-02 -4.752267e-03 5.010447e+01 7.178322e-02 9.971384e-01 2.370859e-02 3.011649e+00 3.038995e-03 -2.398845e-02 9.997076e-01 5.260440e-01
9.974185e-01 -7.180432e-02 -6.778177e-04 5.109729e+01 7.180344e-02 9.972169e-01 2.007001e-02 3.077635e+00 -7.651825e-04 -2.006687e-02 9.997984e-01 5.502046e-01
9.973929e-01 -7.216102e-02 -4.855203e-04 5.204865e+01 7.215642e-02 9.971958e-01 1.984761e-02 3.149596e+00 -9.480644e-04 -1.983089e-02 9.998029e-01 5.468757e-01
9.973803e-01 -7.232644e-02 -1.236977e-03 5.301672e+01 7.233699e-02 9.972234e-01 1.768656e-02 3.218622e+00 -4.566358e-05 -1.772971e-02 9.998428e-01 5.742764e-01
9.973470e-01 -7.276641e-02 -2.004533e-03 5.398734e+01 7.278885e-02 9.972259e-01 1.556146e-02 3.282204e+00 8.666212e-04 -1.566608e-02 9.998769e-01 5.722549e-01
9.972657e-01 -7.389510e-02 -8.339529e-04 5.492591e+01 7.389901e-02 9.971389e-01 1.590561e-02 3.350162e+00 -3.437803e-04 -1.592375e-02 9.998732e-01 5.830461e-01
9.971948e-01 -7.477193e-02 3.419410e-03 5.589582e+01 7.472049e-02 9.971161e-01 1.328028e-02 3.424363e+00 -4.402541e-03 -1.298752e-02 9.999059e-01 5.873123e-01
9.971157e-01 -7.540061e-02 8.668507e-03 5.684439e+01 7.531463e-02 9.971111e-01 9.851657e-03 3.493635e+00 -9.386286e-03 -9.170376e-03 9.999139e-01 6.044856e-01
9.970658e-01 -7.581189e-02 1.059682e-02 5.779389e+01 7.569179e-02 9.970671e-01 1.130970e-02 3.572330e+00 -1.142315e-02 -1.047443e-02 9.998799e-01 5.957784e-01
9.970008e-01 -7.703975e-02 7.364674e-03 5.874371e+01 7.696525e-02 9.969845e-01 9.914306e-03 3.656908e+00 -8.106261e-03 -9.317746e-03 9.999237e-01 6.059425e-01
9.969229e-01 -7.838862e-02 -9.398961e-05 5.964208e+01 7.838297e-02 9.968351e-01 1.326717e-02 3.736168e+00 -9.463030e-04 -1.323371e-02 9.999120e-01 6.240801e-01
9.968465e-01 -7.916968e-02 -5.405320e-03 6.056451e+01 7.924397e-02 9.967380e-01 1.528910e-02 3.812582e+00 4.177256e-03 -1.566922e-02 9.998685e-01 6.556551e-01
9.967685e-01 -8.016991e-02 -5.026169e-03 6.149062e+01 8.025173e-02 9.965930e-01 1.902751e-02 3.902080e+00 3.483611e-03 -1.936938e-02 9.998063e-01 6.646124e-01
9.967130e-01 -8.096388e-02 -2.823192e-03 6.237840e+01 8.100418e-02 9.965149e-01 1.990775e-02 3.983078e+00 1.201545e-03 -2.007100e-02 9.997978e-01 6.675417e-01
9.966127e-01 -8.221629e-02 -1.922651e-03 6.325845e+01 8.223842e-02 9.964035e-01 2.042168e-02 4.062753e+00 2.367410e-04 -2.051062e-02 9.997896e-01 6.812543e-01
9.965225e-01 -8.329264e-02 -2.272930e-03 6.413994e+01 8.332279e-02 9.962646e-01 2.267420e-02 4.141396e+00 3.758452e-04 -2.278474e-02 9.997403e-01 6.994369e-01
9.964048e-01 -8.470860e-02 -1.423807e-03 6.498410e+01 8.471721e-02 9.960752e-01 2.563638e-02 4.220792e+00 -7.534032e-04 -2.566483e-02 9.996703e-01 7.070096e-01
9.962840e-01 -8.611792e-02 -1.356524e-03 6.583630e+01 8.612276e-02 9.959092e-01 2.734528e-02 4.298059e+00 -1.003944e-03 -2.736049e-02 9.996251e-01 7.223736e-01
9.961616e-01 -8.752919e-02 -8.952359e-04 6.664867e+01 8.752055e-02 9.957812e-01 2.756524e-02 4.374745e+00 -1.521303e-03 -2.753778e-02 9.996196e-01 7.305736e-01
9.960464e-01 -8.883234e-02 -5.689958e-04 6.746132e+01 8.881290e-02 9.956475e-01 2.825232e-02 4.447339e+00 -1.943200e-03 -2.819115e-02 9.996006e-01 7.350467e-01
9.959285e-01 -9.013251e-02 1.619519e-03 6.827704e+01 9.003559e-02 9.954295e-01 3.183740e-02 4.530276e+00 -4.481703e-03 -3.156196e-02 9.994918e-01 7.341394e-01
9.958010e-01 -9.140122e-02 5.108986e-03 6.906400e+01 9.117284e-02 9.952388e-01 3.445593e-02 4.606768e+00 -8.233974e-03 -3.384545e-02 9.993932e-01 7.293999e-01
9.956502e-01 -9.300729e-02 5.498398e-03 6.984652e+01 9.274247e-02 9.950025e-01 3.699723e-02 4.687452e+00 -8.911932e-03 -3.632637e-02 9.993002e-01 7.298657e-01
9.955351e-01 -9.437864e-02 1.552572e-03 7.061734e+01 9.424471e-02 9.947701e-01 3.937419e-02 4.770456e+00 -5.260535e-03 -3.905207e-02 9.992234e-01 7.528630e-01
9.954053e-01 -9.551669e-02 -6.700519e-03 7.133195e+01 9.571222e-02 9.945608e-01 4.108588e-02 4.851224e+00 2.739685e-03 -4.153843e-02 9.991332e-01 7.673688e-01
9.952283e-01 -9.680194e-02 -1.225005e-02 7.205770e+01 9.721954e-02 9.944584e-01 4.001104e-02 4.930165e+00 8.309018e-03 -4.101107e-02 9.991242e-01 7.978848e-01
9.951736e-01 -9.713281e-02 -1.395320e-02 7.274611e+01 9.764693e-02 9.943036e-01 4.272465e-02 5.001170e+00 9.723755e-03 -4.388093e-02 9.989895e-01 7.950546e-01
9.951339e-01 -9.794126e-02 -1.076609e-02 7.343106e+01 9.831705e-02 9.942259e-01 4.299472e-02 5.075508e+00 6.492973e-03 -4.384400e-02 9.990173e-01 8.009211e-01
9.950209e-01 -9.926148e-02 -8.970268e-03 7.409766e+01 9.955919e-02 9.940861e-01 4.336894e-02 5.150274e+00 4.612355e-03 -4.404607e-02 9.990188e-01 8.126996e-01
9.949008e-01 -1.001743e-01 -1.173027e-02 7.472417e+01 1.005887e-01 9.940084e-01 4.277013e-02 5.214271e+00 7.375517e-03 -4.373197e-02 9.990160e-01 8.393635e-01
9.948498e-01 -1.000959e-01 -1.596032e-02 7.534706e+01 1.006335e-01 9.942174e-01 3.747951e-02 5.267115e+00 1.211649e-02 -3.889263e-02 9.991699e-01 8.797829e-01
9.949002e-01 -9.881819e-02 -2.021502e-02 7.594687e+01 9.948563e-02 9.944156e-01 3.521758e-02 5.324399e+00 1.662199e-02 -3.704908e-02 9.991752e-01 8.935072e-01
9.951857e-01 -9.569786e-02 -2.114823e-02 7.652734e+01 9.643511e-02 9.946463e-01 3.713413e-02 5.384500e+00 1.748135e-02 -3.899479e-02 9.990865e-01 9.187620e-01
9.955893e-01 -9.171139e-02 -1.977473e-02 7.710175e+01 9.245730e-02 9.948783e-01 4.085128e-02 5.452185e+00 1.592692e-02 -4.249942e-02 9.989696e-01 9.414479e-01
9.960498e-01 -8.720686e-02 -1.672425e-02 7.767574e+01 8.780812e-02 9.953570e-01 3.942157e-02 5.499715e+00 1.320877e-02 -4.073437e-02 9.990827e-01 9.608685e-01
9.965672e-01 -8.185403e-02 -1.239544e-02 7.821149e+01 8.224496e-02 9.959885e-01 3.525123e-02 5.541718e+00 9.460265e-03 -3.614968e-02 9.993016e-01 9.864086e-01
9.972392e-01 -7.377099e-02 -8.473382e-03 7.875698e+01 7.400219e-02 9.967657e-01 3.133224e-02 5.570828e+00 6.134568e-03 -3.187279e-02 9.994731e-01 1.001123e+00
9.979621e-01 -6.316524e-02 -9.050846e-03 7.926075e+01 6.344702e-02 9.973623e-01 3.525430e-02 5.613155e+00 6.800127e-03 -3.575670e-02 9.993374e-01 1.020314e+00
9.987936e-01 -4.815689e-02 -9.605142e-03 7.976662e+01 4.850563e-02 9.980149e-01 4.016801e-02 5.642889e+00 7.651709e-03 -4.058545e-02 9.991468e-01 1.016531e+00
9.995131e-01 -2.993777e-02 -8.791021e-03 8.027465e+01 3.030387e-02 9.985282e-01 4.497877e-02 5.668662e+00 7.431519e-03 -4.522327e-02 9.989493e-01 1.028518e+00
9.999341e-01 -8.172456e-03 -8.055350e-03 8.074664e+01 8.515147e-03 9.990185e-01 4.346833e-02 5.665106e+00 7.692201e-03 -4.353406e-02 9.990223e-01 1.033594e+00
9.998134e-01 1.784799e-02 -7.382355e-03 8.122309e+01 -1.753824e-02 9.990423e-01 4.008581e-02 5.643312e+00 8.090736e-03 -3.994885e-02 9.991690e-01 1.047002e+00
9.988685e-01 4.716481e-02 -6.097527e-03 8.166504e+01 -4.689071e-02 9.981308e-01 3.919457e-02 5.607470e+00 7.934733e-03 -3.886430e-02 9.992130e-01 1.048731e+00
9.967790e-01 8.011192e-02 -3.702332e-03 8.211851e+01 -7.991092e-02 9.960579e-01 3.850973e-02 5.564060e+00 6.772825e-03 -3.808983e-02 9.992514e-01 1.057602e+00
9.930621e-01 1.175441e-01 -3.313099e-03 8.258415e+01 -1.173334e-01 9.923586e-01 3.817567e-02 5.499448e+00 7.775105e-03 -3.752208e-02 9.992656e-01 1.074389e+00
9.872562e-01 1.591106e-01 -2.999991e-03 8.299331e+01 -1.588838e-01 9.865656e-01 3.800346e-02 5.428836e+00 9.006442e-03 -3.704251e-02 9.992731e-01 1.072762e+00
9.789454e-01 2.041050e-01 -2.657128e-03 8.341175e+01 -2.038628e-01 9.782742e-01 3.767780e-02 5.329664e+00 1.028963e-02 -3.634282e-02 9.992864e-01 1.092621e+00
9.675518e-01 2.526604e-01 -2.520383e-03 8.385661e+01 -2.523667e-01 9.668221e-01 3.957375e-02 5.192142e+00 1.243548e-02 -3.765359e-02 9.992135e-01 1.110057e+00
9.521521e-01 3.056031e-01 -3.634007e-03 8.421069e+01 -3.052299e-01 9.514592e-01 3.949809e-02 5.071032e+00 1.552835e-02 -3.649898e-02 9.992130e-01 1.144005e+00
9.327142e-01 3.605897e-01 -4.396123e-03 8.463555e+01 -3.601480e-01 9.320545e-01 3.959508e-02 4.868992e+00 1.837500e-02 -3.534764e-02 9.992061e-01 1.166776e+00
9.085553e-01 4.177345e-01 -5.024040e-03 8.495224e+01 -4.172413e-01 9.079532e-01 3.912428e-02 4.713089e+00 2.090515e-02 -3.345033e-02 9.992217e-01 1.173978e+00
8.798510e-01 4.752139e-01 -5.833840e-03 8.528808e+01 -4.746516e-01 8.792931e-01 3.936198e-02 4.500843e+00 2.383501e-02 -3.186363e-02 9.992080e-01 1.165071e+00
8.469768e-01 5.315772e-01 -7.474285e-03 8.565572e+01 -5.309564e-01 8.465278e-01 3.841785e-02 4.216285e+00 2.674924e-02 -2.857051e-02 9.992338e-01 1.204208e+00
8.103675e-01 5.858743e-01 -7.472410e-03 8.590329e+01 -5.852290e-01 8.099633e-01 3.829446e-02 4.006878e+00 2.848812e-02 -2.665952e-02 9.992386e-01 1.209991e+00
7.708329e-01 6.369987e-01 -7.029719e-03 8.623792e+01 -6.363800e-01 7.704917e-01 3.692096e-02 3.695929e+00 2.893494e-02 -2.398632e-02 9.992934e-01 1.228524e+00
7.282896e-01 6.852512e-01 -5.007870e-03 8.644180e+01 -6.846840e-01 7.279499e-01 3.601044e-02 3.456868e+00 2.832168e-02 -2.279722e-02 9.993389e-01 1.230935e+00
6.833320e-01 7.300914e-01 -4.895933e-03 8.668847e+01 -7.295367e-01 6.830474e-01 3.496419e-02 3.161572e+00 2.887120e-02 -2.032039e-02 9.993766e-01 1.247054e+00
6.366226e-01 7.711496e-01 -6.310763e-03 8.696336e+01 -7.705831e-01 6.364329e-01 3.398176e-02 2.802640e+00 3.022140e-02 -1.677059e-02 9.994025e-01 1.263105e+00
5.902002e-01 8.071934e-01 -1.012737e-02 8.711232e+01 -8.066710e-01 5.902033e-01 3.069131e-02 2.519005e+00 3.075103e-02 -9.944567e-03 9.994776e-01 1.304706e+00
5.432333e-01 8.395264e-01 -9.654578e-03 8.734160e+01 -8.389651e-01 5.432390e-01 3.207816e-02 2.167639e+00 3.217520e-02 -9.326069e-03 9.994388e-01 1.311307e+00
4.962829e-01 8.681271e-01 -7.663457e-03 8.746490e+01 -8.675320e-01 4.962400e-01 3.367884e-02 1.868020e+00 3.304042e-02 -1.006594e-02 9.994033e-01 1.323993e+00
4.507333e-01 8.926328e-01 -6.806195e-03 8.762527e+01 -8.919792e-01 4.506745e-01 3.557709e-02 1.525132e+00 3.482465e-02 -9.964799e-03 9.993438e-01 1.342846e+00
4.079083e-01 9.129224e-01 -1.355088e-02 8.779501e+01 -9.123058e-01 4.081311e-01 3.357276e-02 1.144528e+00 3.617986e-02 -1.332059e-03 9.993444e-01 1.337645e+00
3.687021e-01 9.292281e-01 -2.437295e-02 8.784658e+01 -9.289971e-01 3.692593e-01 2.474063e-02 8.060801e-01 3.198963e-02 1.352047e-02 9.993967e-01 1.396834e+00
3.332014e-01 9.424247e-01 -2.850399e-02 8.794196e+01 -9.424146e-01 3.338179e-01 2.050265e-02 4.478167e-01 2.883735e-02 2.003106e-02 9.993834e-01 1.411626e+00
2.995412e-01 9.537145e-01 -2.652546e-02 8.806236e+01 -9.535965e-01 3.001607e-01 2.360427e-02 6.830025e-02 3.047363e-02 1.822414e-02 9.993694e-01 1.439585e+00
2.686030e-01 9.630729e-01 -1.852403e-02 8.816279e+01 -9.625929e-01 2.690806e-01 3.179092e-02 -2.743864e-01 3.560143e-02 9.291957e-03 9.993229e-01 1.436049e+00
2.400058e-01 9.706826e-01 -1.313465e-02 8.826000e+01 -9.699968e-01 2.403327e-01 3.669197e-02 -6.633513e-01 3.877294e-02 3.934292e-03 9.992403e-01 1.450882e+00
2.138886e-01 9.767469e-01 -1.473113e-02 8.833755e+01 -9.760339e-01 2.143032e-01 3.784036e-02 -1.071200e+00 4.011738e-02 6.284466e-03 9.991752e-01 1.482778e+00
1.905709e-01 9.814561e-01 -2.066100e-02 8.838974e+01 -9.808151e-01 1.912421e-01 3.779580e-02 -1.461901e+00 4.104617e-02 1.306183e-02 9.990719e-01 1.503435e+00
1.698018e-01 9.850896e-01 -2.767814e-02 8.843958e+01 -9.843834e-01 1.708698e-01 4.234501e-02 -1.848567e+00 4.644299e-02 2.005563e-02 9.987196e-01 1.534890e+00
1.495895e-01 9.883186e-01 -2.914874e-02 8.848701e+01 -9.873256e-01 1.508902e-01 4.919889e-02 -2.292128e+00 5.302243e-02 2.141965e-02 9.983636e-01 1.535588e+00
1.319199e-01 9.909173e-01 -2.607485e-02 8.854202e+01 -9.898269e-01 1.330977e-01 5.027552e-02 -2.719558e+00 5.328939e-02 1.917725e-02 9.983950e-01 1.553954e+00
1.164853e-01 9.928615e-01 -2.563517e-02 8.859198e+01 -9.919760e-01 1.175810e-01 4.645890e-02 -3.175326e+00 4.914146e-02 2.001770e-02 9.985912e-01 1.566019e+00
1.017588e-01 9.944721e-01 -2.588933e-02 8.863456e+01 -9.937344e-01 1.028238e-01 4.380893e-02 -3.655970e+00 4.622880e-02 2.126918e-02 9.987044e-01 1.593420e+00
8.838999e-02 9.957306e-01 -2.660798e-02 8.867719e+01 -9.951353e-01 8.944094e-02 4.130713e-02 -4.132238e+00 4.351062e-02 2.282740e-02 9.987921e-01 1.618038e+00
7.673883e-02 9.965576e-01 -3.137382e-02 8.870020e+01 -9.961264e-01 7.798469e-02 4.062853e-02 -4.641063e+00 4.293535e-02 2.813450e-02 9.986816e-01 1.641928e+00
6.628835e-02 9.971314e-01 -3.653836e-02 8.873031e+01 -9.968578e-01 6.777281e-02 4.100767e-02 -5.155060e+00 4.336634e-02 3.370520e-02 9.984905e-01 1.669898e+00
5.852407e-02 9.975603e-01 -3.805853e-02 8.875030e+01 -9.973438e-01 6.008226e-02 4.117426e-02 -5.692466e+00 4.336045e-02 3.554776e-02 9.984269e-01 1.695498e+00
5.252945e-02 9.978317e-01 -3.965669e-02 8.878203e+01 -9.976901e-01 5.415195e-02 4.101305e-02 -6.240632e+00 4.307161e-02 3.741070e-02 9.983713e-01 1.724292e+00
4.662955e-02 9.981675e-01 -3.856894e-02 8.881210e+01 -9.979694e-01 4.822797e-02 4.160792e-02 -6.802439e+00 4.339178e-02 3.655046e-02 9.983893e-01 1.759856e+00
4.077959e-02 9.983646e-01 -4.006749e-02 8.882864e+01 -9.982197e-01 4.245508e-02 4.189568e-02 -7.397801e+00 4.352823e-02 3.828766e-02 9.983183e-01 1.771082e+00
3.641242e-02 9.984915e-01 -4.109826e-02 8.884071e+01 -9.983863e-01 3.814042e-02 4.207498e-02 -8.005509e+00 4.357902e-02 3.949988e-02 9.982688e-01 1.797557e+00
3.324443e-02 9.985863e-01 -4.147551e-02 8.886854e+01 -9.985204e-01 3.497165e-02 4.163940e-02 -8.626537e+00 4.303100e-02 4.002987e-02 9.982715e-01 1.835445e+00
3.015327e-02 9.986603e-01 -4.205369e-02 8.888697e+01 -9.986572e-01 3.187299e-02 4.084013e-02 -9.270654e+00 4.212580e-02 4.076576e-02 9.982803e-01 1.886975e+00
2.779531e-02 9.985718e-01 -4.562638e-02 8.889896e+01 -9.987241e-01 2.966678e-02 4.086557e-02 -9.940487e+00 4.216079e-02 4.443230e-02 9.981223e-01 1.904757e+00
2.690154e-02 9.984412e-01 -4.890511e-02 8.890896e+01 -9.987655e-01 2.888972e-02 4.041102e-02 -1.061677e+01 4.176088e-02 4.775761e-02 9.979856e-01 1.941070e+00
2.768874e-02 9.983104e-01 -5.108513e-02 8.892411e+01 -9.987484e-01 2.975804e-02 4.020142e-02 -1.131597e+01 4.165369e-02 4.990806e-02 9.978849e-01 1.970275e+00
3.007996e-02 9.981035e-01 -5.371133e-02 8.894390e+01 -9.986752e-01 3.225499e-02 4.009815e-02 -1.202110e+01 4.175456e-02 5.243400e-02 9.977511e-01 2.008850e+00
3.370887e-02 9.978409e-01 -5.636819e-02 8.896645e+01 -9.985502e-01 3.599387e-02 4.002533e-02 -1.274748e+01 4.196782e-02 5.493726e-02 9.976074e-01 2.047920e+00
3.759575e-02 9.976044e-01 -5.807023e-02 8.900550e+01 -9.984149e-01 3.993493e-02 3.966104e-02 -1.349654e+01 4.188506e-02 5.648709e-02 9.975244e-01 2.089640e+00
4.187727e-02 9.972957e-01 -6.039643e-02 8.903395e+01 -9.982731e-01 4.425782e-02 3.863123e-02 -1.425478e+01 4.119978e-02 5.867435e-02 9.974266e-01 2.120878e+00
4.580140e-02 9.971316e-01 -6.025877e-02 8.907198e+01 -9.981285e-01 4.812729e-02 3.772977e-02 -1.503131e+01 4.052165e-02 5.841791e-02 9.974695e-01 2.155619e+00
4.982388e-02 9.969984e-01 -5.926120e-02 8.912452e+01 -9.979634e-01 5.206299e-02 3.685869e-02 -1.583130e+01 3.983336e-02 5.730406e-02 9.975618e-01 2.173176e+00
5.398172e-02 9.970272e-01 -5.498015e-02 8.916544e+01 -9.977802e-01 5.600899e-02 3.602395e-02 -1.663528e+01 3.899623e-02 5.291347e-02 9.978374e-01 2.198179e+00
5.805767e-02 9.968953e-01 -5.319102e-02 8.922849e+01 -9.975734e-01 5.998313e-02 3.534700e-02 -1.742975e+01 3.842783e-02 5.100978e-02 9.979585e-01 2.253171e+00
6.095332e-02 9.968479e-01 -5.078580e-02 8.929421e+01 -9.973043e-01 6.290579e-02 3.777692e-02 -1.824222e+01 4.085257e-02 4.834626e-02 9.979948e-01 2.304607e+00
6.224734e-02 9.970291e-01 -4.536957e-02 8.935783e+01 -9.970335e-01 6.418097e-02 4.248668e-02 -1.906271e+01 4.527232e-02 4.259029e-02 9.980664e-01 2.336799e+00
6.249577e-02 9.969805e-01 -4.608798e-02 8.940367e+01 -9.969121e-01 6.455803e-02 4.470512e-02 -1.988232e+01 4.754548e-02 4.315179e-02 9.979365e-01 2.383996e+00
6.257367e-02 9.971011e-01 -4.328908e-02 8.947253e+01 -9.969476e-01 6.447548e-02 4.402803e-02 -2.069773e+01 4.669149e-02 4.040195e-02 9.980920e-01 2.435820e+00
6.267637e-02 9.970358e-01 -4.462616e-02 8.953141e+01 -9.969963e-01 6.458700e-02 4.274259e-02 -2.151873e+01 4.549816e-02 4.181316e-02 9.980890e-01 2.475064e+00
6.264210e-02 9.971687e-01 -4.160026e-02 8.958311e+01 -9.970482e-01 6.437981e-02 4.183496e-02 -2.234018e+01 4.439473e-02 3.885683e-02 9.982581e-01 2.533115e+00
6.295878e-02 9.972394e-01 -3.937171e-02 8.964702e+01 -9.970526e-01 6.458229e-02 4.142002e-02 -2.316558e+01 4.384838e-02 3.664790e-02 9.983658e-01 2.577918e+00
6.284046e-02 9.973692e-01 -3.613865e-02 8.970414e+01 -9.970614e-01 6.432849e-02 4.160139e-02 -2.398998e+01 4.381669e-02 3.341819e-02 9.984805e-01 2.621148e+00
6.302452e-02 9.975275e-01 -3.109446e-02 8.976606e+01 -9.970692e-01 6.428832e-02 4.147193e-02 -2.480159e+01 4.336840e-02 2.838958e-02 9.986557e-01 2.672546e+00
6.200492e-02 9.976574e-01 -2.889858e-02 8.982857e+01 -9.971063e-01 6.319463e-02 4.225510e-02 -2.562002e+01 4.398235e-02 2.619493e-02 9.986888e-01 2.721909e+00
5.929130e-02 9.978544e-01 -2.777560e-02 8.988398e+01 -9.972702e-01 6.043744e-02 4.242231e-02 -2.643065e+01 4.400997e-02 2.518450e-02 9.987136e-01 2.760348e+00
5.575311e-02 9.980382e-01 -2.848395e-02 8.993800e+01 -9.975411e-01 5.689341e-02 4.092552e-02 -2.724421e+01 4.246578e-02 2.613218e-02 9.987561e-01 2.818335e+00
5.081511e-02 9.984248e-01 -2.378253e-02 8.998882e+01 -9.978971e-01 5.171883e-02 3.906915e-02 -2.806621e+01 4.023762e-02 2.174722e-02 9.989535e-01 2.860890e+00
4.455721e-02 9.987450e-01 -2.287432e-02 9.003602e+01 -9.982997e-01 4.537541e-02 3.659292e-02 -2.888063e+01 3.758493e-02 2.120495e-02 9.990684e-01 2.896074e+00
3.688300e-02 9.991285e-01 -1.954190e-02 9.008060e+01 -9.986342e-01 3.757483e-02 3.630267e-02 -2.969941e+01 3.700532e-02 1.817626e-02 9.991497e-01 2.935496e+00
2.791446e-02 9.994517e-01 -1.781400e-02 9.011247e+01 -9.989167e-01 2.855450e-02 3.674686e-02 -3.050368e+01 3.723538e-02 1.676892e-02 9.991658e-01 2.964763e+00
1.818299e-02 9.996577e-01 -1.881533e-02 9.013113e+01 -9.991155e-01 1.888037e-02 3.757500e-02 -3.131178e+01 3.791737e-02 1.811545e-02 9.991167e-01 2.979225e+00
7.992923e-03 9.997428e-01 -2.123238e-02 9.014260e+01 -9.992898e-01 8.767784e-03 3.665292e-02 -3.211408e+01 3.682965e-02 2.092432e-02 9.991025e-01 3.021137e+00
-2.698541e-03 9.997375e-01 -2.275265e-02 9.015257e+01 -9.993306e-01 -1.865983e-03 3.653570e-02 -3.291294e+01 3.648366e-02 2.283601e-02 9.990733e-01 3.055196e+00
-1.385629e-02 9.996259e-01 -2.358690e-02 9.014236e+01 -9.992815e-01 -1.301146e-02 3.560268e-02 -3.371558e+01 3.528246e-02 2.406326e-02 9.990876e-01 3.103664e+00
-2.500618e-02 9.993632e-01 -2.545335e-02 9.012250e+01 -9.990647e-01 -2.408421e-02 3.590998e-02 -3.450752e+01 3.527408e-02 2.632752e-02 9.990308e-01 3.145468e+00
-3.625762e-02 9.989958e-01 -2.632125e-02 9.009602e+01 -9.987319e-01 -3.530240e-02 3.589222e-02 -3.529234e+01 3.492697e-02 2.758924e-02 9.990090e-01 3.196157e+00
-4.690087e-02 9.985304e-01 -2.715755e-02 9.006593e+01 -9.982768e-01 -4.589438e-02 3.656925e-02 -3.606727e+01 3.526912e-02 2.882588e-02 9.989620e-01 3.247284e+00
-5.730569e-02 9.979759e-01 -2.757814e-02 9.001909e+01 -9.977211e-01 -5.626166e-02 3.724980e-02 -3.683956e+01 3.562281e-02 2.964990e-02 9.989254e-01 3.285989e+00
-6.714833e-02 9.973208e-01 -2.902730e-02 8.997285e+01 -9.971043e-01 -6.603599e-02 3.771397e-02 -3.759741e+01 3.569608e-02 3.147567e-02 9.988669e-01 3.328899e+00
-7.666755e-02 9.965869e-01 -3.061122e-02 8.991110e+01 -9.964058e-01 -7.547200e-02 3.846897e-02 -3.835289e+01 3.602738e-02 3.345051e-02 9.987908e-01 3.356912e+00
-8.606172e-02 9.957967e-01 -3.134556e-02 8.984892e+01 -9.956499e-01 -8.483636e-02 3.852549e-02 -3.911114e+01 3.570431e-02 3.452476e-02 9.987659e-01 3.388536e+00
-9.491313e-02 9.949945e-01 -3.126797e-02 8.978228e+01 -9.948824e-01 -9.371555e-02 3.776951e-02 -3.984694e+01 3.465016e-02 3.469277e-02 9.987972e-01 3.431304e+00
-1.023008e-01 9.941727e-01 -3.399146e-02 8.970663e+01 -9.941828e-01 -1.010249e-01 3.734699e-02 -4.058394e+01 3.369538e-02 3.761434e-02 9.987241e-01 3.466321e+00
-1.072805e-01 9.935219e-01 -3.748896e-02 8.962432e+01 -9.936919e-01 -1.059071e-01 3.688334e-02 -4.130950e+01 3.267407e-02 4.120932e-02 9.986162e-01 3.501943e+00
-1.110033e-01 9.929725e-01 -4.103808e-02 8.954744e+01 -9.933425e-01 -1.095753e-01 3.555549e-02 -4.203255e+01 3.080887e-02 4.471163e-02 9.985247e-01 3.540215e+00
-1.138475e-01 9.925948e-01 -4.236128e-02 8.946070e+01 -9.930658e-01 -1.124364e-01 3.433116e-02 -4.274073e+01 2.931398e-02 4.597605e-02 9.985123e-01 3.560947e+00
-1.156609e-01 9.922986e-01 -4.434340e-02 8.937508e+01 -9.928719e-01 -1.142036e-01 3.410605e-02 -4.343436e+01 2.877921e-02 4.797205e-02 9.984340e-01 3.575011e+00
-1.163758e-01 9.922350e-01 -4.389195e-02 8.929455e+01 -9.927909e-01 -1.149372e-01 3.399749e-02 -4.410923e+01 2.868868e-02 4.753201e-02 9.984577e-01 3.611636e+00
-1.155095e-01 9.922568e-01 -4.565381e-02 8.921622e+01 -9.928747e-01 -1.139822e-01 3.475736e-02 -4.476723e+01 2.928451e-02 4.934331e-02 9.983525e-01 3.640017e+00
-1.128746e-01 9.925560e-01 -4.573786e-02 8.914014e+01 -9.931419e-01 -1.112902e-01 3.582853e-02 -4.541657e+01 3.047165e-02 4.946831e-02 9.983107e-01 3.672282e+00
-1.077294e-01 9.930865e-01 -4.662219e-02 8.907472e+01 -9.936651e-01 -1.060456e-01 3.720339e-02 -4.603031e+01 3.200211e-02 5.033474e-02 9.982195e-01 3.701247e+00
-9.992039e-02 9.939311e-01 -4.601364e-02 8.901539e+01 -9.944514e-01 -9.822953e-02 3.765231e-02 -4.663568e+01 3.290391e-02 4.952055e-02 9.982309e-01 3.727451e+00
-8.883917e-02 9.950592e-01 -4.432638e-02 8.896945e+01 -9.954828e-01 -8.720458e-02 3.754163e-02 -4.721750e+01 3.349068e-02 4.746132e-02 9.983115e-01 3.753075e+00
-7.553744e-02 9.961210e-01 -4.513706e-02 8.893467e+01 -9.965477e-01 -7.385087e-02 3.793570e-02 -4.780146e+01 3.445514e-02 4.784679e-02 9.982603e-01 3.795020e+00
-5.864024e-02 9.972417e-01 -4.550586e-02 8.891302e+01 -9.976130e-01 -5.687487e-02 3.916526e-02 -4.834980e+01 3.646909e-02 4.769388e-02 9.981960e-01 3.820739e+00
-3.757858e-02 9.983271e-01 -4.394214e-02 8.890050e+01 -9.985126e-01 -3.577459e-02 4.114353e-02 -4.888874e+01 3.950268e-02 4.542289e-02 9.981865e-01 3.861015e+00
-1.328695e-02 9.990504e-01 -4.149673e-02 8.891480e+01 -9.989703e-01 -1.146245e-02 4.389845e-02 -4.941913e+01 4.338111e-02 4.203727e-02 9.981738e-01 3.886878e+00
1.466590e-02 9.990814e-01 -4.026709e-02 8.893549e+01 -9.988030e-01 1.651752e-02 4.604333e-02 -4.993188e+01 4.666615e-02 3.954361e-02 9.981275e-01 3.915521e+00
4.778200e-02 9.980785e-01 -3.944995e-02 8.897253e+01 -9.976978e-01 4.959226e-02 4.626005e-02 -5.046252e+01 4.812757e-02 3.714872e-02 9.981502e-01 3.947170e+00
8.562982e-02 9.955304e-01 -3.983833e-02 8.902921e+01 -9.951765e-01 8.738369e-02 4.458822e-02 -5.097815e+01 4.787014e-02 3.582808e-02 9.982108e-01 3.987007e+00
1.278510e-01 9.910386e-01 -3.868611e-02 8.910449e+01 -9.907520e-01 1.294065e-01 4.079618e-02 -5.148090e+01 4.543683e-02 3.311251e-02 9.984183e-01 4.021486e+00
1.727075e-01 9.843818e-01 -3.413046e-02 8.922331e+01 -9.840363e-01 1.739507e-01 3.760340e-02 -5.199035e+01 4.295311e-02 2.709121e-02 9.987097e-01 4.053823e+00
2.207481e-01 9.748356e-01 -3.108060e-02 8.936296e+01 -9.744499e-01 2.217909e-01 3.544607e-02 -5.248820e+01 4.144748e-02 2.246183e-02 9.988882e-01 4.073191e+00
2.720418e-01 9.618823e-01 -2.785645e-02 8.950839e+01 -9.614887e-01 2.728805e-01 3.280265e-02 -5.295107e+01 3.915377e-02 1.785996e-02 9.990736e-01 4.113625e+00
3.259239e-01 9.450181e-01 -2.672978e-02 8.970886e+01 -9.445643e-01 3.266927e-01 3.271381e-02 -5.342288e+01 3.964756e-02 1.458578e-02 9.991072e-01 4.130458e+00
3.833405e-01 9.231386e-01 -2.941479e-02 8.991434e+01 -9.226402e-01 3.842018e-01 3.352549e-02 -5.386659e+01 4.224989e-02 1.428759e-02 9.990049e-01 4.167455e+00
4.431343e-01 8.958893e-01 -3.184720e-02 9.010886e+01 -8.952175e-01 4.441093e-01 3.677709e-02 -5.427102e+01 4.709185e-02 1.221298e-02 9.988159e-01 4.191489e+00
5.015485e-01 8.642315e-01 -3.940753e-02 9.039468e+01 -8.633607e-01 5.029148e-01 4.104799e-02 -5.467243e+01 5.529359e-02 1.343536e-02 9.983798e-01 4.226423e+00
5.595540e-01 8.278499e-01 -3.954588e-02 9.065129e+01 -8.266078e-01 5.609057e-01 4.587292e-02 -5.502852e+01 6.015740e-02 7.020552e-03 9.981642e-01 4.244264e+00
6.147154e-01 7.876630e-01 -4.137475e-02 9.099879e+01 -7.861638e-01 6.161007e-01 4.864616e-02 -5.539261e+01 6.380780e-02 2.623790e-03 9.979588e-01 4.260114e+00
6.675792e-01 7.432977e-01 -4.297100e-02 9.132455e+01 -7.416437e-01 6.689597e-01 4.957333e-02 -5.571678e+01 6.559361e-02 -1.224952e-03 9.978456e-01 4.297145e+00
7.169946e-01 6.956862e-01 -4.404116e-02 9.164749e+01 -6.939894e-01 7.183325e-01 4.875633e-02 -5.600536e+01 6.555530e-02 -4.393928e-03 9.978393e-01 4.329999e+00
7.626309e-01 6.456024e-01 -3.989417e-02 9.204806e+01 -6.440606e-01 7.636207e-01 4.549165e-02 -5.630861e+01 5.983353e-02 -8.999080e-03 9.981678e-01 4.390215e+00
8.047220e-01 5.926026e-01 -3.528151e-02 9.243723e+01 -5.912896e-01 8.053997e-01 4.132783e-02 -5.655785e+01 5.290669e-02 -1.239583e-02 9.985225e-01 4.417013e+00
8.421548e-01 5.383661e-01 -3.061492e-02 9.281393e+01 -5.371866e-01 8.425461e-01 3.932668e-02 -5.678070e+01 4.696663e-02 -1.667322e-02 9.987573e-01 4.447573e+00
8.738381e-01 4.855159e-01 -2.610074e-02 9.326797e+01 -4.845576e-01 8.740314e-01 3.567927e-02 -5.698956e+01 4.013572e-02 -1.853059e-02 9.990224e-01 4.461004e+00
9.002347e-01 4.348871e-01 -2.123063e-02 9.370013e+01 -4.340381e-01 9.002017e-01 3.532398e-02 -5.716617e+01 3.447379e-02 -2.258497e-02 9.991504e-01 4.493158e+00
9.211859e-01 3.886806e-01 -1.854574e-02 9.411208e+01 -3.878335e-01 9.209669e-01 3.748656e-02 -5.732195e+01 3.165031e-02 -2.733943e-02 9.991250e-01 4.524260e+00
9.370970e-01 3.487311e-01 -1.535534e-02 9.459553e+01 -3.478746e-01 9.366224e-01 4.149346e-02 -5.746031e+01 2.885221e-02 -3.354167e-02 9.990208e-01 4.532569e+00
9.494039e-01 3.136021e-01 -1.691105e-02 9.505325e+01 -3.125914e-01 9.487975e-01 4.549738e-02 -5.758799e+01 3.031323e-02 -3.790914e-02 9.988213e-01 4.553107e+00
9.590454e-01 2.828071e-01 -1.587691e-02 9.552576e+01 -2.817529e-01 9.582284e-01 4.912874e-02 -5.770097e+01 2.910766e-02 -4.264333e-02 9.986662e-01 4.551012e+00
9.653383e-01 2.603640e-01 -1.823274e-02 9.599841e+01 -2.593997e-01 9.647975e-01 4.333039e-02 -5.782539e+01 2.887257e-02 -3.709892e-02 9.988944e-01 4.604122e+00
9.694158e-01 2.446890e-01 -1.898310e-02 9.649148e+01 -2.437760e-01 9.689698e-01 4.087504e-02 -5.794449e+01 2.839572e-02 -3.499728e-02 9.989839e-01 4.619016e+00
9.725533e-01 2.319244e-01 -1.874119e-02 9.699642e+01 -2.309392e-01 9.719745e-01 4.396209e-02 -5.804673e+01 2.841184e-02 -3.842740e-02 9.988574e-01 4.620859e+00
9.747929e-01 2.223969e-01 -1.784487e-02 9.749897e+01 -2.213324e-01 9.740020e-01 4.829165e-02 -5.814067e+01 2.812085e-02 -4.312471e-02 9.986739e-01 4.617482e+00
9.761922e-01 2.162348e-01 -1.706747e-02 9.801728e+01 -2.150505e-01 9.751086e-01 5.400445e-02 -5.823514e+01 2.832027e-02 -4.904836e-02 9.983948e-01 4.634007e+00
9.767575e-01 2.135324e-01 -1.867205e-02 9.854774e+01 -2.120220e-01 9.752851e-01 6.217365e-02 -5.833453e+01 3.148666e-02 -5.676970e-02 9.978907e-01 4.646996e+00
9.768713e-01 2.128904e-01 -2.000375e-02 9.908363e+01 -2.111729e-01 9.752069e-01 6.616302e-02 -5.844277e+01 3.359327e-02 -6.040850e-02 9.976083e-01 4.661693e+00
9.762778e-01 2.153206e-01 -2.277270e-02 9.963455e+01 -2.135045e-01 9.748315e-01 6.418187e-02 -5.856808e+01 3.601922e-02 -5.779726e-02 9.976783e-01 4.683692e+00
9.752030e-01 2.193565e-01 -2.935559e-02 1.001983e+02 -2.171989e-01 9.740759e-01 6.325280e-02 -5.869758e+01 4.246949e-02 -5.530832e-02 9.975657e-01 4.722787e+00
9.741355e-01 2.235965e-01 -3.262991e-02 1.007618e+02 -2.212219e-01 9.731240e-01 6.395777e-02 -5.882654e+01 4.605368e-02 -5.508509e-02 9.974190e-01 4.751328e+00
9.731256e-01 2.280696e-01 -3.179146e-02 1.013425e+02 -2.255437e-01 9.718469e-01 6.814471e-02 -5.894839e+01 4.643817e-02 -5.914301e-02 9.971688e-01 4.772051e+00
9.719405e-01 2.334660e-01 -2.872989e-02 1.019433e+02 -2.310016e-01 9.703813e-01 7.069959e-02 -5.908495e+01 4.438490e-02 -6.207914e-02 9.970838e-01 4.799794e+00
9.709671e-01 2.380442e-01 -2.362157e-02 1.025504e+02 -2.359570e-01 9.693065e-01 6.905857e-02 -5.923221e+01 3.933553e-02 -6.147991e-02 9.973329e-01 4.826324e+00
9.701669e-01 2.418575e-01 -1.676480e-02 1.031622e+02 -2.401735e-01 9.682342e-01 6.956442e-02 -5.938845e+01 3.305693e-02 -6.346264e-02 9.974366e-01 4.852746e+00
9.693260e-01 2.454008e-01 -1.362254e-02 1.038016e+02 -2.439983e-01 9.674845e-01 6.662215e-02 -5.954845e+01 2.952872e-02 -6.125470e-02 9.976853e-01 4.880833e+00
9.685609e-01 2.483889e-01 -1.388053e-02 1.044531e+02 -2.471008e-01 9.670034e-01 6.201348e-02 -5.971724e+01 2.882598e-02 -5.663394e-02 9.979788e-01 4.908617e+00
9.683340e-01 2.491399e-01 -1.608056e-02 1.050928e+02 -2.477765e-01 9.669330e-01 6.039314e-02 -5.987860e+01 3.059516e-02 -5.449635e-02 9.980451e-01 4.926467e+00
9.682714e-01 2.489543e-01 -2.173219e-02 1.057459e+02 -2.473397e-01 9.671353e-01 5.892706e-02 -6.004451e+01 3.568811e-02 -5.168215e-02 9.980257e-01 4.957075e+00
9.682491e-01 2.482072e-01 -2.977969e-02 1.063918e+02 -2.460329e-01 9.672518e-01 6.238395e-02 -6.020768e+01 4.428860e-02 -5.307642e-02 9.976078e-01 4.981690e+00
9.687316e-01 2.459669e-01 -3.254699e-02 1.070624e+02 -2.434857e-01 9.676687e-01 6.581906e-02 -6.036367e+01 4.768401e-02 -5.583629e-02 9.973006e-01 5.014497e+00
9.695117e-01 2.432869e-01 -2.930026e-02 1.077647e+02 -2.410002e-01 9.683034e-01 6.563007e-02 -6.053689e+01 4.433848e-02 -5.656775e-02 9.974138e-01 5.039327e+00
9.700593e-01 2.416755e-01 -2.404026e-02 1.084799e+02 -2.399707e-01 9.690233e-01 5.837688e-02 -6.070919e+01 3.740384e-02 -5.086007e-02 9.980051e-01 5.073498e+00
9.709057e-01 2.386872e-01 -1.925257e-02 1.092025e+02 -2.372835e-01 9.697779e-01 5.681049e-02 -6.088170e+01 3.223065e-02 -5.058931e-02 9.981993e-01 5.097950e+00
9.713153e-01 2.369827e-01 -1.963963e-02 1.099320e+02 -2.354981e-01 9.700981e-01 5.873857e-02 -6.104804e+01 3.297240e-02 -5.242858e-02 9.980802e-01 5.120604e+00
9.716198e-01 2.354311e-01 -2.296098e-02 1.106642e+02 -2.335968e-01 9.702516e-01 6.359506e-02 -6.119925e+01 3.725018e-02 -5.642661e-02 9.977116e-01 5.168190e+00
9.723820e-01 2.317618e-01 -2.756187e-02 1.114168e+02 -2.296221e-01 9.711170e-01 6.485031e-02 -6.137694e+01 4.179563e-02 -5.673046e-02 9.975143e-01 5.209280e+00
9.731694e-01 2.280985e-01 -3.020461e-02 1.121706e+02 -2.258327e-01 9.720335e-01 6.442356e-02 -6.154506e+01 4.405481e-02 -5.587385e-02 9.974654e-01 5.229177e+00
9.740320e-01 2.244249e-01 -2.991691e-02 1.129370e+02 -2.222734e-01 9.729942e-01 6.226417e-02 -6.171070e+01 4.308261e-02 -5.399756e-02 9.976112e-01 5.272303e+00
9.748988e-01 2.206918e-01 -2.945151e-02 1.137224e+02 -2.187142e-01 9.740139e-01 5.883100e-02 -6.188739e+01 4.166970e-02 -5.091281e-02 9.978334e-01 5.315760e+00
9.754587e-01 2.184770e-01 -2.735127e-02 1.145175e+02 -2.166838e-01 9.745802e-01 5.693525e-02 -6.206453e+01 3.909504e-02 -4.961141e-02 9.980031e-01 5.343750e+00
9.757738e-01 2.171339e-01 -2.680309e-02 1.153106e+02 -2.154533e-01 9.749786e-01 5.474247e-02 -6.223878e+01 3.801889e-02 -4.764146e-02 9.981407e-01 5.391924e+00
9.759068e-01 2.165602e-01 -2.659876e-02 1.161287e+02 -2.149420e-01 9.751680e-01 5.335893e-02 -6.242480e+01 3.749368e-02 -4.635616e-02 9.982211e-01 5.434017e+00
