1.000000e+00 0.000000e+00 0.000000e+00 0.000000e+00 0.000000e+00 1.000000e+00 0.000000e+00 0.000000e+00 0.000000e+00 0.000000e+00 1.000000e+00 0.000000e+00
9.990298e-01 4.401080e-02 -1.612788e-03 9.919327e-01 -4.401211e-02 9.990307e-01 -7.877396e-04 -3.611207e-02 1.576556e-03 8.579575e-04 9.999984e-01 1.989727e-02
9.959821e-01 8.935881e-02 -5.881643e-03 2.040586e+00 -8.938431e-02 9.959882e-01 -4.226697e-03 -1.337082e-01 5.480355e-03 4.735441e-03 9.999738e-01 4.127979e-02
9.908282e-01 1.348204e-01 -9.103314e-03 3.005943e+00 -1.348630e-01 9.908552e-01 -4.233504e-03 -2.380082e-01 8.449303e-03 5.422376e-03 9.999496e-01 8.654359e-02
9.833447e-01 1.813903e-01 -1.143372e-02 4.030695e+00 -1.814302e-01 9.834006e-01 -2.537742e-03 -3.999281e-01 1.078361e-02 4.569897e-03 9.999314e-01 6.634332e-02
9.739320e-01 2.265574e-01 -1.132758e-02 4.973106e+00 -2.266178e-01 9.739740e-01 -4.347268e-03 -6.051224e-01 1.004786e-02 6.800974e-03 9.999264e-01 1.093579e-01
9.621786e-01 2.721241e-01 -1.268149e-02 5.938097e+00 -2.722058e-01 9.622250e-01 -5.202381e-03 -8.433199e-01 1.078675e-02 8.457594e-03 9.999061e-01 1.155220e-01
9.484205e-01 3.165908e-01 -1.639784e-02 6.942266e+00 -3.167440e-01 9.484797e-01 -7.717461e-03 -1.144227e+00 1.310975e-02 1.251332e-02 9.998358e-01 1.256251e-01
9.333981e-01 3.583605e-01 -1.859718e-02 7.839769e+00 -3.585658e-01 9.334600e-01 -9.111354e-03 -1.487324e+00 1.409458e-02 1.517283e-02 9.997855e-01 2.245335e-01
9.158494e-01 4.010319e-01 -1.982966e-02 8.747002e+00 -4.012556e-01 9.159235e-01 -8.837012e-03 -1.862709e+00 1.461852e-02 1.605013e-02 9.997643e-01 1.776711e-01
8.960418e-01 4.435428e-01 -1.946874e-02 9.685205e+00 -4.437699e-01 8.960925e-01 -9.297751e-03 -2.302915e+00 1.332184e-02 1.697081e-02 9.997672e-01 2.118493e-01
8.743758e-01 4.848848e-01 -1.880621e-02 1.052685e+01 -4.850990e-01 8.744129e-01 -9.004270e-03 -2.763781e+00 1.207836e-02 1.699599e-02 9.997826e-01 2.494378e-01
8.500806e-01 5.263080e-01 -1.904881e-02 1.140868e+01 -5.265272e-01 8.501113e-01 -8.936426e-03 -3.282793e+00 1.149030e-02 1.762640e-02 9.997786e-01 2.496838e-01
8.243888e-01 5.656947e-01 -1.930364e-02 1.218343e+01 -5.659248e-01 8.244033e-01 -9.402372e-03 -3.802724e+00 1.059511e-02 1.867562e-02 9.997694e-01 2.644268e-01
7.971250e-01 6.034759e-01 -2.021049e-02 1.296717e+01 -6.037368e-01 7.971122e-01 -1.067305e-02 -4.392883e+00 9.669103e-03 2.070957e-02 9.997388e-01 3.147545e-01
7.676509e-01 6.405248e-01 -2.097888e-02 1.374500e+01 -6.407993e-01 7.676370e-01 -1.046879e-02 -5.009097e+00 9.398648e-03 2.147962e-02 9.997251e-01 2.888327e-01
7.374530e-01 6.749846e-01 -2.364320e-02 1.445450e+01 -6.753445e-01 7.373849e-01 -1.316829e-02 -5.650661e+00 8.545747e-03 2.567829e-02 9.996337e-01 3.529125e-01
7.052822e-01 7.085387e-01 -2.345094e-02 1.513309e+01 -7.088882e-01 7.052026e-01 -1.291354e-02 -6.323193e+00 7.387923e-03 2.573179e-02 9.996416e-01 3.608940e-01
6.701941e-01 7.417729e-01 -2.475508e-02 1.581300e+01 -7.421471e-01 6.701272e-01 -1.213703e-02 -7.047067e+00 7.586135e-03 2.650607e-02 9.996198e-01 3.326131e-01
6.350467e-01 7.719443e-01 -2.859539e-02 1.641045e+01 -7.724315e-01 6.349640e-01 -1.305082e-02 -7.765965e+00 8.082537e-03 3.037586e-02 9.995059e-01 3.914697e-01
5.980765e-01 8.009191e-01 -2.886734e-02 1.702262e+01 -8.014065e-01 5.979890e-01 -1.252590e-02 -8.532838e+00 7.230116e-03 3.062592e-02 9.995047e-01 3.850170e-01
5.607056e-01 8.274117e-01 -3.161168e-02 1.752752e+01 -8.279767e-01 5.606393e-01 -1.175836e-02 -9.306935e+00 7.993756e-03 3.276671e-02 9.994311e-01 4.249022e-01
5.217340e-01 8.523263e-01 -3.651826e-02 1.802446e+01 -8.530465e-01 5.217329e-01 -1.031458e-02 -1.011718e+01 1.026139e-02 3.653324e-02 9.992797e-01 4.415281e-01
4.818126e-01 8.754431e-01 -3.815896e-02 1.851765e+01 -8.762162e-01 4.818252e-01 -9.471864e-03 -1.098126e+01 1.009387e-02 3.799916e-02 9.992268e-01 4.329887e-01
4.436459e-01 8.952470e-01 -4.136696e-02 1.890339e+01 -8.961657e-01 4.435718e-01 -1.145545e-02 -1.181214e+01 8.093766e-03 4.215381e-02 9.990783e-01 4.419793e-01
4.064502e-01 9.126135e-01 -4.398937e-02 1.928687e+01 -9.136496e-01 4.063134e-01 -1.241094e-02 -1.271456e+01 6.547083e-03 4.523529e-02 9.989549e-01 4.791246e-01
3.701808e-01 9.278687e-01 -4.501151e-02 1.964413e+01 -9.289380e-01 3.700693e-01 -1.109252e-02 -1.362964e+01 6.364984e-03 4.591914e-02 9.989249e-01 4.832905e-01
3.370072e-01 9.404140e-01 -4.525151e-02 1.997153e+01 -9.414902e-01 3.368540e-01 -1.119843e-02 -1.453789e+01 4.711998e-03 4.637781e-02 9.989129e-01 4.923882e-01
3.031296e-01 9.518346e-01 -4.608156e-02 2.026879e+01 -9.529473e-01 3.028752e-01 -1.257335e-02 -1.548159e+01 1.989213e-03 4.772465e-02 9.988586e-01 4.853998e-01
2.705833e-01 9.615685e-01 -4.659335e-02 2.053995e+01 -9.626966e-01 2.702785e-01 -1.284257e-02 -1.643328e+01 2.441720e-04 4.833024e-02 9.988314e-01 5.114350e-01
2.381920e-01 9.702124e-01 -4.418628e-02 2.079136e+01 -9.712181e-01 2.379409e-01 -1.093398e-02 -1.739401e+01 -9.456680e-05 4.551890e-02 9.989635e-01 5.441206e-01
2.063606e-01 9.774716e-01 -4.432419e-02 2.100844e+01 -9.784760e-01 2.061530e-01 -9.253420e-03 -1.838833e+01 9.261421e-05 4.527970e-02 9.989743e-01 5.225091e-01
1.758598e-01 9.833591e-01 -4.559145e-02 2.117884e+01 -9.844150e-01 1.756288e-01 -9.056439e-03 -1.937029e+01 -8.985534e-04 4.647356e-02 9.989191e-01 5.333905e-01
1.447344e-01 9.883835e-01 -4.636759e-02 2.131264e+01 -9.894668e-01 1.444455e-01 -9.539627e-03 -2.038457e+01 -2.731220e-03 4.725990e-02 9.988789e-01 5.320768e-01
1.140100e-01 9.924416e-01 -4.540400e-02 2.145680e+01 -9.934683e-01 1.136712e-01 -9.982334e-03 -2.143842e+01 -4.745749e-03 4.624552e-02 9.989188e-01 5.357793e-01
8.454359e-02 9.953722e-01 -4.568063e-02 2.155134e+01 -9.963993e-01 8.415800e-02 -1.030216e-02 -2.248711e+01 -6.410086e-03 4.638712e-02 9.989030e-01 5.368294e-01
5.677289e-02 9.972558e-01 -4.751606e-02 2.158170e+01 -9.983553e-01 5.632645e-02 -1.068328e-02 -2.354566e+01 -7.977547e-03 4.804443e-02 9.988133e-01 5.250816e-01
3.187841e-02 9.981601e-01 -5.157875e-02 2.162828e+01 -9.994475e-01 3.134841e-02 -1.105326e-02 -2.462669e+01 -9.416008e-03 5.190261e-02 9.986078e-01 5.331696e-01
9.108126e-03 9.984137e-01 -5.556612e-02 2.162244e+01 -9.999105e-01 8.547723e-03 -1.031424e-02 -2.572415e+01 -9.822900e-03 5.565508e-02 9.984018e-01 5.024711e-01
-1.129389e-02 9.980887e-01 -6.075772e-02 2.160284e+01 -9.998667e-01 -1.198864e-02 -1.108226e-02 -2.683428e+01 -1.178948e-02 6.062446e-02 9.980910e-01 5.072628e-01
-2.957869e-02 9.974417e-01 -6.507920e-02 2.157137e+01 -9.994696e-01 -3.040111e-02 -1.168413e-02 -2.795159e+01 -1.363272e-02 6.469908e-02 9.978117e-01 4.871509e-01
-4.535699e-02 9.966656e-01 -6.782816e-02 2.151819e+01 -9.988568e-01 -4.627383e-02 -1.200604e-02 -2.910272e+01 -1.510466e-02 6.720605e-02 9.976248e-01 4.691330e-01
-6.021380e-02 9.957582e-01 -6.956881e-02 2.143699e+01 -9.980480e-01 -6.121576e-02 -1.235858e-02 -3.023649e+01 -1.656486e-02 6.868885e-02 9.975006e-01 4.458734e-01
-7.323301e-02 9.948635e-01 -6.988311e-02 2.137383e+01 -9.971515e-01 -7.430959e-02 -1.292863e-02 -3.138243e+01 -1.805520e-02 6.873724e-02 9.974714e-01 4.204853e-01
-8.523750e-02 9.939126e-01 -6.980274e-02 2.127864e+01 -9.961852e-01 -8.632791e-02 -1.275153e-02 -3.253793e+01 -1.869982e-02 6.844955e-02 9.974793e-01 4.123784e-01
-9.750354e-02 9.927853e-01 -6.978716e-02 2.117280e+01 -9.950858e-01 -9.846377e-02 -1.044465e-02 -3.369313e+01 -1.724081e-02 6.842582e-02 9.975072e-01 3.913037e-01
-1.076407e-01 9.917126e-01 -7.013926e-02 2.103976e+01 -9.940739e-01 -1.084372e-01 -7.638233e-03 -3.487806e+01 -1.518063e-02 6.890143e-02 9.975080e-01 3.810682e-01
-1.177517e-01 9.905371e-01 -7.050545e-02 2.087398e+01 -9.929485e-01 -1.184235e-01 -5.411075e-03 -3.608835e+01 -1.370936e-02 6.937111e-02 9.974967e-01 3.687376e-01
-1.253471e-01 9.896035e-01 -7.052150e-02 2.074565e+01 -9.920243e-01 -1.259696e-01 -4.431956e-03 -3.731858e+01 -1.326944e-02 6.940351e-02 9.975004e-01 3.561262e-01
-1.316217e-01 9.887702e-01 -7.077526e-02 2.060725e+01 -9.912117e-01 -1.322272e-01 -3.917783e-03 -3.856445e+01 -1.323220e-02 6.963760e-02 9.974846e-01 3.373942e-01
-1.377946e-01 9.878867e-01 -7.136292e-02 2.043137e+01 -9.903764e-01 -1.383661e-01 -3.104717e-03 -3.983521e+01 -1.294132e-02 7.024833e-02 9.974456e-01 3.286323e-01
-1.416999e-01 9.873647e-01 -7.093736e-02 2.024540e+01 -9.898348e-01 -1.422058e-01 -2.108034e-03 -4.112892e+01 -1.216911e-02 6.991757e-02 9.974785e-01 3.126333e-01
-1.461343e-01 9.866983e-01 -7.121456e-02 2.005776e+01 -9.891902e-01 -1.466286e-01 -1.735934e-03 -4.244725e+01 -1.215493e-02 7.019106e-02 9.974595e-01 3.071790e-01
-1.493229e-01 9.862081e-01 -7.138918e-02 1.989353e+01 -9.887067e-01 -1.498495e-01 -2.049062e-03 -4.381017e+01 -1.271844e-02 7.027699e-02 9.974464e-01 2.973194e-01
-1.515081e-01 9.858115e-01 -7.225640e-02 1.969041e+01 -9.883419e-01 -1.521960e-01 -4.081487e-03 -4.519011e+01 -1.502072e-02 7.079565e-02 9.973778e-01 2.736524e-01
-1.535246e-01 9.854584e-01 -7.281455e-02 1.947910e+01 -9.880230e-01 -1.542453e-01 -4.344366e-03 -4.657547e+01 -1.551248e-02 7.127548e-02 9.973360e-01 2.576437e-01
-1.551547e-01 9.851260e-01 -7.385119e-02 1.924820e+01 -9.877602e-01 -1.559134e-01 -4.585278e-03 -4.797569e+01 -1.603146e-02 7.223584e-02 9.972587e-01 2.470595e-01
-1.550415e-01 9.850822e-01 -7.466906e-02 1.900566e+01 -9.877828e-01 -1.557820e-01 -4.162092e-03 -4.938555e+01 -1.573209e-02 7.311150e-02 9.971997e-01 1.968036e-01
-1.565580e-01 9.847735e-01 -7.556779e-02 1.879874e+01 -9.875439e-01 -1.572956e-01 -3.872587e-03 -5.082185e+01 -1.570011e-02 7.402023e-02 9.971331e-01 1.968982e-01
-1.554924e-01 9.849361e-01 -7.564934e-02 1.854480e+01 -9.877235e-01 -1.561790e-01 -3.208248e-03 -5.228822e+01 -1.497475e-02 7.422177e-02 9.971293e-01 1.502089e-01
-1.550181e-01 9.850571e-01 -7.504641e-02 1.832510e+01 -9.878091e-01 -1.556491e-01 -2.597702e-03 -5.376567e+01 -1.423979e-02 7.372883e-02 9.971766e-01 1.498251e-01
-1.546643e-01 9.850641e-01 -7.568093e-02 1.813131e+01 -9.878573e-01 -1.553347e-01 -3.017356e-03 -5.527202e+01 -1.472816e-02 7.429528e-02 9.971275e-01 1.253321e-01
-1.525332e-01 9.853617e-01 -7.613082e-02 1.788610e+01 -9.881838e-01 -1.532351e-01 -3.430231e-03 -5.680402e+01 -1.504593e-02 7.470802e-02 9.970919e-01 9.732302e-02
-1.512382e-01 9.855781e-01 -7.591468e-02 1.763306e+01 -9.883876e-01 -1.519198e-01 -3.252748e-03 -5.835228e+01 -1.473877e-02 7.454118e-02 9.971090e-01 8.384061e-02
-1.506134e-01 9.856424e-01 -7.632145e-02 1.742097e+01 -9.884914e-01 -1.512549e-01 -2.662760e-03 -5.989578e+01 -1.416851e-02 7.504204e-02 9.970797e-01 5.573066e-02
-1.497521e-01 9.857169e-01 -7.704739e-02 1.720095e+01 -9.886261e-01 -1.503752e-01 -2.316876e-03 -6.146651e+01 -1.386981e-02 7.582412e-02 9.970247e-01 4.582239e-02
-1.487665e-01 9.858869e-01 -7.678293e-02 1.696947e+01 -9.887750e-01 -1.493926e-01 -2.443858e-03 -6.307802e+01 -1.388017e-02 7.555747e-02 9.970449e-01 1.500785e-02
-1.483988e-01 9.858094e-01 -7.847051e-02 1.674841e+01 -9.887999e-01 -1.491871e-01 -4.248656e-03 -6.467460e+01 -1.589515e-02 7.696114e-02 9.969074e-01 1.383461e-04
-1.473957e-01 9.857836e-01 -8.065439e-02 1.650318e+01 -9.889261e-01 -1.483099e-01 -5.430481e-03 -6.632827e+01 -1.731513e-02 7.896080e-02 9.967273e-01 -3.491390e-02
-1.467136e-01 9.857594e-01 -8.218038e-02 1.624674e+01 -9.890354e-01 -1.476008e-01 -4.792389e-03 -6.798346e+01 -1.685403e-02 8.057620e-02 9.966059e-01 -5.931381e-02
-1.461432e-01 9.858846e-01 -8.169480e-02 1.599998e+01 -9.891310e-01 -1.469765e-01 -4.248103e-03 -6.964047e+01 -1.619534e-02 8.018602e-02 9.966483e-01 -6.298400e-02
-1.455307e-01 9.858761e-01 -8.288174e-02 1.576589e+01 -9.892234e-01 -1.463608e-01 -3.996773e-03 -7.131416e+01 -1.607095e-02 8.140689e-02 9.965514e-01 -1.075743e-01
-1.452014e-01 9.859388e-01 -8.271314e-02 1.551819e+01 -9.892598e-01 -1.460910e-01 -4.773451e-03 -7.304091e+01 -1.678996e-02 8.113167e-02 9.965619e-01 -1.119580e-01
-1.445981e-01 9.859894e-01 -8.316340e-02 1.528183e+01 -9.893438e-01 -1.455120e-01 -5.002468e-03 -7.473639e+01 -1.703366e-02 8.155385e-02 9.965234e-01 -1.485795e-01
-1.451442e-01 9.858160e-01 -8.426228e-02 1.506002e+01 -9.892557e-01 -1.461012e-01 -5.271808e-03 -7.648824e+01 -1.750785e-02 8.259176e-02 9.964297e-01 -1.539665e-01
-1.446167e-01 9.858115e-01 -8.521503e-02 1.481766e+01 -9.893324e-01 -1.455827e-01 -5.199919e-03 -7.822435e+01 -1.753198e-02 8.355400e-02 9.963490e-01 -1.791923e-01
-1.445856e-01 9.857292e-01 -8.621676e-02 1.456928e+01 -9.893406e-01 -1.455399e-01 -4.854285e-03 -7.998456e+01 -1.733298e-02 8.459587e-02 9.962646e-01 -1.954556e-01
-1.454436e-01 9.857846e-01 -8.411083e-02 1.430359e+01 -9.892198e-01 -1.463591e-01 -4.789766e-03 -8.177044e+01 -1.703207e-02 8.250748e-02 9.964449e-01 -2.052846e-01
-1.463164e-01 9.857703e-01 -8.275511e-02 1.404124e+01 -9.890969e-01 -1.471947e-01 -4.581956e-03 -8.354147e+01 -1.669787e-02 8.118241e-02 9.965594e-01 -2.299605e-01
-1.472473e-01 9.857375e-01 -8.148486e-02 1.377254e+01 -9.889603e-01 -1.481088e-01 -4.598817e-03 -8.536089e+01 -1.660186e-02 7.990814e-02 9.966640e-01 -2.485738e-01
-1.481770e-01 9.856113e-01 -8.132737e-02 1.351214e+01 -9.888116e-01 -1.490819e-01 -5.136392e-03 -8.719685e+01 -1.718692e-02 7.965635e-02 9.966742e-01 -2.777162e-01
-1.490109e-01 9.854453e-01 -8.181488e-02 1.326172e+01 -9.886755e-01 -1.499649e-01 -5.608977e-03 -8.902005e+01 -1.779669e-02 8.005256e-02 9.966317e-01 -2.915919e-01
-1.493056e-01 9.855403e-01 -8.011366e-02 1.299917e+01 -9.886186e-01 -1.503026e-01 -6.529341e-03 -9.086260e+01 -1.847622e-02 7.822698e-02 9.967644e-01 -3.193122e-01
-1.513489e-01 9.852273e-01 -8.012979e-02 1.272432e+01 -9.883112e-01 -1.523248e-01 -6.172611e-03 -9.274677e+01 -1.828717e-02 7.825895e-02 9.967653e-01 -3.298067e-01
-1.541264e-01 9.848223e-01 -7.981383e-02 1.244191e+01 -9.878918e-01 -1.550492e-01 -5.458161e-03 -9.462033e+01 -1.775037e-02 7.800618e-02 9.967948e-01 -3.684028e-01
-1.582383e-01 9.840870e-01 -8.083063e-02 1.214652e+01 -9.872441e-01 -1.591420e-01 -4.822957e-03 -9.654087e+01 -1.760975e-02 7.903637e-02 9.967162e-01 -3.855563e-01
-1.628506e-01 9.834405e-01 -7.952728e-02 1.186417e+01 -9.864805e-01 -1.637905e-01 -5.396436e-03 -9.846027e+01 -1.833287e-02 7.757329e-02 9.968181e-01 -4.097574e-01
-1.672351e-01 9.827628e-01 -7.880300e-02 1.155650e+01 -9.857302e-01 -1.682249e-01 -6.045780e-03 -1.003802e+02 -1.919818e-02 7.666743e-02 9.968719e-01 -4.389710e-01
-1.722907e-01 9.820198e-01 -7.715439e-02 1.122374e+01 -9.848679e-01 -1.732199e-01 -5.466449e-03 -1.023313e+02 -1.873284e-02 7.504506e-02 9.970042e-01 -4.604690e-01
-1.766694e-01 9.811963e-01 -7.772957e-02 1.089138e+01 -9.840984e-01 -1.775627e-01 -4.680907e-03 -1.042761e+02 -1.839476e-02 7.566657e-02 9.969635e-01 -4.778865e-01
-1.817991e-01 9.803384e-01 -7.672007e-02 1.053754e+01 -9.831883e-01 -1.825691e-01 -3.087077e-03 -1.062190e+02 -1.703309e-02 7.486904e-02 9.970479e-01 -5.017316e-01
-1.869556e-01 9.793775e-01 -7.659755e-02 1.020242e+01 -9.822211e-01 -1.877085e-01 -2.686420e-03 -1.081748e+02 -1.700903e-02 7.473349e-02 9.970585e-01 -5.361881e-01
-1.914413e-01 9.786114e-01 -7.530087e-02 9.817700e+00 -9.813442e-01 -1.922311e-01 -3.316176e-03 -1.101492e+02 -1.772040e-02 7.326122e-02 9.971554e-01 -5.490341e-01
-1.971002e-01 9.776033e-01 -7.377987e-02 9.445662e+00 -9.802099e-01 -1.979223e-01 -3.930735e-03 -1.121291e+02 -1.844538e-02 7.154500e-02 9.972668e-01 -5.797730e-01
-2.022642e-01 9.765527e-01 -7.371484e-02 9.048599e+00 -9.791416e-01 -2.031312e-01 -4.382565e-03 -1.141071e+02 -1.925360e-02 7.129084e-02 9.972697e-01 -5.911608e-01
-2.077931e-01 9.753376e-01 -7.442272e-02 8.650542e+00 -9.779686e-01 -2.087023e-01 -4.569175e-03 -1.161013e+02 -1.998868e-02 7.183364e-02 9.972163e-01 -6.380702e-01
-2.139406e-01 9.740140e-01 -7.434070e-02 8.221804e+00 -9.766501e-01 -2.148044e-01 -3.730993e-03 -1.181038e+02 -1.960274e-02 7.180663e-02 9.972259e-01 -6.533862e-01
-2.193059e-01 9.728554e-01 -7.387292e-02 7.784014e+00 -9.754716e-01 -2.201074e-01 -2.789586e-03 -1.201040e+02 -1.897384e-02 7.144916e-02 9.972638e-01 -6.933259e-01
-2.251736e-01 9.714272e-01 -7.500772e-02 7.328324e+00 -9.741237e-01 -2.260009e-01 -2.619464e-03 -1.221258e+02 -1.949642e-02 7.247695e-02 9.971795e-01 -7.142416e-01
-2.307104e-01 9.701692e-01 -7.446099e-02 6.864373e+00 -9.728247e-01 -2.315302e-01 -2.453883e-03 -1.241569e+02 -1.962064e-02 7.187136e-02 9.972209e-01 -7.507738e-01
-2.357401e-01 9.689850e-01 -7.412764e-02 6.392044e+00 -9.716245e-01 -2.365220e-01 -1.826127e-03 -1.261822e+02 -1.930230e-02 7.159374e-02 9.972471e-01 -7.887765e-01
-2.408870e-01 9.678068e-01 -7.296298e-02 5.901873e+00 -9.703524e-01 -2.416848e-01 -2.177878e-03 -1.282248e+02 -1.974181e-02 7.027518e-02 9.973323e-01 -8.181810e-01
-2.452232e-01 9.665779e-01 -7.478800e-02 5.401196e+00 -9.692441e-01 -2.460901e-01 -2.462445e-03 -1.302583e+02 -2.078472e-02 7.188396e-02 9.971964e-01 -8.481801e-01
-2.485690e-01 9.655706e-01 -7.672563e-02 4.869944e+00 -9.683654e-01 -2.495197e-01 -2.910218e-03 -1.323143e+02 -2.195458e-02 7.357506e-02 9.970480e-01 -8.786235e-01
-2.525012e-01 9.644418e-01 -7.807029e-02 4.346659e+00 -9.673481e-01 -2.534416e-01 -2.216839e-03 -1.343820e+02 -2.192427e-02 7.496139e-02 9.969454e-01 -9.145869e-01
-2.553138e-01 9.636704e-01 -7.844796e-02 3.819167e+00 -9.666038e-01 -2.562664e-01 -2.154514e-03 -1.364325e+02 -2.217982e-02 7.527802e-02 9.969159e-01 -9.510082e-01
-2.581648e-01 9.629824e-01 -7.756144e-02 3.268546e+00 -9.658356e-01 -2.591419e-01 -2.634592e-03 -1.385089e+02 -2.263649e-02 7.423145e-02 9.969841e-01 -9.909033e-01
-2.618371e-01 9.620708e-01 -7.655748e-02 2.722669e+00 -9.648518e-01 -2.627839e-01 -2.386558e-03 -1.405935e+02 -2.241411e-02 7.324173e-02 9.970623e-01 -1.023746e+00
-2.665316e-01 9.609758e-01 -7.407074e-02 2.154983e+00 -9.635726e-01 -2.674361e-01 -2.391796e-03 -1.426658e+02 -2.210766e-02 7.073505e-02 9.972501e-01 -1.064918e+00
-2.701584e-01 9.600006e-01 -7.357773e-02 1.575535e+00 -9.625512e-01 -2.710868e-01 -2.747926e-03 -1.447638e+02 -2.258395e-02 7.007995e-02 9.972857e-01 -1.112628e+00
-2.750506e-01 9.585996e-01 -7.371560e-02 9.955754e-01 -9.611565e-01 -2.759910e-01 -2.687689e-03 -1.468266e+02 -2.292125e-02 7.011298e-02 9.972757e-01 -1.141584e+00
-2.793083e-01 9.574261e-01 -7.295258e-02 4.076097e-01 -9.599307e-01 -2.802267e-01 -2.463602e-03 -1.489248e+02 -2.280198e-02 6.934132e-02 9.973324e-01 -1.183578e+00
-2.839476e-01 9.561281e-01 -7.206400e-02 -2.114275e-01 -9.585621e-01 -2.848717e-01 -2.670123e-03 -1.510375e+02 -2.308196e-02 6.831963e-02 9.973964e-01 -1.217930e+00
-2.882501e-01 9.548236e-01 -7.227675e-02 -8.231356e-01 -9.572468e-01 -2.892509e-01 -3.555883e-03 -1.531375e+02 -2.430134e-02 6.816170e-02 9.973783e-01 -1.261607e+00
-2.925546e-01 9.534597e-01 -7.298248e-02 -1.448625e+00 -9.559273e-01 -2.935823e-01 -3.534653e-03 -1.552623e+02 -2.479651e-02 6.873186e-02 9.973270e-01 -1.299097e+00
-2.967405e-01 9.520853e-01 -7.402085e-02 -2.088554e+00 -9.546314e-01 -2.977744e-01 -3.089985e-03 -1.573921e+02 -2.498343e-02 6.974570e-02 9.972519e-01 -1.335808e+00
-3.001720e-01 9.510548e-01 -7.342902e-02 -2.745903e+00 -9.535663e-01 -3.011717e-01 -2.681141e-03 -1.594989e+02 -2.466464e-02 6.921463e-02 9.972969e-01 -1.382836e+00
-3.034575e-01 9.500194e-01 -7.332443e-02 -3.398232e+00 -9.525566e-01 -3.043590e-01 -1.179175e-03 -1.616348e+02 -2.343719e-02 6.948784e-02 9.973074e-01 -1.414141e+00
-3.067583e-01 9.489303e-01 -7.369483e-02 -4.076542e+00 -9.515092e-01 -3.076205e-01 -3.685212e-04 -1.637999e+02 -2.301974e-02 7.000826e-02 9.972808e-01 -1.449524e+00
-3.103776e-01 9.477987e-01 -7.309756e-02 -4.753485e+00 -9.503407e-01 -3.112113e-01 -1.708611e-05 -1.658992e+02 -2.276499e-02 6.946228e-02 9.973248e-01 -1.480237e+00
-3.136219e-01 9.467863e-01 -7.236857e-02 -5.443489e+00 -9.492732e-01 -3.144528e-01 -9.332789e-05 -1.680694e+02 -2.284486e-02 6.866827e-02 9.973779e-01 -1.524909e+00
-3.170741e-01 9.455752e-01 -7.315338e-02 -6.137136e+00 -9.481116e-01 -3.179373e-01 -1.636550e-04 -1.702027e+02 -2.341294e-02 6.930567e-02 9.973207e-01 -1.559710e+00
-3.207868e-01 9.442894e-01 -7.357444e-02 -6.853999e+00 -9.468533e-01 -3.216656e-01 -1.006361e-04 -1.723608e+02 -2.376140e-02 6.963192e-02 9.972897e-01 -1.596602e+00
-3.241665e-01 9.429988e-01 -7.529593e-02 -7.584663e+00 -9.456853e-01 -3.250839e-01 7.824330e-05 -1.745576e+02 -2.440370e-02 7.123161e-02 9.971612e-01 -1.639529e+00
-3.266078e-01 9.420998e-01 -7.599531e-02 -8.310101e+00 -9.448244e-01 -3.275769e-01 -3.028474e-04 -1.767050e+02 -2.517962e-02 7.170331e-02 9.971081e-01 -1.686203e+00
-3.292303e-01 9.411945e-01 -7.589745e-02 -9.052716e+00 -9.438974e-01 -3.302383e-01 -7.759342e-04 -1.788753e+02 -2.579455e-02 7.138394e-02 9.971153e-01 -1.724299e+00
-3.321015e-01 9.402627e-01 -7.493156e-02 -9.806877e+00 -9.429044e-01 -3.330632e-01 -3.604228e-04 -1.810583e+02 -2.529584e-02 7.053360e-02 9.971886e-01 -1.768333e+00
-3.352531e-01 9.392799e-01 -7.320131e-02 -1.057548e+01 -9.418257e-01 -3.361005e-01 7.870905e-04 -1.832446e+02 -2.386370e-02 6.920676e-02 9.973169e-01 -1.811889e+00
-3.381977e-01 9.383354e-01 -7.175680e-02 -1.134729e+01 -9.408064e-01 -3.389388e-01 1.955555e-03 -1.854194e+02 -2.248619e-02 6.817061e-02 9.974203e-01 -1.838269e+00
-3.413842e-01 9.372247e-01 -7.117868e-02 -1.213449e+01 -9.396714e-01 -3.420671e-01 2.742834e-03 -1.876215e+02 -2.177724e-02 6.782094e-02 9.974598e-01 -1.887838e+00
-3.444434e-01 9.362058e-01 -6.983985e-02 -1.291479e+01 -9.385729e-01 -3.450652e-01 3.337889e-03 -1.898296e+02 -2.097435e-02 6.669950e-02 9.975526e-01 -1.922096e+00
-3.478533e-01 9.348532e-01 -7.104455e-02 -1.373094e+01 -9.373068e-01 -3.484854e-01 3.697054e-03 -1.920272e+02 -2.130179e-02 6.787658e-02 9.974663e-01 -1.953526e+00
-3.506933e-01 9.338517e-01 -7.025139e-02 -1.453386e+01 -9.362299e-01 -3.513771e-01 2.781432e-03 -1.942245e+02 -2.208729e-02 6.674688e-02 9.975255e-01 -2.004548e+00
-3.544046e-01 9.324142e-01 -7.072162e-02 -1.535418e+01 -9.348127e-01 -3.551333e-01 2.411751e-03 -1.964527e+02 -2.286684e-02 6.696619e-02 9.974931e-01 -2.047223e+00
-3.583415e-01 9.309211e-01 -7.055057e-02 -1.618527e+01 -9.332927e-01 -3.591117e-01 1.882381e-03 -1.986688e+02 -2.358318e-02 6.651887e-02 9.975064e-01 -2.093247e+00
-3.618219e-01 9.296207e-01 -6.993240e-02 -1.701612e+01 -9.319475e-01 -3.625890e-01 1.840908e-03 -2.008586e+02 -2.364536e-02 6.583939e-02 9.975500e-01 -2.137918e+00
-3.650889e-01 9.284267e-01 -6.880505e-02 -1.786757e+01 -9.306879e-01 -3.658073e-01 2.305541e-03 -2.030777e+02 -2.302885e-02 6.487776e-02 9.976274e-01 -2.192934e+00
-3.683853e-01 9.270899e-01 -6.925891e-02 -1.875935e+01 -9.293875e-01 -3.690958e-01 2.710642e-03 -2.052885e+02 -2.305016e-02 6.536692e-02 9.975950e-01 -2.238888e+00
-3.707843e-01 9.260430e-01 -7.045087e-02 -1.962908e+01 -9.284252e-01 -3.715070e-01 3.036803e-03 -2.074963e+02 -2.336078e-02 6.653436e-02 9.975106e-01 -2.253284e+00
-3.732725e-01 9.249506e-01 -7.165312e-02 -2.053256e+01 -9.274153e-01 -3.740199e-01 3.191707e-03 -2.097363e+02 -2.384752e-02 6.764357e-02 9.974245e-01 -2.294639e+00
-3.756664e-01 9.238226e-01 -7.366763e-02 -2.142196e+01 -9.264157e-01 -3.764918e-01 2.873423e-03 -2.119293e+02 -2.508071e-02 6.932630e-02 9.972787e-01 -2.339259e+00
-3.778479e-01 9.228584e-01 -7.459165e-02 -2.232891e+01 -9.255208e-01 -3.786845e-01 3.135519e-03 -2.141476e+02 -2.535305e-02 7.022086e-02 9.972093e-01 -2.382314e+00
-3.809870e-01 9.216156e-01 -7.398491e-02 -2.324937e+01 -9.242492e-01 -3.817712e-01 3.793984e-03 -2.163649e+02 -2.474871e-02 6.982595e-02 9.972522e-01 -2.422568e+00
-3.833117e-01 9.206158e-01 -7.441961e-02 -2.414968e+01 -9.232962e-01 -3.840616e-01 4.530906e-03 -2.185750e+02 -2.441050e-02 7.044810e-02 9.972167e-01 -2.465346e+00
-3.859454e-01 9.195463e-01 -7.403255e-02 -2.506887e+01 -9.222122e-01 -3.866501e-01 5.146338e-03 -2.207984e+02 -2.389239e-02 7.025993e-02 9.972426e-01 -2.499775e+00
-3.891093e-01 9.181961e-01 -7.423077e-02 -2.600162e+01 -9.209023e-01 -3.897419e-01 6.360214e-03 -2.230309e+02 -2.309091e-02 7.083410e-02 9.972208e-01 -2.534846e+00
-3.917695e-01 9.171702e-01 -7.290692e-02 -2.691524e+01 -9.197794e-01 -3.923858e-01 6.267004e-03 -2.252348e+02 -2.285973e-02 6.951350e-02 9.973190e-01 -2.576328e+00
-3.945549e-01 9.159622e-01 -7.307453e-02 -2.786688e+01 -9.185942e-01 -3.951428e-01 6.840932e-03 -2.274502e+02 -2.260884e-02 6.982497e-02 9.973030e-01 -2.607765e+00
-3.969913e-01 9.147444e-01 -7.510645e-02 -2.883104e+01 -9.175145e-01 -3.976470e-01 6.655158e-03 -2.296883e+02 -2.377808e-02 7.155329e-02 9.971533e-01 -2.643369e+00
-3.994222e-01 9.136785e-01 -7.518914e-02 -2.977680e+01 -9.164268e-01 -4.001628e-01 5.599957e-03 -2.318736e+02 -2.497135e-02 7.114210e-02 9.971536e-01 -2.675383e+00
-4.028226e-01 9.121913e-01 -7.510866e-02 -3.074146e+01 -9.149088e-01 -4.036334e-01 4.727035e-03 -2.340786e+02 -2.600439e-02 7.062172e-02 9.971641e-01 -2.734208e+00
-4.060528e-01 9.108666e-01 -7.377762e-02 -3.168366e+01 -9.134804e-01 -4.068586e-01 4.438038e-03 -2.362621e+02 -2.597459e-02 6.919649e-02 9.972649e-01 -2.768805e+00
-4.092757e-01 9.095495e-01 -7.220405e-02 -3.267123e+01 -9.120371e-01 -4.100901e-01 3.841370e-03 -2.384548e+02 -2.611623e-02 6.742495e-02 9.973825e-01 -2.817400e+00
-4.128520e-01 9.079598e-01 -7.184999e-02 -3.367264e+01 -9.104091e-01 -4.136953e-01 3.416773e-03 -2.406811e+02 -2.662170e-02 6.682349e-02 9.974096e-01 -2.870644e+00
-4.159330e-01 9.065784e-01 -7.151940e-02 -3.465935e+01 -9.089937e-01 -4.167981e-01 3.081576e-03 -2.428665e+02 -2.701547e-02 6.629243e-02 9.974344e-01 -2.921221e+00
-4.196104e-01 9.049046e-01 -7.123707e-02 -3.564991e+01 -9.072953e-01 -4.204832e-01 2.995896e-03 -2.450557e+02 -2.724300e-02 6.589018e-02 9.974549e-01 -2.971081e+00
-4.235811e-01 9.031419e-01 -7.009657e-02 -3.665948e+01 -9.054148e-01 -4.245249e-01 1.574947e-03 -2.472936e+02 -2.833535e-02 6.413360e-02 9.975390e-01 -3.003526e+00
-4.270823e-01 9.015156e-01 -6.978920e-02 -3.767772e+01 -9.037569e-01 -4.280443e-01 1.289184e-03 -2.494784e+02 -2.871064e-02 6.362306e-02 9.975609e-01 -3.048341e+00
-4.307499e-01 8.997918e-01 -6.949499e-02 -3.868341e+01 -9.020231e-01 -4.316845e-01 1.729827e-03 -2.516569e+02 -2.844341e-02 6.343121e-02 9.975808e-01 -3.101637e+00
-4.349723e-01 8.977491e-01 -6.961252e-02 -3.971703e+01 -8.999810e-01 -4.359263e-01 1.642347e-03 -2.538463e+02 -2.887150e-02 6.336432e-02 9.975728e-01 -3.147591e+00
-4.378824e-01 8.963567e-01 -6.931043e-02 -4.074883e+01 -8.985576e-01 -4.388539e-01 1.341436e-03 -2.560079e+02 -2.921474e-02 6.286679e-02 9.975942e-01 -3.199644e+00
-4.420905e-01 8.943617e-01 -6.835869e-02 -4.181204e+01 -8.964942e-01 -4.430538e-01 1.187412e-03 -2.582100e+02 -2.922461e-02 6.180811e-02 9.976601e-01 -3.254212e+00
-4.453235e-01 8.927462e-01 -6.849399e-02 -4.288403e+01 -8.948927e-01 -4.462790e-01 1.502440e-03 -2.603554e+02 -2.922613e-02 6.196384e-02 9.976504e-01 -3.307969e+00
-4.488373e-01 8.909548e-01 -6.888251e-02 -4.397325e+01 -8.931412e-01 -4.497714e-01 2.164287e-03 -2.625238e+02 -2.905310e-02 6.249322e-02 9.976224e-01 -3.373943e+00
-4.529864e-01 8.887953e-01 -6.961586e-02 -4.506833e+01 -8.910437e-01 -4.539086e-01 2.858113e-03 -2.647275e+02 -2.905895e-02 6.332546e-02 9.975698e-01 -3.409710e+00
-4.562591e-01 8.870561e-01 -7.042293e-02 -4.616648e+01 -8.893638e-01 -4.571891e-01 3.237724e-03 -2.668358e+02 -2.932454e-02 6.410883e-02 9.975120e-01 -3.468960e+00
-4.592211e-01 8.854740e-01 -7.107322e-02 -4.728109e+01 -8.878343e-01 -4.601481e-01 3.701767e-03 -2.690031e+02 -2.942639e-02 6.480118e-02 9.974642e-01 -3.536908e+00
-4.627442e-01 8.835593e-01 -7.204732e-02 -4.842921e+01 -8.860148e-01 -4.636313e-01 4.893854e-03 -2.711964e+02 -2.907937e-02 6.609960e-02 9.973892e-01 -3.584562e+00
-4.648725e-01 8.822865e-01 -7.392205e-02 -4.949060e+01 -8.849598e-01 -4.655961e-01 8.174290e-03 -2.733369e+02 -2.720574e-02 6.921803e-02 9.972305e-01 -3.636704e+00
-4.680907e-01 8.805228e-01 -7.463684e-02 -5.065640e+01 -8.832526e-01 -4.688202e-01 8.513478e-03 -2.755296e+02 -2.749495e-02 6.990825e-02 9.971744e-01 -3.697155e+00
-4.709619e-01 8.790291e-01 -7.418199e-02 -5.177669e+01 -8.817459e-01 -4.716333e-01 9.291473e-03 -2.776795e+02 -2.681922e-02 6.978559e-02 9.972014e-01 -3.750674e+00
-4.743204e-01 8.772364e-01 -7.400498e-02 -5.292360e+01 -8.799447e-01 -4.749810e-01 9.528906e-03 -2.798765e+02 -2.679184e-02 6.964003e-02 9.972124e-01 -3.812519e+00
-4.785719e-01 8.749304e-01 -7.393283e-02 -5.411226e+01 -8.776528e-01 -4.791851e-01 1.036479e-02 -2.820988e+02 -2.635904e-02 6.984764e-02 9.972094e-01 -3.870675e+00
-4.813174e-01 8.734570e-01 -7.353117e-02 -5.527280e+01 -8.761562e-01 -4.819107e-01 1.061971e-02 -2.842739e+02 -2.615958e-02 6.953622e-02 9.972364e-01 -3.921869e+00
-4.840266e-01 8.720824e-01 -7.204744e-02 -5.649650e+01 -8.746693e-01 -4.846108e-01 1.030614e-02 -2.864835e+02 -2.592716e-02 6.800613e-02 9.973480e-01 -3.994009e+00
-4.871997e-01 8.702572e-01 -7.272669e-02 -5.773211e+01 -8.728857e-01 -4.878184e-01 1.020630e-02 -2.887121e+02 -2.659529e-02 6.845459e-02 9.972997e-01 -4.048788e+00
-4.892169e-01 8.690319e-01 -7.382603e-02 -5.894612e+01 -8.717253e-01 -4.898957e-01 9.857406e-03 -2.908887e+02 -2.760066e-02 6.917842e-02 9.972224e-01 -4.113297e+00
-4.912944e-01 8.677794e-01 -7.475454e-02 -6.018079e+01 -8.705354e-01 -4.920071e-01 9.839395e-03 -2.931115e+02 -2.824136e-02 6.991053e-02 9.971534e-01 -4.170764e+00
-4.935486e-01 8.664775e-01 -7.500909e-02 -6.143218e+01 -8.692447e-01 -4.942874e-01 9.674347e-03 -2.953885e+02 -2.869344e-02 6.997601e-02 9.971359e-01 -4.229435e+00
-4.953688e-01 8.653741e-01 -7.574582e-02 -6.268955e+01 -8.681641e-01 -4.962001e-01 8.749967e-03 -2.976028e+02 -3.001309e-02 7.009427e-02 9.970888e-01 -4.312399e+00
-4.981626e-01 8.636870e-01 -7.667219e-02 -6.397404e+01 -8.665260e-01 -4.990625e-01 8.309415e-03 -2.998578e+02 -3.108749e-02 7.057789e-02 9.970217e-01 -4.378729e+00
-5.001044e-01 8.625298e-01 -7.705800e-02 -6.525849e+01 -8.653868e-01 -5.010394e-01 8.076958e-03 -3.020782e+02 -3.164248e-02 7.072430e-02 9.969939e-01 -4.449648e+00
-5.023109e-01 8.613275e-01 -7.615196e-02 -6.655734e+01 -8.641434e-01 -5.031675e-01 8.884942e-03 -3.043288e+02 -3.066434e-02 7.026920e-02 9.970567e-01 -4.528387e+00
-5.052327e-01 8.597595e-01 -7.452442e-02 -6.784859e+01 -8.624925e-01 -5.059713e-01 1.000662e-02 -3.066123e+02 -2.910393e-02 6.933242e-02 9.971690e-01 -4.579317e+00
-5.086011e-01 8.579103e-01 -7.290159e-02 -6.914541e+01 -8.605118e-01 -5.093433e-01 9.416636e-03 -3.088539e+02 -2.905331e-02 6.752200e-02 9.972947e-01 -4.658581e+00
-5.130152e-01 8.553413e-01 -7.215875e-02 -7.045746e+01 -8.578367e-01 -5.138654e-01 7.663535e-03 -3.111447e+02 -3.052494e-02 6.583193e-02 9.973637e-01 -4.730565e+00
-5.184046e-01 8.521782e-01 -7.105786e-02 -7.181416e+01 -8.545304e-01 -5.193717e-01 5.561364e-03 -3.134754e+02 -3.216617e-02 6.360413e-02 9.974567e-01 -4.804909e+00
-5.225445e-01 8.496363e-01 -7.117391e-02 -7.315340e+01 -8.519500e-01 -5.236053e-01 4.323006e-03 -3.157283e+02 -3.359406e-02 6.289558e-02 9.974545e-01 -4.888971e+00
-5.266025e-01 8.470989e-01 -7.150765e-02 -7.454575e+01 -8.494059e-01 -5.277276e-01 3.660738e-03 -3.180074e+02 -3.463555e-02 6.266677e-02 9.974333e-01 -4.974963e+00
-5.314993e-01 8.439063e-01 -7.301417e-02 -7.596293e+01 -8.463333e-01 -5.326347e-01 4.544420e-03 -3.202921e+02 -3.505480e-02 6.420967e-02 9.973205e-01 -5.050566e+00
-5.351427e-01 8.415711e-01 -7.335173e-02 -7.737738e+01 -8.440382e-01 -5.362579e-01 5.204227e-03 -3.225442e+02 -3.495571e-02 6.469666e-02 9.972926e-01 -5.133516e+00
-5.393239e-01 8.388606e-01 -7.377527e-02 -7.883838e+01 -8.413266e-01 -5.405079e-01 4.565481e-03 -3.248673e+02 -3.604631e-02 6.453137e-02 9.972644e-01 -5.201228e+00
-5.423673e-01 8.367856e-01 -7.501902e-02 -8.026635e+01 -8.392950e-01 -5.436641e-01 3.678239e-03 -3.270981e+02 -3.770724e-02 6.495804e-02 9.971753e-01 -5.289190e+00
-5.463052e-01 8.342483e-01 -7.470144e-02 -8.171662e+01 -8.366772e-01 -5.476913e-01 2.281882e-03 -3.293565e+02 -3.900969e-02 6.374760e-02 9.972034e-01 -5.383857e+00
-5.507516e-01 8.313352e-01 -7.453080e-02 -8.318790e+01 -8.336967e-01 -5.522219e-01 1.051200e-03 -3.316687e+02 -4.028362e-02 6.271502e-02 9.972181e-01 -5.463936e+00
-5.539751e-01 8.291631e-01 -7.483273e-02 -8.465781e+01 -8.315101e-01 -5.555092e-01 3.760685e-04 -3.339105e+02 -4.125846e-02 6.243251e-02 9.971960e-01 -5.562009e+00
-5.580904e-01 8.262594e-01 -7.635907e-02 -8.614679e+01 -8.286846e-01 -5.597162e-01 1.333635e-04 -3.361688e+02 -4.262920e-02 6.335200e-02 9.970804e-01 -5.645429e+00
-5.624865e-01 8.232667e-01 -7.642506e-02 -8.768423e+01 -8.256475e-01 -5.641856e-01 -7.794242e-04 -3.384657e+02 -4.375960e-02 6.266175e-02 9.970750e-01 -5.739670e+00
-5.652564e-01 8.215043e-01 -7.493847e-02 -8.919069e+01 -8.237032e-01 -5.670147e-01 -2.688734e-03 -3.406888e+02 -4.470002e-02 6.020724e-02 9.971845e-01 -5.843700e+00
-5.693151e-01 8.185145e-01 -7.690616e-02 -9.068875e+01 -8.208143e-01 -5.711879e-01 -2.906962e-03 -3.429087e+02 -4.630724e-02 6.147070e-02 9.970341e-01 -5.953362e+00
-5.727904e-01 8.160508e-01 -7.728282e-02 -9.223548e+01 -8.182946e-01 -5.747824e-01 -4.404394e-03 -3.451559e+02 -4.801500e-02 6.071731e-02 9.969995e-01 -6.051670e+00
-5.751213e-01 8.146555e-01 -7.464477e-02 -9.377930e+01 -8.166471e-01 -5.771031e-01 -6.285655e-03 -3.473878e+02 -4.819837e-02 5.734342e-02 9.971904e-01 -6.149623e+00
-5.788895e-01 8.123172e-01 -7.090638e-02 -9.532689e+01 -8.140335e-01 -5.807692e-01 -7.522305e-03 -3.496398e+02 -4.729074e-02 5.336558e-02 9.974546e-01 -6.258811e+00
-5.817912e-01 8.106143e-01 -6.651000e-02 -9.688249e+01 -8.120441e-01 -5.835313e-01 -8.701372e-03 -3.518193e+02 -4.586412e-02 4.894667e-02 9.977478e-01 -6.375730e+00
-5.850654e-01 8.082864e-01 -6.611876e-02 -9.844310e+01 -8.095683e-01 -5.869172e-01 -1.129400e-02 -3.540247e+02 -4.793501e-02 4.691992e-02 9.977478e-01 -6.479720e+00
-5.877284e-01 8.063182e-01 -6.653267e-02 -1.000731e+02 -8.075618e-01 -5.896540e-01 -1.235173e-02 -3.562912e+02 -4.919067e-02 4.646977e-02 9.977078e-01 -6.606353e+00
-5.903801e-01 8.043971e-01 -6.630939e-02 -1.016367e+02 -8.056453e-01 -5.922786e-01 -1.191826e-02 -3.584504e+02 -4.886064e-02 4.638554e-02 9.977279e-01 -6.721889e+00
-5.931799e-01 8.023931e-01 -6.559511e-02 -1.032417e+02 -8.035553e-01 -5.950909e-01 -1.286495e-02 -3.606641e+02 -4.935780e-02 4.507807e-02 9.977634e-01 -6.849739e+00
-5.956481e-01 8.005528e-01 -6.571869e-02 -1.049225e+02 -8.015664e-01 -5.976977e-01 -1.578220e-02 -3.629558e+02 -5.191438e-02 4.327725e-02 9.977134e-01 -6.980246e+00
-5.990841e-01 7.980624e-01 -6.476810e-02 -1.064694e+02 -7.988266e-01 -6.012441e-01 -1.954459e-02 -3.650623e+02 -5.453922e-02 4.002962e-02 9.977089e-01 -7.078848e+00
-6.017755e-01 7.960789e-01 -6.422156e-02 -1.081490e+02 -7.967945e-01 -6.039224e-01 -1.990684e-02 -3.673112e+02 -5.463225e-02 3.919193e-02 9.977371e-01 -7.220541e+00
-6.046591e-01 7.939901e-01 -6.298682e-02 -1.098250e+02 -7.946138e-01 -6.067666e-01 -2.057805e-02 -3.695526e+02 -5.455706e-02 3.760749e-02 9.978022e-01 -7.347356e+00
-6.074680e-01 7.918632e-01 -6.273672e-02 -1.114398e+02 -7.924263e-01 -6.095934e-01 -2.137522e-02 -3.717071e+02 -5.517013e-02 3.672946e-02 9.978012e-01 -7.474278e+00
-6.102943e-01 7.896766e-01 -6.286219e-02 -1.130954e+02 -7.902163e-01 -6.124423e-01 -2.174144e-02 -3.738924e+02 -5.566817e-02 3.640605e-02 9.977854e-01 -7.603380e+00
-6.125605e-01 7.880530e-01 -6.117231e-02 -1.147444e+02 -7.883831e-01 -6.147041e-01 -2.431060e-02 -3.760317e+02 -5.676091e-02 3.333550e-02 9.978311e-01 -7.718694e+00
-6.154671e-01 7.864375e-01 -5.211863e-02 -1.164018e+02 -7.863038e-01 -6.172105e-01 -2.788547e-02 -3.782036e+02 -5.409835e-02 2.381849e-02 9.982515e-01 -7.840885e+00
-6.193333e-01 7.839832e-01 -4.238990e-02 -1.180067e+02 -7.838690e-01 -6.204948e-01 -2.314929e-02 -3.803541e+02 -4.445136e-02 1.889101e-02 9.988329e-01 -8.009003e+00
-6.226801e-01 7.812064e-01 -4.456763e-02 -1.197318e+02 -7.814671e-01 -6.237595e-01 -1.527898e-02 -3.825238e+02 -3.973551e-02 2.531422e-02 9.988895e-01 -8.075755e+00
-6.241182e-01 7.797105e-01 -5.028009e-02 -1.214525e+02 -7.801095e-01 -6.254472e-01 -1.565458e-02 -3.846574e+02 -4.365357e-02 2.945367e-02 9.986125e-01 -8.126941e+00
-6.243546e-01 7.788690e-01 -5.953816e-02 -1.230682e+02 -7.791013e-01 -6.264174e-01 -2.455065e-02 -3.867046e+02 -5.641747e-02 3.105794e-02 9.979241e-01 -8.256641e+00
-6.260082e-01 7.773920e-01 -6.144357e-02 -1.247545e+02 -7.770562e-01 -6.284766e-01 -3.465308e-02 -3.888634e+02 -6.555488e-02 2.605199e-02 9.975088e-01 -8.413635e+00
-6.287552e-01 7.753339e-01 -5.936800e-02 -1.264345e+02 -7.745453e-01 -6.312190e-01 -4.052769e-02 -3.909746e+02 -6.889669e-02 2.050120e-02 9.974131e-01 -8.585898e+00
-6.313950e-01 7.732040e-01 -5.912885e-02 -1.281610e+02 -7.723541e-01 -6.338533e-01 -4.122205e-02 -3.931371e+02 -6.935207e-02 1.964101e-02 9.973989e-01 -8.760807e+00
-6.344243e-01 7.705936e-01 -6.075825e-02 -1.298927e+02 -7.700129e-01 -6.369159e-01 -3.766355e-02 -3.952365e+02 -6.772117e-02 2.288997e-02 9.974416e-01 -8.899652e+00
-6.377600e-01 7.677405e-01 -6.194000e-02 -1.315916e+02 -7.675926e-01 -6.401691e-01 -3.138424e-02 -3.972773e+02 -6.374703e-02 2.752907e-02 9.975863e-01 -9.039447e+00
-6.406479e-01 7.654405e-01 -6.059179e-02 -1.333460e+02 -7.654441e-01 -6.428840e-01 -2.821004e-02 -3.994039e+02 -6.054659e-02 2.830692e-02 9.977639e-01 -9.187556e+00
-6.435786e-01 7.629304e-01 -6.119001e-02 -1.350860e+02 -7.629352e-01 -6.458545e-01 -2.832494e-02 -4.015172e+02 -6.112978e-02 2.845468e-02 9.977242e-01 -9.326345e+00
-6.463585e-01 7.604800e-01 -6.237583e-02 -1.368244e+02 -7.604619e-01 -6.487302e-01 -2.910297e-02 -4.036051e+02 -6.259731e-02 2.862349e-02 9.976283e-01 -9.471127e+00
-6.481800e-01 7.588852e-01 -6.290042e-02 -1.385769e+02 -7.587878e-01 -6.506242e-01 -3.049287e-02 -4.057052e+02 -6.406511e-02 2.796320e-02 9.975539e-01 -9.617309e+00
-6.498743e-01 7.572852e-01 -6.467617e-02 -1.402938e+02 -7.572378e-01 -6.524311e-01 -3.041390e-02 -4.077007e+02 -6.522872e-02 2.921002e-02 9.974427e-01 -9.767450e+00
-6.518885e-01 7.555283e-01 -6.495206e-02 -1.420616e+02 -7.554923e-01 -6.544588e-01 -3.025857e-02 -4.097369e+02 -6.536964e-02 2.934557e-02 9.974295e-01 -9.924514e+00
-6.528726e-01 7.545982e-01 -6.587092e-02 -1.438305e+02 -7.545932e-01 -6.554999e-01 -3.014781e-02 -4.118123e+02 -6.592787e-02 3.002308e-02 9.973726e-01 -1.007876e+01
-6.546141e-01 7.529452e-01 -6.748617e-02 -1.456374e+02 -7.529355e-01 -6.573710e-01 -3.085338e-02 -4.138826e+02 -6.759433e-02 3.061568e-02 9.972430e-01 -1.023693e+01
-6.553124e-01 7.521453e-01 -6.958912e-02 -1.474264e+02 -7.520899e-01 -6.582628e-01 -3.241249e-02 -4.159506e+02 -7.018685e-02 3.109697e-02 9.970490e-01 -1.039614e+01
-6.559141e-01 7.512810e-01 -7.316955e-02 -1.491416e+02 -7.513247e-01 -6.591272e-01 -3.259886e-02 -4.179516e+02 -7.271894e-02 3.359204e-02 9.967866e-01 -1.055313e+01
-6.574931e-01 7.500784e-01 -7.131042e-02 -1.509280e+02 -7.500120e-01 -6.605908e-01 -3.319503e-02 -4.199785e+02 -7.200588e-02 3.165817e-02 9.969016e-01 -1.071542e+01
-6.589022e-01 7.492268e-01 -6.713708e-02 -1.526815e+02 -7.490166e-01 -6.617094e-01 -3.339124e-02 -4.220355e+02 -6.944284e-02 2.828522e-02 9.971849e-01 -1.087854e+01
-6.603000e-01 7.482648e-01 -6.405764e-02 -1.544894e+02 -7.479213e-01 -6.629127e-01 -3.405910e-02 -4.241086e+02 -6.794987e-02 2.542086e-02 9.973648e-01 -1.105243e+01
-6.617944e-01 7.469578e-01 -6.388952e-02 -1.562781e+02 -7.465327e-01 -6.644212e-01 -3.511379e-02 -4.261344e+02 -6.867808e-02 2.445750e-02 9.973390e-01 -1.120112e+01
-6.623467e-01 7.465264e-01 -6.320918e-02 -1.580176e+02 -7.460244e-01 -6.649468e-01 -3.596662e-02 -4.281374e+02 -6.888077e-02 2.333321e-02 9.973520e-01 -1.136528e+01
-6.635453e-01 7.456796e-01 -6.057741e-02 -1.597805e+02 -7.450696e-01 -6.659793e-01 -3.664387e-02 -4.301649e+02 -6.766789e-02 2.081952e-02 9.974906e-01 -1.153160e+01
-6.649201e-01 7.444586e-01 -6.052110e-02 -1.616047e+02 -7.437996e-01 -6.673623e-01 -3.727986e-02 -4.322081e+02 -6.814280e-02 2.022744e-02 9.974705e-01 -1.168856e+01
-6.644078e-01 7.447786e-01 -6.218767e-02 -1.633830e+02 -7.440348e-01 -6.670015e-01 -3.900718e-02 -4.342430e+02 -7.053097e-02 2.035312e-02 9.973019e-01 -1.183912e+01
-6.650051e-01 7.439638e-01 -6.547164e-02 -1.652090e+02 -7.431898e-01 -6.678636e-01 -4.034354e-02 -4.362757e+02 -7.374024e-02 2.182920e-02 9.970385e-01 -1.201501e+01
