1.000000e+00 0.000000e+00 0.000000e+00 0.000000e+00 0.000000e+00 1.000000e+00 0.000000e+00 0.000000e+00 0.000000e+00 0.000000e+00 1.000000e+00 0.000000e+00
9.999482e-01 1.013567e-02 9.397467e-04 2.909968e-01 -1.013381e-02 9.999467e-01 -1.958261e-03 -3.571540e-02 -9.595449e-04 1.948637e-03 9.999976e-01 9.267068e-03
9.998626e-01 1.654597e-02 1.021082e-03 5.751713e-01 -1.654190e-02 9.998557e-01 -3.870361e-03 -5.060774e-02 -1.084973e-03 3.852939e-03 9.999920e-01 7.068267e-03
9.998352e-01 1.815566e-02 1.106589e-04 8.573608e-01 -1.815467e-02 9.998173e-01 -5.992472e-03 -6.505221e-02 -2.194359e-04 5.989476e-03 9.999821e-01 1.395883e-02
9.998736e-01 1.586955e-02 -9.967141e-04 1.144094e+00 -1.587613e-02 9.998496e-01 -6.988819e-03 -7.464894e-02 8.856548e-04 7.003759e-03 9.999751e-01 1.304332e-02
9.999577e-01 8.816547e-03 -2.606405e-03 1.475895e+00 -8.840522e-03 9.999173e-01 -9.334710e-03 -9.091398e-02 2.523889e-03 9.357357e-03 9.999530e-01 7.182544e-03
9.999891e-01 -2.815463e-03 -3.722174e-03 1.803816e+00 2.777265e-03 9.999439e-01 -1.022793e-02 -8.222162e-02 3.750761e-03 1.021748e-02 9.999408e-01 1.886722e-02
9.998155e-01 -1.880956e-02 -3.901947e-03 2.130314e+00 1.877057e-02 9.997758e-01 -9.799351e-03 -4.837757e-02 4.085394e-03 9.724301e-03 9.999444e-01 2.316912e-02
9.992892e-01 -3.742724e-02 -4.510481e-03 2.504275e+00 3.739636e-02 9.992778e-01 -6.745881e-03 -2.798788e-03 4.759703e-03 6.572411e-03 9.999671e-01 2.523030e-02
9.983680e-01 -5.683983e-02 -5.522606e-03 2.851031e+00 5.682094e-02 9.983782e-01 -3.519532e-03 3.840197e-02 5.713699e-03 3.199989e-03 9.999785e-01 2.937596e-02
9.970405e-01 -7.666115e-02 -5.781935e-03 3.195546e+00 7.664406e-02 9.970536e-01 -3.120812e-03 9.084527e-02 6.004144e-03 2.668425e-03 9.999784e-01 3.708945e-02
9.951651e-01 -9.807729e-02 -5.229222e-03 3.580862e+00 9.805638e-02 9.951723e-01 -4.115633e-03 1.252827e-01 5.607627e-03 3.582976e-03 9.999779e-01 4.665161e-02
9.930583e-01 -1.175394e-01 -4.441381e-03 3.974097e+00 1.175163e-01 9.930575e-01 -5.155435e-03 1.886573e-01 5.016514e-03 4.597713e-03 9.999769e-01 5.967280e-02
9.908867e-01 -1.346343e-01 -4.144415e-03 4.382828e+00 1.346142e-01 9.908864e-01 -4.796737e-03 2.575250e-01 4.752450e-03 4.195126e-03 9.999799e-01 6.192964e-02
9.886648e-01 -1.500898e-01 -3.863654e-03 4.816628e+00 1.500733e-01 9.886658e-01 -4.248521e-03 3.351771e-01 4.457522e-03 3.620533e-03 9.999835e-01 6.534306e-02
9.865429e-01 -1.634547e-01 -3.968160e-03 5.227758e+00 1.634387e-01 9.865451e-01 -4.077665e-03 4.188745e-01 4.581282e-03 3.374240e-03 9.999838e-01 6.804162e-02
9.844891e-01 -1.753870e-01 -4.539720e-03 5.674010e+00 1.753605e-01 9.844879e-01 -5.679290e-03 4.992967e-01 5.465373e-03 4.795111e-03 9.999736e-01 7.411125e-02
9.827091e-01 -1.850742e-01 -5.518198e-03 6.123968e+00 1.850279e-01 9.827009e-01 -7.967605e-03 5.798275e-01 6.897336e-03 6.808817e-03 9.999530e-01 9.136581e-02
9.811306e-01 -1.932184e-01 -7.029094e-03 6.575671e+00 1.931637e-01 9.811357e-01 -7.774895e-03 6.791400e-01 8.398748e-03 6.270422e-03 9.999450e-01 9.826908e-02
9.795128e-01 -2.011994e-01 -8.568122e-03 7.051322e+00 2.011392e-01 9.795347e-01 -7.400319e-03 7.801487e-01 9.881713e-03 5.525323e-03 9.999359e-01 9.495392e-02
9.778621e-01 -2.089694e-01 -1.083738e-02 7.534638e+00 2.088924e-01 9.779074e-01 -7.820482e-03 8.930716e-01 1.223220e-02 5.383507e-03 9.999107e-01 1.108980e-01
9.761167e-01 -2.169347e-01 -1.164417e-02 8.040167e+00 2.168062e-01 9.761485e-01 -1.136706e-02 1.003192e+00 1.383234e-02 8.571054e-03 9.998676e-01 1.158184e-01
9.742861e-01 -2.250277e-01 -1.136337e-02 8.561866e+00 2.248248e-01 9.742548e-01 -1.677675e-02 1.121485e+00 1.484605e-02 1.379059e-02 9.997947e-01 1.291515e-01
9.722782e-01 -2.334756e-01 -1.281313e-02 9.067101e+00 2.332401e-01 9.722608e-01 -1.754787e-02 1.244602e+00 1.655471e-02 1.407287e-02 9.997639e-01 1.541871e-01
9.699898e-01 -2.425144e-01 -1.750662e-02 9.607957e+00 2.422920e-01 9.701038e-01 -1.389945e-02 1.406581e+00 2.035406e-02 9.240610e-03 9.997501e-01 1.431659e-01
9.676840e-01 -2.513057e-01 -2.081372e-02 1.012863e+01 2.511286e-01 9.678938e-01 -1.076661e-02 1.563662e+00 2.285118e-02 5.191753e-03 9.997254e-01 1.541869e-01
9.653487e-01 -2.600612e-01 -2.168314e-02 1.069051e+01 2.598355e-01 9.655694e-01 -1.269609e-02 1.721278e+00 2.423834e-02 6.622101e-03 9.996843e-01 1.755953e-01
9.630651e-01 -2.683407e-01 -2.233240e-02 1.126526e+01 2.680626e-01 9.632895e-01 -1.469187e-02 1.883023e+00 2.545499e-02 8.162748e-03 9.996427e-01 2.043095e-01
9.608652e-01 -2.759200e-01 -2.462096e-02 1.184226e+01 2.756239e-01 9.611521e-01 -1.477035e-02 2.058116e+00 2.773992e-02 7.406189e-03 9.995877e-01 2.217298e-01
9.584516e-01 -2.838468e-01 -2.830955e-02 1.244463e+01 2.835516e-01 9.588543e-01 -1.403288e-02 2.241626e+00 3.112792e-02 5.422621e-03 9.995007e-01 2.366104e-01
9.562227e-01 -2.907770e-01 -3.296834e-02 1.304209e+01 2.904096e-01 9.567763e-01 -1.553811e-02 2.434528e+00 3.606145e-02 5.283566e-03 9.993356e-01 2.612996e-01
9.540508e-01 -2.969635e-01 -3.999639e-02 1.366313e+01 2.965489e-01 9.548826e-01 -1.606572e-02 2.647137e+00 4.296279e-02 3.466630e-03 9.990706e-01 2.947384e-01
9.523098e-01 -3.013347e-01 -4.799316e-02 1.427453e+01 3.009017e-01 9.535180e-01 -1.617713e-02 2.854786e+00 5.063707e-02 9.644189e-04 9.987167e-01 3.233215e-01
9.506416e-01 -3.051461e-01 -5.627179e-02 1.488829e+01 3.047155e-01 9.523041e-01 -1.628873e-02 3.069223e+00 5.855830e-02 -1.662140e-03 9.982826e-01 3.510074e-01
9.485636e-01 -3.096865e-01 -6.573688e-02 1.554530e+01 3.094117e-01 9.508165e-01 -1.457720e-02 3.299148e+00 6.701807e-02 -6.512361e-03 9.977305e-01 3.817943e-01
9.467564e-01 -3.134911e-01 -7.331920e-02 1.620119e+01 3.133844e-01 9.495339e-01 -1.325470e-02 3.526156e+00 7.377429e-02 -1.042811e-02 9.972205e-01 4.255129e-01
9.445345e-01 -3.184690e-01 -8.020001e-02 1.686495e+01 3.185616e-01 9.478264e-01 -1.198235e-02 3.762074e+00 7.983170e-02 -1.423089e-02 9.967068e-01 4.744358e-01
9.423069e-01 -3.231897e-01 -8.721285e-02 1.754132e+01 3.236035e-01 9.461426e-01 -9.743509e-03 4.014063e+00 8.566480e-02 -1.904100e-02 9.961420e-01 5.249940e-01
9.402791e-01 -3.272876e-01 -9.358480e-02 1.822296e+01 3.280162e-01 9.446388e-01 -7.926599e-03 4.267086e+00 9.099811e-02 -2.324412e-02 9.955798e-01 5.932221e-01
9.381011e-01 -3.323077e-01 -9.766221e-02 1.892167e+01 3.334991e-01 9.427404e-01 -4.341265e-03 4.540595e+00 9.351275e-02 -2.849771e-02 9.952102e-01 6.463804e-01
9.362681e-01 -3.368782e-01 -9.957436e-02 1.960850e+01 3.383068e-01 9.410321e-01 -2.685007e-03 4.801444e+00 9.460718e-02 -3.117279e-02 9.950265e-01 7.149233e-01
9.341352e-01 -3.427612e-01 -9.952950e-02 2.034880e+01 3.442271e-01 9.388828e-01 -2.592222e-03 5.083055e+00 9.433505e-02 -3.183926e-02 9.950312e-01 8.045342e-01
9.319523e-01 -3.489825e-01 -9.836771e-02 2.107295e+01 3.503870e-01 9.365996e-01 -3.180184e-03 5.367722e+00 9.324098e-02 -3.150299e-02 9.951451e-01 8.838051e-01
9.296548e-01 -3.553903e-01 -9.715828e-02 2.179026e+01 3.567534e-01 9.341918e-01 -3.553187e-03 5.637057e+00 9.202723e-02 -3.135831e-02 9.952626e-01 9.716715e-01
9.273235e-01 -3.623113e-01 -9.381722e-02 2.248680e+01 3.635442e-01 9.315675e-01 -4.203176e-03 5.920272e+00 8.891993e-02 -3.020900e-02 9.955806e-01 1.056239e+00
9.240874e-01 -3.715012e-01 -8.971765e-02 2.333670e+01 3.728951e-01 9.278726e-01 -1.316856e-03 6.241680e+00 8.373576e-02 -3.223838e-02 9.959664e-01 1.137612e+00
9.212192e-01 -3.796594e-01 -8.493431e-02 2.405577e+01 3.810213e-01 9.245663e-01 -1.902363e-04 6.550570e+00 7.859962e-02 -3.218653e-02 9.963865e-01 1.226578e+00
9.178403e-01 -3.883246e-01 -8.229920e-02 2.481183e+01 3.898082e-01 9.208935e-01 2.139713e-03 6.889457e+00 7.495790e-02 -3.404482e-02 9.966054e-01 1.299862e+00
9.142961e-01 -3.968238e-01 -8.120080e-02 2.557183e+01 3.983308e-01 9.172382e-01 2.590085e-03 7.221950e+00 7.345267e-02 -3.471288e-02 9.966944e-01 1.373791e+00
9.105086e-01 -4.053121e-01 -8.183014e-02 2.634450e+01 4.069937e-01 9.134209e-01 4.285662e-03 7.573615e+00 7.300834e-02 -3.720648e-02 9.966370e-01 1.445288e+00
9.069531e-01 -4.132894e-01 -8.141231e-02 2.710735e+01 4.149785e-01 9.098213e-01 4.257062e-03 7.919778e+00 7.231124e-02 -3.764531e-02 9.966714e-01 1.511940e+00
9.031589e-01 -4.216810e-01 -8.055507e-02 2.790380e+01 4.234019e-01 9.059293e-01 4.792558e-03 8.300261e+00 7.095627e-02 -3.843562e-02 9.967386e-01 1.577986e+00
8.998641e-01 -4.290304e-01 -7.859666e-02 2.870196e+01 4.306271e-01 9.025221e-01 3.772115e-03 8.679441e+00 6.931687e-02 -3.724024e-02 9.968994e-01 1.657397e+00
8.966269e-01 -4.364984e-01 -7.435983e-02 2.949885e+01 4.379281e-01 8.990040e-01 3.286695e-03 9.075180e+00 6.541515e-02 -3.551120e-02 9.972261e-01 1.729377e+00
8.931605e-01 -4.443439e-01 -6.944743e-02 3.032509e+01 4.456612e-01 8.951930e-01 3.937832e-03 9.503985e+00 6.041910e-02 -3.446714e-02 9.975778e-01 1.789335e+00
8.896132e-01 -4.521047e-01 -6.472845e-02 3.111148e+01 4.532329e-01 8.913867e-01 3.118612e-03 9.919098e+00 5.628814e-02 -3.211142e-02 9.978980e-01 1.874236e+00
8.861719e-01 -4.590335e-01 -6.314817e-02 3.195337e+01 4.600717e-01 8.878792e-01 2.158947e-03 1.035135e+01 5.507692e-02 -3.096588e-02 9.980018e-01 1.926517e+00
8.830919e-01 -4.649186e-01 -6.324086e-02 3.277008e+01 4.660202e-01 8.847688e-01 3.054478e-03 1.078760e+01 5.453346e-02 -3.216890e-02 9.979936e-01 1.975584e+00
8.800275e-01 -4.709419e-01 -6.136195e-02 3.358491e+01 4.719906e-01 8.815985e-01 2.982435e-03 1.124220e+01 5.269206e-02 -3.158689e-02 9.981111e-01 2.020164e+00
8.774363e-01 -4.760117e-01 -5.931690e-02 3.443890e+01 4.769194e-01 8.789461e-01 1.312901e-03 1.172501e+01 5.151140e-02 -2.944137e-02 9.982383e-01 2.074574e+00
8.745884e-01 -4.813359e-01 -5.840375e-02 3.527623e+01 4.821772e-01 8.760737e-01 3.569475e-04 1.218806e+01 5.099418e-02 -2.847314e-02 9.982930e-01 2.130222e+00
8.725160e-01 -4.850942e-01 -5.830482e-02 3.610941e+01 4.859135e-01 8.740069e-01 -1.440240e-04 1.266432e+01 5.102868e-02 -2.820544e-02 9.982988e-01 2.188117e+00
8.711276e-01 -4.874801e-01 -5.915937e-02 3.699460e+01 4.883409e-01 8.726529e-01 1.053399e-04 1.316040e+01 5.157425e-02 -2.898170e-02 9.982485e-01 2.238578e+00
8.705963e-01 -4.883941e-01 -5.944223e-02 3.786739e+01 4.893089e-01 8.721101e-01 9.600886e-04 1.364916e+01 5.137126e-02 -2.992146e-02 9.982313e-01 2.291795e+00
8.707505e-01 -4.881809e-01 -5.893208e-02 3.878940e+01 4.890980e-01 8.722279e-01 1.310937e-03 1.416065e+01 5.076222e-02 -2.996506e-02 9.982612e-01 2.355830e+00
8.704107e-01 -4.891533e-01 -5.580553e-02 3.969110e+01 4.898201e-01 8.718214e-01 -1.964736e-03 1.467612e+01 4.961351e-02 -2.562454e-02 9.984397e-01 2.422511e+00
8.699083e-01 -4.901009e-01 -5.532367e-02 4.059393e+01 4.906690e-01 8.713381e-01 -3.733527e-03 1.518526e+01 5.003542e-02 -2.389778e-02 9.984615e-01 2.481940e+00
8.686374e-01 -4.925685e-01 -5.334150e-02 4.154329e+01 4.929166e-01 8.700457e-01 -7.334916e-03 1.571517e+01 5.002249e-02 -1.992153e-02 9.985494e-01 2.558820e+00
8.677165e-01 -4.943560e-01 -5.177189e-02 4.245485e+01 4.946174e-01 8.690690e-01 -8.533405e-03 1.621995e+01 4.921188e-02 -1.820270e-02 9.986225e-01 2.615278e+00
8.659761e-01 -4.977084e-01 -4.870050e-02 4.340698e+01 4.979365e-01 8.671747e-01 -8.193377e-03 1.675631e+01 4.630976e-02 -1.715448e-02 9.987798e-01 2.667420e+00
8.634841e-01 -5.024122e-01 -4.446458e-02 4.433940e+01 5.025584e-01 8.645001e-01 -8.641534e-03 1.727900e+01 4.278125e-02 -1.488422e-02 9.989736e-01 2.718141e+00
8.599892e-01 -5.085412e-01 -4.247809e-02 4.524850e+01 5.086439e-01 8.609282e-01 -9.162977e-03 1.779796e+01 4.123034e-02 -1.372616e-02 9.990554e-01 2.779602e+00
8.542458e-01 -5.180553e-01 -4.339223e-02 4.616740e+01 5.180570e-01 8.552607e-01 -1.208205e-02 1.835481e+01 4.337084e-02 -1.215860e-02 9.989851e-01 2.829880e+00
8.485480e-01 -5.272940e-01 -4.390160e-02 4.707869e+01 5.271012e-01 8.496364e-01 -1.679965e-02 1.892682e+01 4.615875e-02 -8.885277e-03 9.988946e-01 2.915534e+00
8.424022e-01 -5.371010e-01 -4.337215e-02 4.797770e+01 5.368963e-01 8.434723e-01 -1.722840e-02 1.951289e+01 4.583660e-02 -8.773101e-03 9.989104e-01 2.969776e+00
8.365352e-01 -5.464067e-01 -4.060103e-02 4.888134e+01 5.463709e-01 8.374431e-01 -1.295645e-02 2.010971e+01 4.108055e-02 -1.134470e-02 9.990914e-01 2.992702e+00
8.315390e-01 -5.540915e-01 -3.905880e-02 4.975206e+01 5.542267e-01 8.323247e-01 -8.267850e-03 2.070289e+01 3.709075e-02 -1.477239e-02 9.992027e-01 3.025790e+00
8.275701e-01 -5.598578e-01 -4.107314e-02 5.063437e+01 5.600618e-01 8.284174e-01 -7.440432e-03 2.130612e+01 3.819128e-02 -1.684601e-02 9.991285e-01 3.069693e+00
8.246160e-01 -5.639198e-01 -4.475494e-02 5.151070e+01 5.641044e-01 8.256477e-01 -9.599469e-03 2.194041e+01 4.236514e-02 -1.733058e-02 9.989519e-01 3.128435e+00
8.211229e-01 -5.685910e-01 -4.961337e-02 5.238047e+01 5.687389e-01 8.224237e-01 -1.245989e-02 2.256621e+01 4.788780e-02 -1.798595e-02 9.986908e-01 3.214244e+00
8.179083e-01 -5.730389e-01 -5.150247e-02 5.325872e+01 5.732181e-01 8.193046e-01 -1.268950e-02 2.320192e+01 4.946779e-02 -1.914330e-02 9.985923e-01 3.254882e+00
8.153528e-01 -5.769249e-01 -4.855344e-02 5.411846e+01 5.770847e-01 8.165950e-01 -1.207680e-02 2.380191e+01 4.661591e-02 -1.817259e-02 9.987476e-01 3.326350e+00
8.118523e-01 -5.822064e-01 -4.394896e-02 5.502801e+01 5.824092e-01 8.128418e-01 -9.362492e-03 2.443557e+01 4.117446e-02 -1.799532e-02 9.989899e-01 3.383921e+00
8.093989e-01 -5.856798e-01 -4.304120e-02 5.592266e+01 5.859566e-01 8.103105e-01 -7.199370e-03 2.506602e+01 3.909326e-02 -1.939311e-02 9.990473e-01 3.440367e+00
8.062376e-01 -5.899312e-01 -4.429660e-02 5.677878e+01 5.902782e-01 8.071762e-01 -6.183902e-03 2.570235e+01 3.940324e-02 -2.116162e-02 9.989993e-01 3.487316e+00
8.025553e-01 -5.949196e-01 -4.444926e-02 5.764111e+01 5.952128e-01 8.035307e-01 -7.761731e-03 2.636948e+01 4.033395e-02 -2.022755e-02 9.989815e-01 3.541324e+00
7.988921e-01 -5.997820e-01 -4.508761e-02 5.850270e+01 5.999911e-01 7.999411e-01 -1.025037e-02 2.702384e+01 4.221542e-02 -1.886322e-02 9.989305e-01 3.617726e+00
7.945727e-01 -6.055267e-01 -4.462760e-02 5.933408e+01 6.057102e-01 7.956116e-01 -1.082965e-02 2.768397e+01 4.206387e-02 -1.842645e-02 9.989450e-01 3.679227e+00
7.901339e-01 -6.113914e-01 -4.346251e-02 6.023395e+01 6.115369e-01 7.911336e-01 -1.141750e-02 2.837608e+01 4.136521e-02 -1.755757e-02 9.989898e-01 3.728024e+00
7.856017e-01 -6.172346e-01 -4.302774e-02 6.108432e+01 6.173792e-01 7.865826e-01 -1.143303e-02 2.906101e+01 4.090174e-02 -1.758263e-02 9.990085e-01 3.775556e+00
7.803152e-01 -6.238604e-01 -4.366384e-02 6.192842e+01 6.239830e-01 7.813389e-01 -1.243536e-02 2.975476e+01 4.187419e-02 -1.754199e-02 9.989689e-01 3.831390e+00
7.747468e-01 -6.307384e-01 -4.400510e-02 6.278110e+01 6.308310e-01 7.758027e-01 -1.350435e-02 3.044498e+01 4.265699e-02 -1.729732e-02 9.989401e-01 3.896363e+00
7.687430e-01 -6.379703e-01 -4.503450e-02 6.363286e+01 6.380857e-01 7.698447e-01 -1.363724e-02 3.114249e+01 4.336972e-02 -1.825233e-02 9.988924e-01 3.953924e+00
7.627846e-01 -6.450227e-01 -4.588550e-02 6.449516e+01 6.451451e-01 7.639305e-01 -1.407413e-02 3.186877e+01 4.413146e-02 -1.886727e-02 9.988475e-01 4.010138e+00
7.568098e-01 -6.520931e-01 -4.487174e-02 6.529919e+01 6.520939e-01 7.579556e-01 -1.663779e-02 3.259661e+01 4.486017e-02 -1.666895e-02 9.988542e-01 4.076995e+00
7.504671e-01 -6.593883e-01 -4.479142e-02 6.614180e+01 6.593904e-01 7.516124e-01 -1.682560e-02 3.331437e+01 4.476039e-02 -1.690797e-02 9.988546e-01 4.140814e+00
7.448610e-01 -6.657642e-01 -4.404824e-02 6.697036e+01 6.657779e-01 7.459677e-01 -1.649566e-02 3.405362e+01 4.384078e-02 -1.703937e-02 9.988932e-01 4.195060e+00
7.384703e-01 -6.728633e-01 -4.377967e-02 6.779217e+01 6.728848e-01 7.395643e-01 -1.645171e-02 3.480667e+01 4.344764e-02 -1.730958e-02 9.989057e-01 4.245584e+00
7.323481e-01 -6.795053e-01 -4.403221e-02 6.860422e+01 6.795036e-01 7.334679e-01 -1.730982e-02 3.557460e+01 4.405833e-02 -1.724323e-02 9.988801e-01 4.304108e+00
7.254457e-01 -6.868029e-01 -4.506001e-02 6.943112e+01 6.867778e-01 7.266322e-01 -1.848897e-02 3.635625e+01 4.544033e-02 -1.753347e-02 9.988132e-01 4.373953e+00
7.187656e-01 -6.937673e-01 -4.541988e-02 7.027182e+01 6.938004e-01 7.199522e-01 -1.760238e-02 3.715175e+01 4.491210e-02 -1.886034e-02 9.988129e-01 4.440176e+00
7.132581e-01 -6.994913e-01 -4.443961e-02 7.108632e+01 6.995192e-01 7.143992e-01 -1.751474e-02 3.794255e+01 4.399903e-02 -1.859383e-02 9.988585e-01 4.494326e+00
7.085629e-01 -7.041793e-01 -4.549827e-02 7.188467e+01 7.042820e-01 7.097295e-01 -1.645556e-02 3.875112e+01 4.387913e-02 -2.038382e-02 9.988289e-01 4.551083e+00
7.037737e-01 -7.089307e-01 -4.604100e-02 7.269527e+01 7.090330e-01 7.049727e-01 -1.689918e-02 3.958210e+01 4.443800e-02 -2.075139e-02 9.987966e-01 4.608704e+00
6.984050e-01 -7.141750e-01 -4.673881e-02 7.351928e+01 7.142003e-01 6.996804e-01 -1.910922e-02 4.042527e+01 4.634956e-02 -2.003489e-02 9.987243e-01 4.680229e+00
6.931009e-01 -7.193054e-01 -4.701921e-02 7.429626e+01 7.192449e-01 6.944317e-01 -2.124942e-02 4.124718e+01 4.793645e-02 -1.909033e-02 9.986680e-01 4.747495e+00
6.883500e-01 -7.237950e-01 -4.790805e-02 7.511395e+01 7.237241e-01 6.897386e-01 -2.199870e-02 4.213493e+01 4.896658e-02 -1.952941e-02 9.986095e-01 4.812523e+00
6.838919e-01 -7.280700e-01 -4.696807e-02 7.592919e+01 7.279963e-01 6.852326e-01 -2.185622e-02 4.300294e+01 4.809691e-02 -1.924529e-02 9.986572e-01 4.866340e+00
6.795148e-01 -7.322348e-01 -4.573798e-02 7.672855e+01 7.321699e-01 6.807877e-01 -2.134074e-02 4.385357e+01 4.676428e-02 -1.898662e-02 9.987255e-01 4.937904e+00
6.745836e-01 -7.368172e-01 -4.513642e-02 7.752445e+01 7.366925e-01 6.758513e-01 -2.255910e-02 4.471828e+01 4.712745e-02 -1.803367e-02 9.987261e-01 4.997290e+00
6.698365e-01 -7.411709e-01 -4.454995e-02 7.831203e+01 7.410092e-01 6.710906e-01 -2.329445e-02 4.560158e+01 4.716222e-02 -1.740845e-02 9.987355e-01 5.057596e+00
6.658061e-01 -7.448459e-01 -4.366706e-02 7.909763e+01 7.446342e-01 6.670345e-01 -2.418257e-02 4.650687e+01 4.713973e-02 -1.641508e-02 9.987534e-01 5.121066e+00
6.620954e-01 -7.482442e-01 -4.195817e-02 7.987672e+01 7.479598e-01 6.632620e-01 -2.529204e-02 4.740614e+01 4.675388e-02 -1.463728e-02 9.987992e-01 5.176168e+00
6.590005e-01 -7.510029e-01 -4.138885e-02 8.067400e+01 7.505960e-01 6.601759e-01 -2.780784e-02 4.831305e+01 4.820769e-02 -1.274093e-02 9.987561e-01 5.243792e+00
6.544656e-01 -7.550077e-01 -4.047637e-02 8.147046e+01 7.543827e-01 6.556472e-01 -3.214742e-02 4.923731e+01 5.080977e-02 -9.495297e-03 9.986632e-01 5.325744e+00
6.495254e-01 -7.594105e-01 -3.758263e-02 8.226709e+01 7.585351e-01 6.505953e-01 -3.674737e-02 5.015874e+01 5.235742e-02 -4.639389e-03 9.986176e-01 5.386941e+00
6.431264e-01 -7.649813e-01 -3.452636e-02 8.305137e+01 7.639313e-01 6.440522e-01 -4.007304e-02 5.105750e+01 5.289191e-02 -6.037277e-04 9.986001e-01 5.468962e+00
6.350226e-01 -7.718982e-01 -3.032477e-02 8.380797e+01 7.706718e-01 6.357311e-01 -4.371511e-02 5.201204e+01 5.302201e-02 4.389637e-03 9.985837e-01 5.538260e+00
6.267800e-01 -7.787207e-01 -2.721977e-02 8.457576e+01 7.774409e-01 6.273298e-01 -4.519911e-02 5.294379e+01 5.227326e-02 7.168139e-03 9.986071e-01 5.612349e+00
6.178265e-01 -7.859215e-01 -2.485726e-02 8.535890e+01 7.846859e-01 6.182723e-01 -4.480354e-02 5.392826e+01 5.058062e-02 8.175674e-03 9.986865e-01 5.668342e+00
6.088847e-01 -7.928717e-01 -2.478080e-02 8.612165e+01 7.916512e-01 6.093420e-01 -4.461752e-02 5.490265e+01 5.047594e-02 7.549171e-03 9.986967e-01 5.744281e+00
5.995138e-01 -7.999513e-01 -2.571377e-02 8.686513e+01 7.986799e-01 6.000265e-01 -4.559104e-02 5.588137e+01 5.189955e-02 6.795389e-03 9.986292e-01 5.808881e+00
5.891877e-01 -8.075973e-01 -2.538423e-02 8.759050e+01 8.062202e-01 5.896844e-01 -4.776440e-02 5.687105e+01 5.354308e-02 7.676921e-03 9.985361e-01 5.891403e+00
5.796533e-01 -8.144295e-01 -2.658309e-02 8.832598e+01 8.129888e-01 5.802235e-01 -4.888678e-02 5.791451e+01 5.523897e-02 6.725627e-03 9.984505e-01 5.962220e+00
5.700751e-01 -8.212873e-01 -2.239615e-02 8.904871e+01 8.198070e-01 5.704210e-01 -5.036299e-02 5.892573e+01 5.413771e-02 1.035017e-02 9.984798e-01 6.041107e+00
5.601165e-01 -8.281429e-01 -2.118715e-02 8.978798e+01 8.266619e-01 5.604116e-01 -5.068679e-02 5.996988e+01 5.384943e-02 1.087590e-02 9.984899e-01 6.104840e+00
5.497980e-01 -8.350219e-01 -2.146309e-02 9.046835e+01 8.335100e-01 5.501204e-01 -5.127057e-02 6.101048e+01 5.461933e-02 1.029875e-02 9.984542e-01 6.186021e+00
5.395328e-01 -8.416712e-01 -2.222538e-02 9.113993e+01 8.401355e-01 5.399121e-01 -5.164606e-02 6.206331e+01 5.546875e-02 9.192415e-03 9.984181e-01 6.270537e+00
5.293714e-01 -8.480479e-01 -2.409722e-02 9.180650e+01 8.464943e-01 5.298731e-01 -5.178688e-02 6.312800e+01 5.668623e-02 7.016337e-03 9.983674e-01 6.363863e+00
5.191562e-01 -8.543144e-01 -2.497663e-02 9.244149e+01 8.527374e-01 5.197242e-01 -5.220919e-02 6.420007e+01 5.758402e-02 5.806225e-03 9.983238e-01 6.449508e+00
5.095736e-01 -8.600670e-01 -2.489403e-02 9.309809e+01 8.584956e-01 5.101543e-01 -5.222989e-02 6.530080e+01 5.762100e-02 5.243556e-03 9.983248e-01 6.530747e+00
5.005950e-01 -8.653458e-01 -2.410962e-02 9.373328e+01 8.638217e-01 5.011504e-01 -5.157799e-02 6.640578e+01 5.671534e-02 4.993278e-03 9.983779e-01 6.602099e+00
4.923619e-01 -8.701075e-01 -2.219955e-02 9.433952e+01 8.686510e-01 4.928297e-01 -5.064064e-02 6.751614e+01 5.500339e-02 5.649865e-03 9.984702e-01 6.688697e+00
4.847581e-01 -8.743782e-01 -2.173761e-02 9.496345e+01 8.729215e-01 4.852125e-01 -5.076483e-02 6.864429e+01 5.493501e-02 5.633443e-03 9.984741e-01 6.765485e+00
4.772161e-01 -8.785052e-01 -2.221978e-02 9.557555e+01 8.769375e-01 4.776991e-01 -5.276768e-02 6.977502e+01 5.697104e-02 5.696230e-03 9.983596e-01 6.872563e+00
4.710547e-01 -8.818473e-01 -2.127344e-02 9.618363e+01 8.801391e-01 4.714776e-01 -5.535370e-02 7.090816e+01 5.884346e-02 7.351036e-03 9.982402e-01 6.961325e+00
4.649103e-01 -8.851071e-01 -2.106864e-02 9.679791e+01 8.832967e-01 4.653195e-01 -5.713728e-02 7.202605e+01 6.037625e-02 7.953852e-03 9.981440e-01 7.048302e+00
4.602960e-01 -8.874813e-01 -2.246493e-02 9.740854e+01 8.855575e-01 4.607877e-01 -5.884336e-02 7.315471e+01 6.257394e-02 7.191370e-03 9.980145e-01 7.166626e+00
4.556179e-01 -8.899186e-01 -2.138533e-02 9.800760e+01 8.879867e-01 4.560501e-01 -5.914319e-02 7.431207e+01 6.238541e-02 7.956811e-03 9.980204e-01 7.270988e+00
4.522920e-01 -8.916939e-01 -1.772091e-02 9.860004e+01 8.898250e-01 4.525105e-01 -5.870038e-02 7.547886e+01 6.036166e-02 1.078120e-02 9.981183e-01 7.358437e+00
4.491988e-01 -8.933234e-01 -1.393085e-02 9.918734e+01 8.915282e-01 4.492045e-01 -5.824853e-02 7.661745e+01 5.829256e-02 1.374542e-02 9.982049e-01 7.464672e+00
4.457108e-01 -8.950729e-01 -1.364936e-02 9.979883e+01 8.933259e-01 4.457175e-01 -5.748653e-02 7.780130e+01 5.753839e-02 1.342903e-02 9.982530e-01 7.567786e+00
4.434913e-01 -8.961741e-01 -1.369509e-02 1.003860e+02 8.944628e-01 4.435132e-01 -5.685461e-02 7.890985e+01 5.702558e-02 1.296478e-02 9.982885e-01 7.672083e+00
4.422315e-01 -8.968264e-01 -1.155896e-02 1.009575e+02 8.951026e-01 4.421238e-01 -5.760192e-02 8.005344e+01 5.676943e-02 1.512692e-02 9.982727e-01 7.761309e+00
4.395784e-01 -8.981358e-01 -1.109099e-02 1.015205e+02 8.965037e-01 4.394721e-01 -5.608332e-02 8.117955e+01 5.524462e-02 1.470990e-02 9.983645e-01 7.861511e+00
4.377349e-01 -8.990455e-01 -1.025817e-02 1.020661e+02 8.974362e-01 4.375890e-01 -5.589277e-02 8.229712e+01 5.473901e-02 1.526015e-02 9.983841e-01 7.954732e+00
4.354507e-01 -9.001640e-01 -9.355658e-03 1.026095e+02 8.985845e-01 4.352644e-01 -5.559430e-02 8.342503e+01 5.411617e-02 1.580173e-02 9.984096e-01 8.042691e+00
4.333731e-01 -9.011871e-01 -7.043025e-03 1.031587e+02 8.996943e-01 4.330826e-01 -5.467931e-02 8.455867e+01 5.232650e-02 1.735998e-02 9.984791e-01 8.119933e+00
4.314156e-01 -9.021345e-01 -5.844422e-03 1.036981e+02 9.007039e-01 4.310804e-01 -5.387290e-02 8.569138e+01 5.112001e-02 1.797752e-02 9.985307e-01 8.202253e+00
4.299468e-01 -9.028317e-01 -6.389320e-03 1.042466e+02 9.014043e-01 4.296464e-01 -5.361325e-02 8.678176e+01 5.114888e-02 1.729149e-02 9.985414e-01 8.287496e+00
4.284502e-01 -9.035596e-01 -3.203859e-03 1.047085e+02 9.021379e-01 4.279699e-01 -5.467042e-02 8.776228e+01 5.076914e-02 2.053323e-02 9.984993e-01 8.356999e+00
4.285244e-01 -9.035271e-01 -2.347160e-03 1.052255e+02 9.020435e-01 4.279668e-01 -5.623090e-02 8.885130e+01 5.181065e-02 2.197907e-02 9.984151e-01 8.447036e+00
4.291127e-01 -9.032342e-01 -5.509466e-03 1.056949e+02 9.017189e-01 4.287320e-01 -5.560536e-02 8.985896e+01 5.258674e-02 1.889298e-02 9.984376e-01 8.538091e+00
4.313617e-01 -9.021556e-01 -6.522815e-03 1.061683e+02 9.006054e-01 4.310248e-01 -5.592475e-02 9.089155e+01 5.326432e-02 1.824932e-02 9.984137e-01 8.612298e+00
4.348572e-01 -9.004456e-01 -9.833737e-03 1.066190e+02 8.988681e-01 4.347006e-01 -5.541890e-02 9.188732e+01 5.417644e-02 1.526007e-02 9.984148e-01 8.695772e+00
4.398948e-01 -8.979795e-01 -1.120395e-02 1.071165e+02 8.964106e-01 4.398113e-01 -5.490211e-02 9.294078e+01 5.422858e-02 1.410782e-02 9.984289e-01 8.778938e+00
4.459596e-01 -8.949844e-01 -1.109287e-02 1.076050e+02 8.934014e-01 4.458550e-01 -5.520215e-02 9.396684e+01 5.435087e-02 1.470754e-02 9.984136e-01 8.849754e+00
4.531309e-01 -8.913707e-01 -1.142784e-02 1.080963e+02 8.898024e-01 4.530370e-01 -5.485541e-02 9.497612e+01 5.407374e-02 1.468815e-02 9.984289e-01 8.929347e+00
4.618504e-01 -8.868600e-01 -1.317163e-02 1.086194e+02 8.853019e-01 4.618443e-01 -5.422343e-02 9.598780e+01 5.417183e-02 1.338224e-02 9.984419e-01 9.010036e+00
4.706259e-01 -8.822170e-01 -1.429839e-02 1.091469e+02 8.806953e-01 4.706776e-01 -5.327599e-02 9.697613e+01 5.373091e-02 1.248054e-02 9.984775e-01 9.084050e+00
4.785519e-01 -8.779459e-01 -1.410889e-02 1.096295e+02 8.764663e-01 4.785895e-01 -5.252586e-02 9.792663e+01 5.286724e-02 1.277038e-02 9.985199e-01 9.145943e+00
4.881797e-01 -8.726112e-01 -1.517011e-02 1.101717e+02 8.710852e-01 4.882497e-01 -5.312946e-02 9.889810e+01 5.376816e-02 1.272227e-02 9.984724e-01 9.222537e+00
4.985326e-01 -8.666831e-01 -1.804470e-02 1.107070e+02 8.650944e-01 4.987351e-01 -5.361953e-02 9.988033e+01 5.547066e-02 1.112072e-02 9.983984e-01 9.302894e+00
5.098737e-01 -8.600042e-01 -2.053589e-02 1.112561e+02 8.583903e-01 5.101955e-01 -5.354169e-02 1.008648e+02 5.652339e-02 9.671703e-03 9.983544e-01 9.382710e+00
5.221761e-01 -8.525072e-01 -2.373997e-02 1.118112e+02 8.509488e-01 5.226693e-01 -5.198904e-02 1.017928e+02 5.672919e-02 6.945933e-03 9.983655e-01 9.450702e+00
5.345445e-01 -8.447990e-01 -2.401916e-02 1.124178e+02 8.433087e-01 5.350406e-01 -5.061593e-02 1.027226e+02 5.561151e-02 6.800902e-03 9.984293e-01 9.521669e+00
5.463382e-01 -8.372267e-01 -2.379129e-02 1.129971e+02 8.357806e-01 5.468075e-01 -4.972372e-02 1.036370e+02 5.463928e-02 7.281680e-03 9.984796e-01 9.601890e+00
5.583633e-01 -8.292184e-01 -2.504668e-02 1.136005e+02 8.278177e-01 5.588881e-01 -4.860147e-02 1.045577e+02 5.429952e-02 6.403191e-03 9.985042e-01 9.678601e+00
5.695540e-01 -8.215221e-01 -2.664204e-02 1.142116e+02 8.201285e-01 5.701494e-01 -4.815431e-02 1.054470e+02 5.474977e-02 5.576574e-03 9.984846e-01 9.749067e+00
5.803455e-01 -8.139007e-01 -2.765565e-02 1.148143e+02 8.124558e-01 5.809743e-01 -4.883004e-02 1.062959e+02 5.581003e-02 5.869296e-03 9.984242e-01 9.818850e+00
5.918610e-01 -8.055086e-01 -2.926601e-02 1.154202e+02 8.040605e-01 5.925612e-01 -4.855917e-02 1.071524e+02 5.645673e-02 5.208642e-03 9.983914e-01 9.880170e+00
6.023117e-01 -7.978006e-01 -2.710826e-02 1.160221e+02 7.962874e-01 6.028625e-01 -4.983284e-02 1.079594e+02 5.609922e-02 8.428941e-03 9.983896e-01 9.966762e+00
6.121442e-01 -7.903436e-01 -2.522925e-02 1.166599e+02 7.888643e-01 6.125764e-01 -4.943149e-02 1.088024e+02 5.452270e-02 1.035675e-02 9.984588e-01 1.005052e+01
6.227140e-01 -7.821118e-01 -2.298806e-02 1.173232e+02 7.807036e-01 6.230179e-01 -4.848334e-02 1.096390e+02 5.224136e-02 1.224439e-02 9.985594e-01 1.013362e+01
6.325085e-01 -7.742017e-01 -2.333876e-02 1.179523e+02 7.728376e-01 6.328253e-01 -4.747894e-02 1.104195e+02 5.152763e-02 1.199376e-02 9.985995e-01 1.021346e+01
6.425349e-01 -7.658333e-01 -2.546436e-02 1.185990e+02 7.644794e-01 6.429526e-01 -4.672502e-02 1.111918e+02 5.215595e-02 1.055548e-02 9.985831e-01 1.028791e+01
6.520795e-01 -7.577235e-01 -2.544715e-02 1.192162e+02 7.563309e-01 6.524720e-01 -4.737033e-02 1.119443e+02 5.249716e-02 1.164275e-02 9.985532e-01 1.036441e+01
6.606740e-01 -7.502430e-01 -2.540441e-02 1.198543e+02 7.488495e-01 6.610491e-01 -4.731423e-02 1.126974e+02 5.229073e-02 1.223520e-02 9.985570e-01 1.042677e+01
6.697731e-01 -7.421015e-01 -2.625745e-02 1.205007e+02 7.408134e-01 6.702024e-01 -4.499105e-02 1.134190e+02 5.098573e-02 1.068192e-02 9.986423e-01 1.048293e+01
6.785172e-01 -7.341318e-01 -2.578752e-02 1.211734e+02 7.328528e-01 6.789095e-01 -4.481956e-02 1.141470e+02 5.041085e-02 1.151240e-02 9.986622e-01 1.054620e+01
6.864278e-01 -7.267650e-01 -2.508886e-02 1.217901e+02 7.254825e-01 6.867692e-01 -4.498127e-02 1.148270e+02 4.992107e-02 1.267487e-02 9.986727e-01 1.062006e+01
6.941196e-01 -7.194021e-01 -2.566233e-02 1.224470e+02 7.181196e-01 6.944789e-01 -4.475919e-02 1.155637e+02 5.002180e-02 1.263961e-02 9.986681e-01 1.067609e+01
7.011114e-01 -7.125866e-01 -2.574926e-02 1.230911e+02 7.113627e-01 7.014785e-01 -4.348572e-02 1.162424e+02 4.904990e-02 1.217127e-02 9.987222e-01 1.073387e+01
7.084958e-01 -7.052534e-01 -2.552373e-02 1.237814e+02 7.042008e-01 7.088810e-01 -3.986277e-02 1.169002e+02 4.620663e-02 1.026878e-02 9.988791e-01 1.079451e+01
7.151788e-01 -6.984987e-01 -2.487724e-02 1.244350e+02 6.975118e-01 7.155391e-01 -3.848653e-02 1.175515e+02 4.468343e-02 1.017259e-02 9.989494e-01 1.085110e+01
7.228322e-01 -6.905611e-01 -2.527693e-02 1.250927e+02 6.896108e-01 7.232095e-01 -3.748264e-02 1.181861e+02 4.416457e-02 9.662417e-03 9.989775e-01 1.089486e+01
7.300038e-01 -6.829508e-01 -2.593599e-02 1.257589e+02 6.820064e-01 7.304038e-01 -3.711388e-02 1.188156e+02 4.429070e-02 9.404762e-03 9.989744e-01 1.096290e+01
7.377467e-01 -6.745293e-01 -2.720552e-02 1.263899e+02 6.736968e-01 7.382158e-01 -3.420670e-02 1.194470e+02 4.315697e-02 6.907601e-03 9.990444e-01 1.099292e+01
7.457616e-01 -6.656994e-01 -2.615299e-02 1.270316e+02 6.649667e-01 7.461928e-01 -3.186941e-02 1.200172e+02 4.073062e-02 6.376122e-03 9.991498e-01 1.104301e+01
7.545322e-01 -6.557438e-01 -2.610119e-02 1.276802e+02 6.551122e-01 7.549675e-01 -2.919340e-02 1.205974e+02 3.884894e-02 4.928155e-03 9.992329e-01 1.107809e+01
7.641627e-01 -6.444895e-01 -2.624355e-02 1.283606e+02 6.439307e-01 7.646037e-01 -2.709926e-02 1.211451e+02 3.753110e-02 3.809215e-03 9.992882e-01 1.111764e+01
7.739641e-01 -6.326103e-01 -2.799594e-02 1.290308e+02 6.320681e-01 7.744656e-01 -2.632238e-02 1.217109e+02 3.833371e-02 2.677236e-03 9.992614e-01 1.115608e+01
7.838594e-01 -6.202632e-01 -2.894990e-02 1.296804e+02 6.197020e-01 7.843887e-01 -2.653085e-02 1.222264e+02 3.916408e-02 2.856153e-03 9.992287e-01 1.120895e+01
7.930515e-01 -6.084629e-01 -2.902273e-02 1.303474e+02 6.078997e-01 7.935756e-01 -2.637790e-02 1.227346e+02 3.908170e-02 3.276126e-03 9.992306e-01 1.126015e+01
8.025559e-01 -5.958830e-01 -2.876532e-02 1.310103e+02 5.953701e-01 8.030663e-01 -2.488130e-02 1.232330e+02 3.792680e-02 2.842628e-03 9.992765e-01 1.127810e+01
8.119583e-01 -5.830736e-01 -2.736797e-02 1.316637e+02 5.826164e-01 8.124141e-01 -2.327307e-02 1.237077e+02 3.580403e-02 2.951742e-03 9.993545e-01 1.132084e+01
8.220443e-01 -5.688717e-01 -2.506447e-02 1.324046e+02 5.684922e-01 8.224208e-01 -2.099434e-02 1.242237e+02 3.255663e-02 3.009317e-03 9.994653e-01 1.136846e+01
8.306410e-01 -5.563391e-01 -2.285481e-02 1.330942e+02 5.560069e-01 8.309479e-01 -1.954255e-02 1.246944e+02 2.986344e-02 3.525411e-03 9.995478e-01 1.142193e+01
8.384569e-01 -5.445611e-01 -2.105203e-02 1.338119e+02 5.442528e-01 8.387100e-01 -1.882738e-02 1.251557e+02 2.790921e-02 4.328326e-03 9.996011e-01 1.144914e+01
8.455858e-01 -5.334750e-01 -1.972767e-02 1.345585e+02 5.331697e-01 8.457985e-01 -1.884228e-02 1.255964e+02 2.673751e-02 5.414573e-03 9.996278e-01 1.148890e+01
8.519411e-01 -5.232792e-01 -1.936967e-02 1.352693e+02 5.229732e-01 8.521407e-01 -1.885133e-02 1.260315e+02 2.637019e-02 5.930410e-03 9.996347e-01 1.152830e+01
8.583125e-01 -5.127566e-01 -1.950351e-02 1.359750e+02 5.124701e-01 8.585168e-01 -1.798094e-02 1.264824e+02 2.596394e-02 5.438306e-03 9.996481e-01 1.154196e+01
8.645539e-01 -5.021594e-01 -1.955746e-02 1.366961e+02 5.019053e-01 8.647632e-01 -1.660566e-02 1.269183e+02 2.525126e-02 4.540500e-03 9.996708e-01 1.157001e+01
8.701732e-01 -4.923659e-01 -1.934930e-02 1.374061e+02 4.921359e-01 8.703790e-01 -1.558160e-02 1.273356e+02 2.451307e-02 4.036203e-03 9.996914e-01 1.158528e+01
8.759879e-01 -4.819501e-01 -1.921513e-02 1.381806e+02 4.817081e-01 8.761858e-01 -1.599520e-02 1.277556e+02 2.454491e-02 4.755521e-03 9.996874e-01 1.162476e+01
8.809961e-01 -4.727183e-01 -1.957540e-02 1.389467e+02 4.724527e-01 8.811962e-01 -1.678539e-02 1.281536e+02 2.518453e-02 5.539413e-03 9.996675e-01 1.166022e+01
8.853980e-01 -4.644105e-01 -1.983205e-02 1.397317e+02 4.641279e-01 8.855989e-01 -1.731908e-02 1.285488e+02 2.560640e-02 6.129673e-03 9.996533e-01 1.169094e+01
8.886887e-01 -4.581015e-01 -1.937664e-02 1.404846e+02 4.578378e-01 8.888803e-01 -1.662609e-02 1.289673e+02 2.483995e-02 5.904060e-03 9.996740e-01 1.171174e+01
8.914983e-01 -4.526953e-01 -1.725572e-02 1.412636e+02 4.524778e-01 8.916471e-01 -1.513993e-02 1.293660e+02 2.223979e-02 5.689386e-03 9.997365e-01 1.175169e+01
8.954337e-01 -4.449771e-01 -1.392134e-02 1.420986e+02 4.448637e-01 8.955360e-01 -1.056418e-02 1.297857e+02 1.716788e-02 3.266427e-03 9.998473e-01 1.177308e+01
8.984290e-01 -4.389451e-01 -1.235256e-02 1.429126e+02 4.388786e-01 8.985125e-01 -7.806780e-03 1.301984e+02 1.452568e-02 1.592564e-03 9.998932e-01 1.178607e+01
9.009362e-01 -4.338000e-01 -1.146275e-02 1.437249e+02 4.337606e-01 9.010091e-01 -5.861804e-03 1.305970e+02 1.287090e-02 3.090227e-04 9.999171e-01 1.180808e+01
9.034776e-01 -4.285133e-01 -1.022626e-02 1.445298e+02 4.284943e-01 9.035352e-01 -4.088807e-03 1.309874e+02 1.099189e-02 -6.877480e-04 9.999393e-01 1.181943e+01
9.066734e-01 -4.217527e-01 -8.244171e-03 1.453963e+02 4.217427e-01 9.067106e-01 -2.992852e-03 1.313970e+02 8.737320e-03 -7.633800e-04 9.999616e-01 1.184686e+01
9.100544e-01 -4.144406e-01 -6.324516e-03 1.462648e+02 4.144317e-01 9.100764e-01 -2.713912e-03 1.317884e+02 6.880547e-03 -1.512727e-04 9.999763e-01 1.187421e+01
9.136330e-01 -4.065038e-01 -5.430022e-03 1.471640e+02 4.064938e-01 9.136490e-01 -2.875801e-03 1.321897e+02 6.130158e-03 4.201558e-04 9.999811e-01 1.189698e+01
9.172732e-01 -3.982255e-01 -5.141029e-03 1.480658e+02 3.982141e-01 9.172872e-01 -3.127564e-03 1.325757e+02 5.961276e-03 8.216002e-04 9.999819e-01 1.189146e+01
9.212705e-01 -3.888967e-01 -4.470348e-03 1.489903e+02 3.888741e-01 9.212764e-01 -5.172995e-03 1.329654e+02 6.130187e-03 3.027325e-03 9.999766e-01 1.194539e+01
9.253063e-01 -3.791896e-01 -4.859923e-03 1.499265e+02 3.791593e-01 9.253111e-01 -6.136224e-03 1.333646e+02 6.823733e-03 3.835201e-03 9.999694e-01 1.194749e+01
9.299209e-01 -3.677091e-01 -6.103073e-03 1.508801e+02 3.676677e-01 9.299313e-01 -6.938306e-03 1.337360e+02 8.226718e-03 4.208172e-03 9.999573e-01 1.196433e+01
9.349732e-01 -3.546406e-01 -7.420466e-03 1.518174e+02 3.546071e-01 9.349994e-01 -5.474219e-03 1.341261e+02 8.879512e-03 2.486898e-03 9.999575e-01 1.196712e+01
9.408884e-01 -3.386190e-01 -8.132159e-03 1.528198e+02 3.386143e-01 9.409232e-01 -1.993617e-03 1.344724e+02 8.326814e-03 -8.778941e-04 9.999650e-01 1.199448e+01
9.473591e-01 -3.201084e-01 -6.438497e-03 1.538468e+02 3.201284e-01 9.473712e-01 2.351636e-03 1.348248e+02 5.346868e-03 -4.288990e-03 9.999765e-01 1.200856e+01
9.538136e-01 -3.003503e-01 -5.413333e-03 1.548555e+02 3.003786e-01 9.538041e-01 5.512042e-03 1.351637e+02 3.507717e-03 -6.883510e-03 9.999701e-01 1.202517e+01
9.600096e-01 -2.799262e-01 -4.778468e-03 1.558915e+02 2.799546e-01 9.599880e-01 6.960972e-03 1.354995e+02 2.638714e-03 -8.020354e-03 9.999644e-01 1.204644e+01
9.659682e-01 -2.586319e-01 -3.876691e-03 1.569311e+02 2.586560e-01 9.659342e-01 8.259697e-03 1.358148e+02 1.608407e-03 -8.981334e-03 9.999584e-01 1.204247e+01
9.714540e-01 -2.372233e-01 -1.535902e-03 1.580412e+02 2.372275e-01 9.714147e-01 8.750132e-03 1.360921e+02 -5.837370e-04 -8.864709e-03 9.999605e-01 1.206948e+01
9.764469e-01 -2.157517e-01 1.663132e-03 1.591118e+02 2.157207e-01 9.763921e-01 1.109391e-02 1.363510e+02 -4.017399e-03 -1.047385e-02 9.999371e-01 1.207329e+01
9.810334e-01 -1.937591e-01 5.559993e-03 1.602366e+02 1.936767e-01 9.809824e-01 1.276053e-02 1.366048e+02 -7.926723e-03 -1.144166e-02 9.999031e-01 1.209667e+01
9.851065e-01 -1.717133e-01 8.928047e-03 1.613486e+02 1.715710e-01 9.850603e-01 1.481653e-02 1.368230e+02 -1.133886e-02 -1.306406e-02 9.998504e-01 1.209792e+01
9.887769e-01 -1.490605e-01 1.005512e-02 1.624774e+02 1.488755e-01 9.887071e-01 1.716051e-02 1.369791e+02 -1.249952e-02 -1.547096e-02 9.998022e-01 1.207922e+01
9.918343e-01 -1.272175e-01 8.964208e-03 1.635925e+02 1.270562e-01 9.917547e-01 1.671621e-02 1.371441e+02 -1.101689e-02 -1.544076e-02 9.998201e-01 1.206051e+01
9.942914e-01 -1.063565e-01 8.538075e-03 1.647493e+02 1.062025e-01 9.942021e-01 1.683081e-02 1.372770e+02 -1.027864e-02 -1.582797e-02 9.998219e-01 1.204511e+01
9.962322e-01 -8.607460e-02 1.061312e-02 1.659732e+02 8.590016e-02 9.961765e-01 1.592272e-02 1.373729e+02 -1.194308e-02 -1.495105e-02 9.998169e-01 1.204714e+01
9.977118e-01 -6.641508e-02 1.265908e-02 1.671808e+02 6.619904e-02 9.976653e-01 1.678295e-02 1.374620e+02 -1.374417e-02 -1.590653e-02 9.997790e-01 1.205354e+01
9.988548e-01 -4.590547e-02 1.348033e-02 1.684460e+02 4.567062e-02 9.988077e-01 1.724167e-02 1.375022e+02 -1.425575e-02 -1.660627e-02 9.997604e-01 1.204826e+01
9.995836e-01 -2.519626e-02 1.406500e-02 1.697194e+02 2.493395e-02 9.995175e-01 1.852339e-02 1.375576e+02 -1.452493e-02 -1.816498e-02 9.997295e-01 1.203929e+01
9.998776e-01 -5.155542e-03 1.477299e-02 1.709704e+02 4.875419e-03 9.998088e-01 1.893557e-02 1.375552e+02 -1.486779e-02 -1.886122e-02 9.997116e-01 1.203363e+01
9.997665e-01 1.585597e-02 1.468462e-02 1.722308e+02 -1.615743e-02 9.996564e-01 2.064267e-02 1.375674e+02 -1.435226e-02 -2.087511e-02 9.996791e-01 1.201580e+01
9.992694e-01 3.541197e-02 1.437491e-02 1.734676e+02 -3.571300e-02 9.991360e-01 2.125509e-02 1.375606e+02 -1.360981e-02 -2.175293e-02 9.996707e-01 1.200917e+01
9.983712e-01 5.545094e-02 1.342390e-02 1.747197e+02 -5.574476e-02 9.981892e-01 2.260403e-02 1.374803e+02 -1.214618e-02 -2.331553e-02 9.996544e-01 1.200400e+01
9.971562e-01 7.438064e-02 1.212552e-02 1.759702e+02 -7.465464e-02 9.969212e-01 2.397365e-02 1.374418e+02 -1.030502e-02 -2.481069e-02 9.996390e-01 1.199834e+01
9.955809e-01 9.320964e-02 1.143483e-02 1.772339e+02 -9.346303e-02 9.953311e-01 2.409753e-02 1.373574e+02 -9.135320e-03 -2.505977e-02 9.996442e-01 1.199204e+01
9.936431e-01 1.121408e-01 9.891919e-03 1.784984e+02 -1.123499e-01 9.933788e-01 2.400375e-02 1.372339e+02 -7.134621e-03 -2.496251e-02 9.996629e-01 1.199749e+01
9.913579e-01 1.310811e-01 5.219818e-03 1.798056e+02 -1.311715e-01 9.910422e-01 2.508832e-02 1.371006e+02 -1.884454e-03 -2.555620e-02 9.996716e-01 1.200105e+01
9.887569e-01 1.495306e-01 -5.821129e-04 1.811150e+02 -1.494648e-01 9.884229e-01 2.608694e-02 1.369186e+02 4.476170e-03 -2.570664e-02 9.996595e-01 1.202058e+01
9.859335e-01 1.670612e-01 -5.056995e-03 1.824386e+02 -1.668468e-01 9.855512e-01 2.917254e-02 1.367045e+02 9.857529e-03 -2.791844e-02 9.995616e-01 1.202105e+01
9.826926e-01 1.850704e-01 -8.014920e-03 1.837622e+02 -1.847505e-01 9.823132e-01 3.046457e-02 1.364924e+02 1.351125e-02 -2.845655e-02 9.995037e-01 1.207140e+01
9.792459e-01 2.024640e-01 -9.264665e-03 1.850628e+02 -2.020633e-01 9.788169e-01 3.298285e-02 1.362441e+02 1.574625e-02 -3.042627e-02 9.994130e-01 1.209429e+01
9.754262e-01 2.201445e-01 -8.954128e-03 1.864572e+02 -2.197495e-01 9.750074e-01 3.272282e-02 1.359330e+02 1.593409e-02 -2.995103e-02 9.994243e-01 1.211137e+01
9.712478e-01 2.379054e-01 -8.874276e-03 1.878501e+02 -2.375151e-01 9.708526e-01 3.212225e-02 1.356061e+02 1.625767e-02 -2.909089e-02 9.994445e-01 1.214595e+01
